3 0.33203125 0.1865234375 0.3076171875 0.158203125 0.2724609375 0.142578125 0.2333984375 0.134765625 0.1728515625 0.13671875 0.1083984375 0.162109375 0.087890625 0.1865234375 0.08593750156249999 0.2119140625 0.107421875 0.2919921875 0.138671875 0.4599609375 0.1767578125 0.486328125 0.23828125 0.4892578125 0.2822265625 0.47265625 0.302734375 0.4462890625 0.31640625 0.2802734375 0.33203125 0.1865234375
3 0.23828125 0.4970703125 0.2353515625 0.4921875015625 0.1767578125 0.48828125 0.1474609375 0.47265625 0.134765625 0.4560546875 0.125 0.3955078125 0.1044921875 0.390625 0.0595703125 0.404296875 0.0380859375 0.41796875 0.015625 0.4443359375 0.013671875 0.4736328125 0.037109375 0.5458984375 0.07031249843750001 0.6923828125 0.0908203125 0.716796875 0.126953125 0.7255859375 0.14453125 0.6923828125 0.1953124984375 0.6455078125 0.228515625 0.6005859375 0.23828125 0.4970703125
3 0.58984375 0.2451171875 0.537109375 0.1650390625 0.5048828125 0.134765625 0.4404296875 0.19140625 0.3505859375 0.2578124984375 0.318359375 0.2900390625 0.310546875 0.3779296875 0.314453125 0.4013671875 0.3388671875 0.4296875015625 0.39453125 0.4345703125 0.5009765625 0.380859375 0.625 0.3349609375 0.62109375 0.3095703125 0.58984375 0.2451171875
3 0.4189453125 0.423828125 0.4052734375 0.435546875 0.3564453125 0.435546875 0.3115234375 0.41796875 0.306640625 0.4248046875 0.3046875015625 0.4560546875 0.318359375 0.5361328125 0.3603515625 0.5546875015625 0.38671875 0.5791015625 0.400390625 0.6123046875 0.3984375015625 0.6416015625 0.412109375 0.6455078125 0.486328125 0.5888671875 0.49609375 0.4599609375 0.5107421875 0.3828124984375 0.4189453125 0.423828125
3 0.373046875 0.7255859375 0.400390625 0.6630859375 0.39453125 0.6396484375 0.396484375 0.6044921875 0.3828124984375 0.5771484375 0.3564453125 0.5546875015625 0.3193359375 0.54296875 0.2900390625 0.544921875 0.2646484375 0.55859375 0.19140625 0.6533203125 0.146484375 0.6923828125 0.12890625 0.7314453125 0.12890625 0.7646484375 0.13671875 0.7861328125 0.1865234375 0.84375 0.2255859375 0.865234375 0.294921875 0.8681640625 0.3369140625 0.8515624984375 0.36328125 0.8212890625 0.375 0.7783203125 0.373046875 0.7255859375
3 0.73046875 0.8017578125 0.625 0.6943359375 0.5458984375 0.595703125 0.5126953125 0.58984375 0.4833984375 0.59765625 0.4423828125 0.625 0.41796875 0.6494140625 0.390625 0.6904296875 0.37890625 0.7255859375 0.380859375 0.7666015625 0.3935546875 0.783203125 0.4619140625 0.8203124984375 0.5712890625 0.8984375015625 0.6005859375 0.92578125 0.626953125 0.9326171875 0.6689453125 0.916015625 0.70703125 0.8779296875 0.728515625 0.8388671875 0.73046875 0.8017578125
3 0.72265625 0.5869140625 0.70703125 0.5244140625 0.70703125 0.5009765625 0.71484375 0.4814453125 0.736328125 0.4580078125 0.7421875015625 0.3916015625 0.6982421875 0.365234375 0.6318359375 0.357421875 0.5849609375 0.365234375 0.5458984375 0.3828124984375 0.521484375 0.4111328125 0.51953125 0.4384765625 0.54296875 0.5107421875 0.556640625 0.6005859375 0.623046875 0.6845703125 0.6357421875 0.697265625 0.65234375 0.6982421875 0.6904296875 0.6875 0.70703125 0.6748046875 0.71875 0.6552734375 0.72265625 0.5869140625
3 0.98828125 0.3134765625 0.98828125 0.2958984375 0.9619140625 0.265625 0.8994140625 0.236328125 0.8564453125 0.228515625 0.7861328125 0.23046875 0.7666015625 0.240234375 0.751953125 0.2626953125 0.751953125 0.3525390625 0.728515625 0.5322265625 0.7470703125 0.5546875015625 0.7802734375 0.572265625 0.8076171875 0.580078125 0.8515624984375 0.5810546875 0.8955078125 0.57421875 0.90625 0.5615234375 0.951171875 0.4033203125 0.98828125 0.3134765625
3 0.95703125 0.5263671875 0.953125 0.4990234375 0.9384765625 0.48046875 0.9296875015625 0.4833984375 0.912109375 0.5341796875 0.908203125 0.5654296875 0.8994140625 0.57421875 0.8701171875 0.58203125 0.8173828125 0.58203125 0.7763671875 0.572265625 0.728515625 0.5400390625 0.732421875 0.4775390625 0.7255859375 0.4765624984375 0.708984375 0.4990234375 0.708984375 0.5244140625 0.71875 0.5458984375 0.728515625 0.6064453125 0.73828125 0.7470703125 0.7548828125 0.76953125 0.7783203125 0.78515625 0.8095703125 0.794921875 0.84375 0.7939453125 0.8798828125 0.78125 0.90234375 0.7548828125 0.9296875015625 0.6123046875 0.95703125 0.5263671875
3 0.798828125 0.2197265625 0.814453125 0.1416015625 0.82421875 0.1220703125 0.822265625 0.1044921875 0.7900390625 0.076171875 0.7373046875 0.0625 0.6845703125 0.060546875 0.6279296875 0.072265625 0.5947265625 0.091796875 0.58203125 0.1123046875 0.599609375 0.1923828125 0.609375 0.2763671875 0.626953125 0.3212890625 0.626953125 0.3369140625 0.619140625 0.3505859375 0.6220703125 0.35546875 0.6865234375 0.359375 0.7421875015625 0.3798828125 0.75 0.3427734375 0.75 0.2568359375 0.7587890625 0.2421875015625 0.798828125 0.2197265625
3 0.9599609375 0.01953125 0.8701171875 0.025390625 0.861328125 0.0380859375 0.880859375 0.1865234375 0.8994140625 0.19921875 0.9375 0.2001953125 0.9658203125 0.1953124984375 0.974609375 0.1845703125 0.990234375 0.0302734375 0.9599609375 0.01953125