3 0.5516751125 0 0.5536317562499999 0.029349662500000002 0.5747466218749999 0.07157939218750001 0.605363175 0.087415540625 0.664484796875 0.08108108124999999 0.7024915546875 0.0684121625 0.7637246625 0.0261824328125 0.7794341218749999 0 0.5516751125 0
3 0.7510557437500001 0.31545608125 0.80173141875 0.27956081093749996 0.846072634375 0.27744932499999997 0.859797296875 0.27005912187500003 0.8640202703125001 0.242609796875 0.848184121875 0.222550675 0.7922297296874999 0.2088260140625 0.761613175 0.21621621562499999 0.7341638515625 0.25 0.6676520265625 0.3059543921875 0.6486486484375 0.34818412187500003 0.6233108109375001 0.3566300671875 0.626478040625 0.37880067500000003 0.6919341218749999 0.374577703125 0.7067145265625 0.3534628375 0.7362753375 0.3429054046875 0.7510557437500001 0.31545608125
3 0.7812662421875001 0 0.7732263515625 0.020903715625 0.7341638515625 0.051520270312500005 0.679265203125 0.08108108124999999 0.6095861484375 0.0958614859375 0.5895270265625 0.111697634375 0.5895270265625 0.1285895265625 0.6370354734375 0.125422296875 0.683488175 0.1613175671875 0.7531672296874999 0.165540540625 0.7911739859375 0.13175675625 0.808065878125 0.12753378437500001 0.809121621875 0.14548141875 0.7922297296874999 0.1497043921875 0.7985641890624999 0.153927365625 0.796452703125 0.1687077703125 0.810177365625 0.178209459375 0.8312922296874999 0.1697635140625 0.849239865625 0.1497043921875 0.859797296875 0.11592060781249999 0.859797296875 0.0905827703125 0.8344594593749999 0.056798985937500004 0.8302364859375 0.0124577703125 0.817778715625 0 0.7812662421875001 0
3 0.809121621875 0.2088260140625 0.7975084453125 0.1887668921875 0.7658361484375 0.1887668921875 0.7489442562499999 0.1697635140625 0.6803209453125 0.164484796875 0.660261825 0.1803209453125 0.6285895265625 0.1824324328125 0.6190878375 0.1961570953125 0.6190878375 0.21516047343750003 0.6243665546875 0.2204391890625 0.666596284375 0.21621621562499999 0.7067145265625 0.2478885140625 0.7257179046875 0.2542229734375 0.761613175 0.21621621562499999 0.809121621875 0.2088260140625
3 0.2949746625 0.6047297296874999 0.3361486484375 0.5825591218749999 0.338260134375 0.544552365625 0.2949746625 0.4949324328125 0.2590793921875 0.4885979734375 0.22740709531249997 0.4674831078125 0.20945945937500002 0.466427365625 0.1883445953125 0.48754222968749994 0.1946790546875 0.5065456078125 0.1925675671875 0.5276604734375 0.171452703125 0.5487753375 0.171452703125 0.5614442562499999 0.1809543921875 0.5709459453125 0.20206925625 0.5793918921875 0.21684966249999998 0.596283784375 0.24641047343750003 0.613175675 0.2949746625 0.6047297296874999
3 0.2527449328125 0.484375 0.2780827703125 0.490709459375 0.3372043921875 0.48648648593750005 0.34987331093749996 0.4801520265625 0.365709459375 0.4558699328125 0.359375 0.3925253375 0.3699324328125 0.3692989859375 0.3065878375 0.360853040625 0.26963682499999997 0.4146959453125 0.25485641875 0.4104729734375 0.223184121875 0.3830236484375 0.20418074375 0.385135134375 0.1883445953125 0.41364020312500005 0.1862331078125 0.451646959375 0.1946790546875 0.4685388515625 0.1999577703125 0.47170608124999996 0.21896114843749998 0.4611486484375 0.2527449328125 0.484375
3 0.6877111484375 0.4358108109375 0.6613175671875 0.43264358124999996 0.6233108109375001 0.466427365625 0.6169763515625 0.48120777031250006 0.621199325 0.5002111484375 0.653927365625 0.528716215625 0.704603040625 0.5540540546875 0.76266891875 0.5128800671875 0.7647804046875 0.5065456078125 0.732052365625 0.48648648593750005 0.718327703125 0.464315878125 0.6877111484375 0.4358108109375
3 0.8893581078125001 0.333403715625 0.8893581078125001 0.2911739859375 0.86824324375 0.2742820953125 0.8059543921874999 0.27956081093749996 0.7531672296874999 0.31545608125 0.7415540546875 0.3418496625 0.7457770265625 0.3671875 0.757390203125 0.374577703125 0.7742820953125 0.36613175625 0.808065878125 0.3893581078125 0.8502956078125001 0.3809121625 0.885135134375 0.346072634375 0.8893581078125001 0.333403715625
3 0.7975084453125 0.5392736484375 0.7869510140625 0.5223817562499999 0.7668918921875 0.5128800671875 0.689822634375 0.5667229734375 0.6570945953125 0.5762246625 0.6486486484375 0.6247888515625 0.664484796875 0.6554054046875 0.6877111484375 0.6554054046875 0.7721706078125 0.6152871625 0.8344594593749999 0.5635557437500001 0.8344594593749999 0.555109796875 0.822846284375 0.5456081078125 0.7975084453125 0.5392736484375
3 0.99704391875 0.6649070953125 0.984375 0.6036739859375 0.9495354734375001 0.6047297296874999 0.93264358125 0.589949325 0.911528715625 0.583614865625 0.8967483109375 0.5625 0.8766891890625 0.5593327703125001 0.8312922296874999 0.5709459453125 0.8027871624999999 0.5931165546875 0.8027871624999999 0.6269003375 0.81545608125 0.6649070953125 0.82918074375 0.6659628375 0.8629645265624999 0.687077703125 0.900971284375 0.6934121625 0.9537584453125 0.697635134375 0.989653715625 0.691300675 0.99704391875 0.6649070953125
3 0.273859796875 0.372466215625 0.27174831093749996 0.385135134375 0.2791385140625 0.37985641875 0.2833614859375 0.3671875 0.274915540625 0.360853040625 0.2770270265625 0.35451858125 0.30869932499999997 0.31862331093749996 0.3097550671875 0.296452703125 0.2844172296875 0.296452703125 0.25485641875 0.307010134375 0.22740709531249997 0.29011824375 0.184121621875 0.2911739859375 0.170396959375 0.294341215625 0.152449325 0.3122888515625 0.16511824375 0.346072634375 0.1672297296875 0.3819679046875 0.1746199328125 0.3893581078125 0.18940033750000002 0.3956925671875 0.210515203125 0.3809121625 0.22951858125000002 0.3809121625 0.24852195937500002 0.36613175625 0.273859796875 0.372466215625
3 0.59375 0.7050253375 0.5525760140625 0.7081925671875 0.5388513515625 0.724028715625 0.5409628375 0.7535895265625 0.5346283781250001 0.7683699328125 0.5504645265625 0.7926520265625 0.5842483109375001 0.78420608125 0.627533784375 0.7472550671875 0.6169763515625 0.713471284375 0.605363175 0.7039695953125 0.59375 0.7050253375