3 0.195362903125 0 0.2024193546875 0.00302419375 0.217540321875 0.028225806250000002 0.2760080640625 0.0685483875 0.3122983875 0.0806451609375 0.36875 0.0866935484375 0.3979838703125 0.07157258125 0.41814516093750004 0.03125 0.420161290625 0.0010080640624999999 0.419573253125 0 0.195362903125 0
3 0.30927419375 0.295362903125 0.2457661296875 0.24193548437499998 0.2195564515625 0.20967741874999998 0.19032258124999998 0.20262096718749997 0.1368951609375 0.21572580624999999 0.12177419375000001 0.23487903281250003 0.1258064515625 0.261088709375 0.13891129062500002 0.26814516093749996 0.18125 0.270161290625 0.22963709687499997 0.304435484375 0.24375 0.33064516093749996 0.27197580625 0.34072580625 0.286088709375 0.360887096875 0.348588709375 0.3649193546875 0.35161290312500004 0.34375 0.3274193546875 0.335685484375 0.30927419375 0.295362903125
3 0.1691532265625 0 0.15403225781250002 0.0151209671875 0.15 0.057459678125000004 0.1258064515625 0.0897177421875 0.1258064515625 0.11391129062500001 0.135887096875 0.1461693546875 0.15302419375 0.16532258125 0.173185484375 0.173387096875 0.186290321875 0.164314515625 0.18427419375 0.1502016125 0.19032258124999998 0.1461693546875 0.17419354843749998 0.142137096875 0.1752016125 0.125 0.1913306453125 0.1290322578125 0.22762096718749997 0.161290321875 0.2941532265625 0.1572580640625 0.3385080640625 0.1229838703125 0.38387096718749997 0.1260080640625 0.38387096718749997 0.1098790328125 0.36471774218749997 0.09475806406250001 0.298185484375 0.0806451609375 0.2457661296875 0.052419354687499996 0.2084677421875 0.023185484375000003 0.1995502484375 0 0.1691532265625 0
3 0.3556451609375 0.19052419375000001 0.34657258125 0.1774193546875 0.3163306453125 0.17540322656250001 0.29717741875 0.1602822578125 0.23165322656249998 0.16532258125 0.21552419375 0.1834677421875 0.18528225781250002 0.1834677421875 0.17419354843749998 0.20262096718749997 0.2195564515625 0.20967741874999998 0.2538306453125 0.2459677421875 0.27197580625 0.23991935468749997 0.3102822578125 0.20967741874999998 0.3506048390625 0.213709678125 0.3556451609375 0.20866935468749997 0.3556451609375 0.19052419375000001
3 0.7629032265625 0.5070564515625 0.760887096875 0.4868951609375 0.766935484375 0.46875 0.74677419375 0.44858870937499995 0.729637096875 0.44959677343750004 0.6993951609375 0.4697580640625 0.6651209671875 0.47580645156249995 0.6237903218749999 0.523185484375 0.6258064515624999 0.55947580625 0.6651209671875 0.5806451609375001 0.7114919359375 0.5887096781250001 0.7397177421875 0.5725806453125 0.7538306453125 0.5564516125 0.7739919359375 0.548387096875 0.783064515625 0.539314515625 0.783064515625 0.5272177421875 0.7629032265625 0.5070564515625
3 0.7336693546874999 0.36895161249999997 0.70342741875 0.395161290625 0.689314515625 0.3991935484375 0.6540322578125 0.3477822578125 0.5935483875 0.35584677343750004 0.6036290328125 0.37802419375 0.5975806453125 0.4385080640625 0.6127016125 0.46169354843750005 0.6247983875 0.4677419359375 0.68125 0.47177419374999996 0.7054435484375 0.46572580625000004 0.7377016125 0.44354838750000003 0.7558467734375001 0.4536290328125 0.760887096875 0.4506048390625 0.7689516125 0.43447580625000004 0.766935484375 0.398185484375 0.751814515625 0.3709677421875 0.7336693546874999 0.36895161249999997
3 0.3536290328125 0.48084677343750004 0.35766129062499996 0.46270161249999997 0.35161290312500004 0.44858870937499995 0.31532258125 0.4163306453125 0.29012096718749997 0.4193548390625 0.260887096875 0.44657258125 0.24778225781250002 0.4677419359375 0.21653225781250002 0.4868951609375 0.2185483875 0.49294354843750005 0.2739919359375 0.5322580640625 0.3223790328125 0.508064515625 0.3536290328125 0.48084677343750004
3 0.238709678125 0.329637096875 0.22762096718749997 0.304435484375 0.1772177421875 0.270161290625 0.1177419359375 0.2651209671875 0.0975806453125 0.28125 0.0975806453125 0.32157258125 0.101612903125 0.3336693546875 0.1348790328125 0.366935484375 0.1752016125 0.375 0.207459678125 0.35282258125 0.22358870937500003 0.360887096875 0.23467741874999998 0.3538306453125 0.238709678125 0.329637096875
3 0.3274193546875 0.5997983875 0.3193548390625 0.55342741875 0.2881048390625 0.5443548390624999 0.2145161296875 0.49294354843750005 0.195362903125 0.5020161296875 0.18528225781250002 0.5181451609375001 0.161088709375 0.5241935484375 0.15 0.5332661296875 0.15 0.5413306453125 0.20947580625 0.59072580625 0.29012096718749997 0.6290322578125 0.3122983875 0.6290322578125 0.3274193546875 0.5997983875
3 0 0.6568260375 0.001814515625 0.6633064515625 0.036088709375 0.6693548390624999 0.0864919359375 0.66532258125 0.1227822578125 0.65927419375 0.155040321875 0.639112903125 0.1681451609375 0.6381048390624999 0.1802419359375 0.601814515625 0.1802419359375 0.5695564515625 0.15302419375 0.548387096875 0.10967741875 0.5372983875 0.09052419375000001 0.54032258125 0.07641129062499999 0.5604838703125 0.05625 0.5665322578125 0.0401209671875 0.5806451609375001 0.0068548390625 0.579637096875 0 0.6127688171875 0 0.6568260375
3 0.789112903125 0.3336693546875 0.801209678125 0.301411290625 0.78407258125 0.28427419375 0.7709677421875 0.28125 0.729637096875 0.2802419359375 0.70342741875 0.2963709671875 0.6752016125 0.28629032187500003 0.6510080640625 0.28629032187500003 0.6520161296875 0.30745967812499997 0.6822580640625 0.3417338703125 0.68427419375 0.3477822578125 0.676209678125 0.3538306453125 0.6802419359375 0.36592741875 0.6872983875 0.3709677421875 0.6852822578125 0.3588709671875 0.7094758062500001 0.35282258125 0.7276209671875 0.366935484375 0.7457661296875 0.366935484375 0.76592741875 0.38104838750000003 0.7800403218749999 0.375 0.7870967734375001 0.3679435484375 0.789112903125 0.3336693546875
3 0.43024193593750004 0.7227822578125 0.43225806406249995 0.6945564515625 0.4191532265625 0.679435484375 0.379838709375 0.676411290625 0.36875 0.6754032265625 0.35766129062499996 0.68447580625 0.3475806453125 0.7167338703125 0.38891129062499996 0.7520161296875 0.4211693546875 0.7600806453125 0.43629032187499994 0.7368951609375001 0.43024193593750004 0.7227822578125