3 0.3681640625 0.892578125 0.3134765625 0.8984375 0.2783203125 0.91015625 0.2216796875 0.94921875 0.20703125 0.9736328125 0.193359375 0.9794921875 0.2099609375 0.986328125 0.2177734375 1 0.404296875 0.9990234375 0.41796875 0.9755859375 0.416015625 0.9462890625 0.396484375 0.9072265625 0.3681640625 0.892578125
3 0.328125 0.6513671875 0.3515625 0.6435546875 0.3486328125 0.623046875 0.2880859375 0.626953125 0.2744140625 0.646484375 0.2470703125 0.65625 0.2333984375 0.681640625 0.1865234375 0.71484375 0.1455078125 0.716796875 0.1328125 0.7236328125 0.12890625 0.7490234375 0.1435546875 0.767578125 0.1953125 0.7802734375 0.2236328125 0.7734375 0.2490234375 0.7421875 0.310546875 0.6904296875 0.328125 0.6513671875
3 0.3642578125 0.884765625 0.3828125 0.8701171875 0.3828125 0.8544921875 0.3388671875 0.857421875 0.2958984375 0.82421875 0.2314453125 0.8203125 0.1962890625 0.8515625 0.1806640625 0.85546875 0.1796875 0.8388671875 0.1953125 0.8349609375 0.189453125 0.8310546875 0.19140625 0.8173828125 0.1787109375 0.80859375 0.1591796875 0.81640625 0.142578125 0.8349609375 0.1328125 0.8662109375 0.1328125 0.8896484375 0.15625 0.9208984375 0.16015625 0.9619140625 0.1748046875 0.9765625 0.203125 0.9794921875 0.212890625 0.9541015625 0.2490234375 0.92578125 0.2998046875 0.8984375 0.3642578125 0.884765625
3 0.35546875 0.7744140625 0.3505859375 0.76953125 0.3115234375 0.7734375 0.2744140625 0.744140625 0.2568359375 0.73828125 0.2236328125 0.7734375 0.1796875 0.7802734375 0.1904296875 0.798828125 0.2197265625 0.798828125 0.2353515625 0.81640625 0.298828125 0.8212890625 0.3173828125 0.806640625 0.3466796875 0.8046875 0.35546875 0.7919921875 0.35546875 0.7744140625
3 0.76953125 0.4658203125 0.76953125 0.4541015625 0.7607421875 0.4453125 0.7412109375 0.4375 0.7275390625 0.421875 0.7001953125 0.40625 0.6552734375 0.4140625 0.6171875 0.4345703125 0.615234375 0.4697265625 0.6552734375 0.515625 0.6884765625 0.521484375 0.7177734375 0.541015625 0.734375 0.5419921875 0.75390625 0.5224609375 0.748046875 0.5048828125 0.75 0.4853515625 0.76953125 0.4658203125
3 0.7392578125 0.6171875 0.75390625 0.5908203125 0.755859375 0.5556640625 0.748046875 0.5400390625 0.7431640625 0.537109375 0.7255859375 0.546875 0.6943359375 0.525390625 0.6708984375 0.51953125 0.6162109375 0.5234375 0.6044921875 0.529296875 0.58984375 0.5517578125 0.595703125 0.6103515625 0.5859375 0.6318359375 0.64453125 0.6396484375 0.6787109375 0.58984375 0.6923828125 0.59375 0.7216796875 0.619140625 0.7392578125 0.6171875
3 0.3232421875 0.484375 0.2763671875 0.4609375 0.22265625 0.4990234375 0.220703125 0.5048828125 0.2509765625 0.5234375 0.263671875 0.5439453125 0.2919921875 0.5703125 0.31640625 0.5732421875 0.3515625 0.5419921875 0.357421875 0.5283203125 0.353515625 0.5107421875 0.3232421875 0.484375
3 0.23828125 0.6337890625 0.2275390625 0.626953125 0.2119140625 0.634765625 0.1806640625 0.61328125 0.1416015625 0.62109375 0.109375 0.6533203125 0.10546875 0.6650390625 0.10546875 0.7041015625 0.125 0.7197265625 0.1826171875 0.71484375 0.2314453125 0.681640625 0.2421875 0.6572265625 0.23828125 0.6337890625
3 0.3134765625 0.3671875 0.2919921875 0.3671875 0.2138671875 0.404296875 0.15625 0.4521484375 0.15625 0.4599609375 0.1669921875 0.46875 0.1904296875 0.474609375 0.2001953125 0.490234375 0.21875 0.4990234375 0.2900390625 0.44921875 0.3203125 0.4404296875 0.328125 0.3955078125 0.3134765625 0.3671875
3 0.173828125 0.3583984375 0.1611328125 0.357421875 0.1298828125 0.337890625 0.0947265625 0.33203125 0.0458984375 0.328125 0.0126953125 0.333984375 0.005859375 0.3583984375 0.017578125 0.4150390625 0.0498046875 0.4140625 0.0654296875 0.427734375 0.0849609375 0.43359375 0.0986328125 0.453125 0.1171875 0.4560546875 0.1591796875 0.4453125 0.185546875 0.4248046875 0.185546875 0.3935546875 0.173828125 0.3583984375
3 0.7734375 0.6201171875 0.7666015625 0.61328125 0.7529296875 0.607421875 0.7333984375 0.62109375 0.7158203125 0.62109375 0.6982421875 0.634765625 0.6748046875 0.62890625 0.6767578125 0.6171875 0.669921875 0.6220703125 0.666015625 0.6337890625 0.673828125 0.6396484375 0.671875 0.6455078125 0.642578125 0.6787109375 0.6416015625 0.69921875 0.6650390625 0.69921875 0.6923828125 0.689453125 0.7177734375 0.705078125 0.7578125 0.7041015625 0.7705078125 0.701171875 0.787109375 0.6845703125 0.775390625 0.6533203125 0.7734375 0.6201171875
3 0.43359375 0.2626953125 0.4189453125 0.240234375 0.3876953125 0.248046875 0.34765625 0.2822265625 0.357421875 0.3134765625 0.3681640625 0.322265625 0.37890625 0.3212890625 0.4169921875 0.318359375 0.4296875 0.3037109375 0.427734375 0.2763671875 0.43359375 0.2626953125