3 0.16778523437499998 0.3794043625 0.20973154374999997 0.34375 0.162541946875 0.288171140625 0.1373741609375 0.2776845640625 0.0901845640625 0.27663590625 0.065016778125 0.2913171140625 0.0587248328125 0.31438758437500003 0.11115771875 0.4276426171875 0.1153523484375 0.452810403125 0.10276845625 0.4737835578125 0.11744966406249999 0.488464765625 0.11640100625000001 0.49790268437499996 0.1436661078125 0.5 0.1635906046875 0.47797818750000004 0.16778523437499998 0.3794043625
3 0.381711409375 0.551384228125 0.373322146875 0.4947567109375 0.3607382546875 0.46119966406249996 0.328229865625 0.42239932812500003 0.3135486578125 0.426593959375 0.3020134234375 0.448615771875 0.29467281875 0.4496644296875 0.2716023484375 0.43498322187499994 0.24433724843750002 0.43288590625 0.23385067187500003 0.41820469843749997 0.2202181203125 0.417156040625 0.1950503359375 0.43812919531250005 0.1887583890625 0.452810403125 0.1929530203125 0.49056208124999995 0.25587248281249997 0.5975251671875 0.292575503125 0.632130871875 0.3156459734375 0.640520134375 0.3345218125 0.63842281875 0.346057046875 0.6289849000000001 0.354446309375 0.5975251671875 0.381711409375 0.551384228125
3 0.671057046875 0 0.654362415625 0.0417365765625 0.6501677859375 0.12772650937500002 0.6690436234375 0.16128355781249998 0.6868708046875 0.17281879218750001 0.7183305375 0.1707214765625 0.7455956375 0.158137584375 0.76761745 0.129823825 0.7739093953125 0.100461409375 0.7781040265625 0.0438338921875 0.77181208125 0.0228607375 0.7596196859375001 0 0.671057046875 0
3 0.82634228125 0.17596476562500002 0.819001678125 0.1602349 0.8064177859375 0.1644295296875 0.79907718125 0.1591862421875 0.743498321875 0.193791946875 0.7319630874999999 0.20952181250000002 0.7319630874999999 0.26824664375 0.7403523484375001 0.2976090609375 0.757130871875 0.3248741609375 0.7550335578125 0.33955536875000003 0.7644714765625 0.35109060468750003 0.8242449671875001 0.2997063765625 0.83473154375 0.274538590625 0.82634228125 0.17596476562500002
3 0.5526426171875001 0.1644295296875 0.573615771875 0.1686241609375 0.59354026875 0.131921140625 0.591442953125 0.06270973125 0.5526426171875001 0.0637583890625 0.524328859375 0.0564177859375 0.50020973125 0.061661073437500005 0.4960151 0.0742449671875 0.4771392625 0.07634228125 0.46770134218750004 0.09207214687500001 0.4739932890625 0.14240771875 0.48238254999999997 0.1654781875 0.4960151 0.1791107375 0.5169882546875 0.1686241609375 0.5274748328125 0.1749161078125 0.5526426171875001 0.1644295296875
3 0.171979865625 0.2242030203125 0.1352768453125 0.23573825468749998 0.13003355781249998 0.2535654359375 0.18246644218750002 0.30390100625 0.2086828859375 0.3385067109375 0.221266778125 0.3406040265625 0.24958053750000003 0.2976090609375 0.24119127499999998 0.28502516718750004 0.24328859062500002 0.26824664375 0.185612415625 0.2231543625 0.171979865625 0.2242030203125
3 0.43833892656250006 0.5639681203125 0.45197147656250003 0.571308725 0.48343120781250004 0.5629194625 0.529572146875 0.53145973125 0.5589345640625 0.5440436234375 0.5725671140624999 0.524119128125 0.5746644296875 0.49895134218750004 0.6145134234375 0.45071308749999994 0.6040268453125 0.41925335625000004 0.5903942953125 0.40562080468749995 0.5757130874999999 0.40562080468749995 0.5568372484374999 0.390939596875 0.5316694625 0.39723154374999997 0.5306208046875 0.381501678125 0.5169882546875 0.4119127515625 0.48552852343749997 0.39723154374999997 0.4739932890625 0.4003775171875 0.4739932890625 0.41925335625000004 0.492869128125 0.42973993281249995 0.484479865625 0.475880871875 0.4435822140625 0.4748322140625 0.42994966406249996 0.49895134218750004 0.42994966406249996 0.547189596875 0.43833892656250006 0.5639681203125
3 0.6417785234375 0.51363255 0.6480704703125 0.48636745000000003 0.6239513421875 0.4790268453125 0.6124161078125 0.46119966406249996 0.587248321875 0.48007550312499997 0.5725671140624999 0.5115352343749999 0.6019295296875 0.5723573828124999 0.6176593953125 0.577600671875 0.6208053687499999 0.58913590625 0.6302432890625 0.5922818796875 0.658557046875 0.578649328125 0.654362415625 0.5660654359375 0.6690436234375 0.5220218125 0.6417785234375 0.51363255
3 0.520134228125 0.551384228125 0.5096476515624999 0.547189596875 0.4949664421875 0.5912332218749999 0.49916107343749994 0.6331795296875 0.5253775171874999 0.6614932890625 0.5484479859375 0.6635906046875 0.587248321875 0.6373741609375 0.59354026875 0.6059144296875 0.57151845625 0.5838926171875001 0.5589345640625 0.5922818796875 0.542156040625 0.5880872484374999 0.520134228125 0.551384228125
3 0.5820050328125 0.6447147656250001 0.547399328125 0.6646392624999999 0.5589345640625 0.7244127515625001 0.573615771875 0.7223154359375 0.5841023484375001 0.7286073828124999 0.6061241609375 0.68770973125 0.6082214765625 0.662541946875 0.5998322140625 0.6289849000000001 0.59354026875 0.62479026875 0.5820050328125 0.6447147656250001
3 0.707843959375 0.6593959734375 0.7382550328125 0.6436661078125 0.7445469796874999 0.614303690625 0.7445469796874999 0.5933305375 0.734060403125 0.578649328125 0.7403523484375001 0.55348154375 0.7382550328125 0.5199244968750001 0.723573825 0.5199244968750001 0.6742869125000001 0.5209731546875 0.6690436234375 0.5262164421875 0.65645973125 0.5618708046875 0.658557046875 0.58074664375 0.6417785234375 0.587038590625 0.6396812078125 0.6373741609375 0.6470218125 0.6489093953125 0.6596057046875 0.6510067109375 0.67848154375 0.640520134375 0.707843959375 0.6593959734375
3 0.8441694625 0.5272650999999999 0.8609479859375 0.53145973125 0.877726509375 0.5125838921875 0.899748321875 0.51363255 0.895553690625 0.4632969796875 0.9018456374999999 0.38359899375 0.8966023484375001 0.3657718125 0.8871644296874999 0.3689177859375 0.88401845625 0.3825503359375 0.8766778531250001 0.3794043625 0.8557046984375001 0.3311661078125 0.8494127515625 0.3353607375 0.8494127515625 0.3542365765625 0.836828859375 0.385696309375 0.8064177859375 0.4203020140625 0.783347315625 0.4203020140625 0.7760067109375 0.4276426171875 0.7760067109375 0.44022650937499996 0.7927852343749999 0.4737835578125 0.832634228125 0.5073406046875 0.8441694625 0.5272650999999999
3 0.7109899328125 0.377307046875 0.6837248328125 0.3961828859375 0.6480704703125 0.488464765625 0.6470218125 0.5167785234375 0.7372063765625 0.5167785234375 0.7592281875 0.484270134375 0.7697147656250001 0.4360318796875 0.7581795296875 0.4203020140625 0.74140100625 0.4161073828125 0.723573825 0.38359899375 0.7109899328125 0.377307046875
3 0.6061241609375 0.1927432890625 0.5893456375 0.207424496875 0.5893456375 0.2283976515625 0.5788590609375001 0.24098154374999997 0.5809563765625 0.28083053750000003 0.61136745 0.3217281875 0.6302432890625 0.32592281875 0.6354865765625 0.310192953125 0.6354865765625 0.21371644218750002 0.6281459734375 0.193791946875 0.6061241609375 0.1927432890625
3 0.47818791875000005 0.2242030203125 0.4718959734375 0.24727349062499998 0.47818791875000005 0.28502516718750004 0.484479865625 0.2976090609375 0.5044043625 0.31124161093749997 0.540058725 0.3091442953125 0.547399328125 0.301803690625 0.555788590625 0.25566275156249996 0.492869128125 0.203229865625 0.47818791875000005 0.2242030203125
3 0.4026845640625 0.587038590625 0.4026845640625 0.6101090609375001 0.41946308749999994 0.6394714765625 0.4435822140625 0.6489093953125 0.4635067109375 0.6373741609375 0.46770134218750004 0.618498321875 0.453020134375 0.578649328125 0.42994966406249996 0.5492869125000001 0.42575503281250004 0.5304110734374999 0.43833892656250006 0.48007550312499997 0.42994966406249996 0.4360318796875 0.4404362421875 0.3626258390625 0.3921979859375 0.30390100625 0.39429530156250003 0.2493708046875 0.381711409375 0.2367869125 0.37541946249999997 0.211619128125 0.3649328859375 0.20952181250000002 0.3492030203125 0.23154362343749998 0.3271812078125 0.2367869125 0.31669463124999997 0.2640520140625 0.346057046875 0.3626258390625 0.36912751718750003 0.40247483281249996 0.377516778125 0.4318372484375 0.37961409375 0.45910234843750003 0.37122483281249996 0.48007550312499997 0.385906040625 0.5618708046875 0.4026845640625 0.587038590625
3 0.45511745000000003 0.2242030203125 0.4247063765625 0.22525167812500002 0.4047818796875 0.25566275156249996 0.3984899328125 0.278733221875 0.411073825 0.3206795296875 0.4435822140625 0.3406040265625 0.47504194687499995 0.33640939531249997 0.48867449687500003 0.31648489999999996 0.4718959734375 0.26195469843749997 0.4739932890625 0.2283976515625 0.45511745000000003 0.2242030203125
3 0.9102349000000001 0.100461409375 0.8693372484375 0.10570469843750001 0.836828859375 0.12772650937500002 0.841023490625 0.1528942953125 0.8651426171875001 0.19169463125 0.8986996640625 0.19798657656250002 0.913380871875 0.18959731562499998 0.94693791875 0.18959731562499998 0.9542785234375 0.1822567109375 0.9563758390625001 0.108850671875 0.9102349000000001 0.100461409375