3 0.869140625 0.5126953125 0.880859375 0.4931640625 0.8671875 0.4794921875 0.8681640625 0.470703125 0.8427734375 0.46875 0.82421875 0.4892578125 0.8203125 0.5810546875 0.78125 0.6142578125 0.8251953125 0.666015625 0.8486328125 0.67578125 0.892578125 0.6767578125 0.916015625 0.6630859375 0.921875 0.6416015625 0.873046875 0.5361328125 0.869140625 0.5126953125
3 0.73828125 0.3779296875 0.7041015625 0.345703125 0.6826171875 0.337890625 0.6650390625 0.33984375 0.654296875 0.3486328125 0.646484375 0.3779296875 0.62109375 0.4208984375 0.62890625 0.4736328125 0.640625 0.5048828125 0.6708984375 0.541015625 0.6845703125 0.537109375 0.6953125 0.5166015625 0.7021484375 0.515625 0.7236328125 0.529296875 0.7490234375 0.53125 0.7587890625 0.544921875 0.771484375 0.5458984375 0.794921875 0.5263671875 0.80078125 0.5126953125 0.796875 0.4775390625 0.73828125 0.3779296875
3 0.353515625 0.7841796875 0.3369140625 0.7734375 0.3076171875 0.775390625 0.2822265625 0.787109375 0.26171875 0.8134765625 0.255859375 0.8408203125 0.251953125 0.8935546875 0.2578125 0.9130859375 0.2734375 0.9423828125 0.27734375 0.9638671875 0.2919921875 0.982421875 0.30078125 0.9814453125 0.34765625 0.9443359375 0.3671875 0.8955078125 0.37109375 0.8154296875 0.353515625 0.7841796875
3 0.287109375 0.6572265625 0.271484375 0.6318359375 0.2734375 0.6181640625 0.2646484375 0.607421875 0.208984375 0.6552734375 0.19921875 0.6787109375 0.20703125 0.7705078125 0.2138671875 0.78515625 0.2255859375 0.78125 0.232421875 0.7861328125 0.2841796875 0.75390625 0.294921875 0.7392578125 0.294921875 0.6845703125 0.287109375 0.6572265625
3 0.541015625 0.8486328125 0.53515625 0.8017578125 0.52734375 0.7802734375 0.5146484375 0.767578125 0.4951171875 0.77734375 0.4853515625 0.771484375 0.4619140625 0.78125 0.4423828125 0.77734375 0.423828125 0.8115234375 0.42578125 0.8759765625 0.4619140625 0.875 0.48828125 0.8818359375 0.5107421875 0.876953125 0.5146484375 0.865234375 0.5322265625 0.86328125 0.541015625 0.8486328125
3 0.7822265625 0.619140625 0.7705078125 0.6171875 0.744140625 0.6572265625 0.751953125 0.6689453125 0.75 0.6845703125 0.8037109375 0.7265625 0.81640625 0.7255859375 0.8505859375 0.71484375 0.85546875 0.6982421875 0.806640625 0.6513671875 0.7822265625 0.619140625
3 0.53515625 0.5439453125 0.517578125 0.5341796875 0.525390625 0.4912109375 0.5634765625 0.4921875 0.576171875 0.4697265625 0.576171875 0.4248046875 0.568359375 0.4091796875 0.5556640625 0.40234375 0.5263671875 0.41015625 0.4833984375 0.439453125 0.4560546875 0.427734375 0.443359375 0.4462890625 0.44140625 0.4697265625 0.404296875 0.5146484375 0.4140625 0.5439453125 0.4267578125 0.556640625 0.4404296875 0.556640625 0.4580078125 0.5703125 0.4814453125 0.564453125 0.482421875 0.5791015625 0.4951171875 0.55078125 0.5244140625 0.564453125 0.53515625 0.5615234375 0.53515625 0.5439453125
3 0.4013671875 0.396484375 0.3984375 0.3857421875 0.3896484375 0.3828125 0.36328125 0.3955078125 0.3671875 0.4072265625 0.353515625 0.4482421875 0.37890625 0.4560546875 0.373046875 0.4814453125 0.3955078125 0.48828125 0.40625 0.5048828125 0.4296875 0.4873046875 0.443359375 0.4580078125 0.416015625 0.4013671875 0.4013671875 0.396484375
3 0.4658203125 0.31640625 0.4296875 0.3408203125 0.423828125 0.3701171875 0.4443359375 0.390625 0.4560546875 0.3828125 0.4716796875 0.38671875 0.4921875 0.4208984375 0.501953125 0.4248046875 0.515625 0.3837890625 0.51171875 0.3447265625 0.4873046875 0.318359375 0.4658203125 0.31640625
3 0.4423828125 0.26171875 0.4326171875 0.255859375 0.412109375 0.2939453125 0.41015625 0.3173828125 0.41796875 0.3486328125 0.423828125 0.3525390625 0.4345703125 0.333984375 0.466796875 0.3154296875 0.4560546875 0.259765625 0.4423828125 0.26171875
3 0.36328125 0.3935546875 0.37890625 0.3876953125 0.380859375 0.3408203125 0.3740234375 0.330078125 0.3623046875 0.328125 0.3447265625 0.337890625 0.3173828125 0.3203125 0.2890625 0.3349609375 0.283203125 0.3623046875 0.283203125 0.3818359375 0.29296875 0.3955078125 0.287109375 0.4189453125 0.2890625 0.4501953125 0.302734375 0.4501953125 0.3486328125 0.44921875 0.353515625 0.4443359375 0.365234375 0.4111328125 0.36328125 0.3935546875
3 0.2255859375 0.54296875 0.2470703125 0.54296875 0.25390625 0.5361328125 0.25390625 0.5244140625 0.23828125 0.4931640625 0.201171875 0.4619140625 0.1904296875 0.443359375 0.1748046875 0.439453125 0.1591796875 0.45703125 0.138671875 0.4560546875 0.142578125 0.5029296875 0.13671875 0.5771484375 0.1416015625 0.59375 0.150390625 0.5908203125 0.1533203125 0.578125 0.16015625 0.5810546875 0.1796875 0.6259765625 0.185546875 0.6220703125 0.185546875 0.6044921875 0.197265625 0.5751953125 0.2255859375 0.54296875
3 0.2900390625 0.453125 0.26953125 0.4833984375 0.259765625 0.5283203125 0.2705078125 0.54296875 0.2861328125 0.546875 0.302734375 0.5771484375 0.314453125 0.5830078125 0.33984375 0.5654296875 0.373046875 0.4794921875 0.3740234375 0.453125 0.2900390625 0.453125
3 0.435546875 0.6728515625 0.4072265625 0.634765625 0.3896484375 0.630859375 0.384765625 0.6455078125 0.384765625 0.7353515625 0.3916015625 0.75390625 0.412109375 0.7548828125 0.427734375 0.7412109375 0.427734375 0.7216796875 0.4375 0.7099609375 0.435546875 0.6728515625
3 0.525390625 0.6572265625 0.5068359375 0.64453125 0.4736328125 0.646484375 0.466796875 0.6533203125 0.458984375 0.6962890625 0.517578125 0.7451171875 0.53125 0.7255859375 0.537109375 0.7041015625 0.53125 0.6689453125 0.525390625 0.6572265625
3 0.654296875 0.5966796875 0.6328125 0.5595703125 0.625 0.5322265625 0.623046875 0.5068359375 0.630859375 0.4873046875 0.6171875 0.4111328125 0.6015625 0.3876953125 0.6015625 0.3662109375 0.5859375 0.3388671875 0.5634765625 0.330078125 0.544921875 0.3408203125 0.541015625 0.3583984375 0.5546875 0.3955078125 0.576171875 0.4228515625 0.580078125 0.4404296875 0.568359375 0.4873046875 0.576171875 0.5283203125 0.56640625 0.5966796875 0.611328125 0.6513671875 0.609375 0.7021484375 0.62109375 0.7138671875 0.626953125 0.7373046875 0.63671875 0.7392578125 0.6513671875 0.71875 0.671875 0.7138671875 0.681640625 0.6884765625 0.654296875 0.5966796875
3 0.59375 0.6357421875 0.5634765625 0.6171875 0.5341796875 0.62109375 0.521484375 0.6396484375 0.537109375 0.6904296875 0.53515625 0.7216796875 0.552734375 0.7255859375 0.5810546875 0.724609375 0.599609375 0.6962890625 0.60546875 0.6748046875 0.59375 0.6357421875
3 0.1708984375 0.755859375 0.1396484375 0.75 0.1259765625 0.7578125 0.0947265625 0.7578125 0.087890625 0.7646484375 0.0859375 0.8330078125 0.12890625 0.8408203125 0.1669921875 0.8359375 0.197265625 0.8154296875 0.193359375 0.7919921875 0.1708984375 0.755859375