3 0.4168632078125 0.8238993703125 0.3834512578125 0.7845911953125 0.331367925 0.82881289375 0.32154088125 0.8523977984375 0.32055817656249996 0.8966194968750001 0.3343160375 0.9202044031250001 0.35593553437500003 0.9261006296875 0.462067609375 0.8769654093750001 0.485652515625 0.8730345906249999 0.505306603125 0.88482704375 0.519064465625 0.8710691828125 0.5279088046875 0.8720518875 0.5298742140625 0.846501571875 0.509237421875 0.8278301890625 0.4168632078125 0.8238993703125
3 0.5780267296875 0.6234276734375 0.5249606921875001 0.6312893078124999 0.4935141515625 0.6430817609374999 0.45715408750000003 0.673545596875 0.46108490625 0.687303459375 0.4817216984375 0.6981132078125001 0.48270440312499996 0.7049921390625 0.468946540625 0.7266116359375 0.46698113281250003 0.75216195 0.4532232703125 0.76198899375 0.45224056562500003 0.7747641515625 0.4718946546875 0.79834905625 0.485652515625 0.8042452828125001 0.5210298734375 0.8003144656250001 0.6212657234375001 0.7413522015625 0.65369496875 0.706957546875 0.661556603125 0.68533805 0.6595911953125 0.6676493703124999 0.6507468546874999 0.656839621875 0.6212657234375001 0.6489779875 0.5780267296875 0.6234276734375
3 0.1023977984375 0.251965409375 0.0827437109375 0.2578616359375 0.053262578125 0.27358490625 0.031643081249999996 0.2775157234375 0.012971698437500002 0.2922562890625 0.013954403125 0.3011006296875 0.051297170312499994 0.348270440625 0.100432390625 0.367924528125 0.1810141515625 0.37185534531250003 0.2124606921875 0.3541666671875 0.22327044062499998 0.33746069218749997 0.22130503125 0.307979559375 0.20951257812500002 0.2824292453125 0.182979559375 0.261792453125 0.1554638359375 0.2558962265625 0.1023977984375 0.251965409375
3 0.226218553125 0.20676100625 0.2114779875 0.2136399375 0.2154088046875 0.22543239062499998 0.21049528281250002 0.2323113203125 0.242924528125 0.28439465468749997 0.25766509375 0.29520440312499996 0.312696540625 0.29520440312499996 0.3402122640625 0.2873427671875 0.365762578125 0.271619496875 0.379520440625 0.27358490625 0.3903301890625 0.26474056562500003 0.3421776734375 0.208726415625 0.3185927671875 0.1988993703125 0.226218553125 0.20676100625
3 0.2154088046875 0.4632468546875 0.21933962187499997 0.44359276718749996 0.18494496875 0.424921384375 0.12008647812499999 0.4268867921875 0.12106918281250001 0.4632468546875 0.1141902515625 0.48977987343749996 0.1191037734375 0.512382075 0.1308962265625 0.51631289375 0.1328616359375 0.534001571875 0.14760220156249998 0.5428459125 0.1947720125 0.5369496859375 0.216391509375 0.52908805 0.22916666718749998 0.51631289375 0.21933962187499997 0.49665880468749996 0.22523584843750002 0.48683176093749997 0.2154088046875 0.4632468546875
3 0.27142295625 0.8199685531249999 0.2822327046875 0.8543632078125001 0.2989386796875 0.8592767296874999 0.346108490625 0.810141509375 0.3785377359375 0.7855738999999999 0.38050314531249996 0.773781446875 0.3402122640625 0.747248428125 0.3284198109375 0.7551100625 0.312696540625 0.7531446546875 0.2704402515625 0.807193396875 0.27142295625 0.8199685531249999
3 0.5898191828125 0.5703616359375 0.5966981125 0.557586478125 0.588836478125 0.5281053453125 0.5593553453125 0.48486635156249996 0.5711477984375 0.4573506296875 0.5524764156249999 0.444575471875 0.528891509375 0.4426100625 0.48368710625 0.40526729531249994 0.454205975 0.4150943390625 0.4414308171875 0.427869496875 0.4414308171875 0.44162735781249995 0.42767295625 0.4593160375 0.4335691828125 0.48290094375 0.418828615625 0.48388364843750004 0.44732704375 0.49665880468749996 0.4335691828125 0.5261399375 0.43651729531249994 0.5369496859375 0.454205975 0.5369496859375 0.46403301875 0.51926100625 0.5072720125 0.5271226421875 0.5062893078124999 0.5654481125 0.528891509375 0.5782232703125 0.5740959125 0.5782232703125 0.5898191828125 0.5703616359375
3 0.5426493703124999 0.37971698125 0.51709905625 0.3738207546875 0.5102201265625 0.39642295625 0.4935141515625 0.40723270468750006 0.5112028296875 0.430817609375 0.5406839625 0.444575471875 0.5976808171875 0.41705974843750004 0.6025943390624999 0.4023191828125 0.6134040875 0.39937106875 0.6163522015625 0.3905267296875 0.60357704375 0.3639937109375 0.591784590625 0.367924528125 0.55051100625 0.3541666671875 0.5426493703124999 0.37971698125
3 0.5780267296875 0.4937106921875 0.5740959125 0.5035377359375001 0.615369496875 0.517295596875 0.6546776734375 0.5133647796874999 0.6812106921875001 0.48879717031250003 0.6831761000000001 0.46717767343750005 0.658608490625 0.430817609375 0.6291273578125 0.424921384375 0.608490565625 0.4455581765625 0.6163522015625 0.4573506296875 0.6124213843749999 0.4730739 0.5780267296875 0.4937106921875
3 0.665487421875 0.43573113281250003 0.6841588046875 0.468160378125 0.74017295625 0.4573506296875 0.738207546875 0.44359276718749996 0.7441037734375 0.43376572343750003 0.7057783015625 0.41312893125 0.682193396875 0.411163521875 0.6507468546874999 0.41902515781250005 0.6468160375 0.424921384375 0.665487421875 0.43573113281250003
3 0.6792452828125 0.31780660312500003 0.6645047171875 0.28930817656249996 0.63698899375 0.28341194999999997 0.61733490625 0.28341194999999997 0.60357704375 0.29323899375 0.5799921390625 0.2873427671875 0.548545596875 0.28930817656249996 0.548545596875 0.3030660375 0.5495283015625 0.34925314531249996 0.5544418234374999 0.3541666671875 0.5878537734375 0.36595911875 0.605542453125 0.3639937109375 0.6114386796875 0.37971698125 0.658608490625 0.381682390625 0.6694182390625001 0.374803459375 0.6713836484375 0.36301100625 0.661556603125 0.3453223265625 0.6792452828125 0.31780660312500003
3 0.555424528125 0.19005503125 0.5593553453125 0.1743317609375 0.5416666671875 0.158608490625 0.5426493703124999 0.13797169843749998 0.495479559375 0.141902515625 0.420794025 0.1360062890625 0.40408805000000003 0.1409198109375 0.40703616406250004 0.1497641515625 0.41981132031249996 0.1527122640625 0.4168632078125 0.1595911953125 0.3716588046875 0.17924528281250002 0.375589621875 0.185141509375 0.3932783015625 0.185141509375 0.42275943437499997 0.1969339625 0.45518867968750004 0.22543239062499998 0.45518867968750004 0.24705188749999998 0.462067609375 0.2539308171875 0.4738600625 0.2539308171875 0.505306603125 0.238207546875 0.5367531453125001 0.2008647796875 0.555424528125 0.19005503125
3 0.41489779843749997 0.314858490625 0.432586478125 0.3404088046875 0.519064465625 0.3738207546875 0.545597484375 0.374803459375 0.545597484375 0.29029088125 0.5151336484375 0.26965408750000003 0.4699292453125 0.25982704375 0.45518867968750004 0.27063679218750003 0.4512578609375 0.2863600625 0.420794025 0.3030660375 0.41489779843749997 0.314858490625
3 0.2419418234375 0.41312893125 0.2556996859375 0.42885220156250003 0.2753537734375 0.42885220156250003 0.2871462265625 0.4386792453125 0.32448899375 0.43671383593749996 0.36281446562499997 0.408215409375 0.3667452828125 0.3905267296875 0.3520047171875 0.38561320781249997 0.26159591249999997 0.38561320781249997 0.242924528125 0.39249213906249997 0.2419418234375 0.41312893125
3 0.27142295625 0.5330188671875 0.293042453125 0.53891509375 0.3284198109375 0.5330188671875 0.3402122640625 0.5271226421875 0.352987421875 0.5084512578125 0.3510220125 0.4750393078125 0.34414308125000004 0.468160378125 0.30090408750000003 0.46029874218750005 0.25176886718749997 0.51926100625 0.27142295625 0.5330188671875
3 0.6114386796875 0.6037735843750001 0.6330581765625001 0.6037735843750001 0.6605738999999999 0.5880503140625 0.6694182390625001 0.5654481125 0.658608490625 0.5467767296875 0.6409198109375 0.5428459125 0.60357704375 0.5566037734375 0.5760613203125 0.5782232703125 0.5583726421875 0.5821540875 0.5112028296875 0.5703616359375 0.4699292453125 0.5782232703125 0.4011399375 0.5683962265625 0.346108490625 0.6136006296875001 0.29500786093750003 0.6116352203125001 0.283215409375 0.6234276734375 0.259630503125 0.6293238999999999 0.25766509375 0.63915094375 0.27830188749999996 0.653891509375 0.283215409375 0.6745283015625 0.3087657234375 0.6843553453125 0.4011399375 0.656839621875 0.43848270468750006 0.6352201265625 0.465998428125 0.627358490625 0.49154874218750005 0.62539308125 0.5112028296875 0.6332547171875 0.5878537734375 0.6194968546874999 0.6114386796875 0.6037735843750001
3 0.27142295625 0.5546383640625 0.27240566093749996 0.5831367921874999 0.30090408750000003 0.6018081765625001 0.322523584375 0.607704403125 0.3618317609375 0.59591195 0.38050314531249996 0.5654481125 0.3765723265625 0.53596698125 0.35790094375 0.5231918234374999 0.3068003140625 0.53891509375 0.2753537734375 0.5369496859375 0.27142295625 0.5546383640625
3 0.1554638359375 0.1281446546875 0.1603773578125 0.1664701265625 0.1810141515625 0.1969339625 0.20459905625000002 0.1930031453125 0.24095911874999998 0.17040094374999998 0.24685534531250003 0.13895440312500001 0.2389937109375 0.12519654062500002 0.2389937109375 0.09375 0.2321147796875 0.08687106875 0.163325471875 0.0849056609375 0.1554638359375 0.1281446546875