3 0.8691860468750001 0.5857558140625 0.8598421921874999 0.570182725 0.8390780734375 0.5598006640625 0.7799003328125 0.5504568109375 0.7684800671875001 0.5494186046875 0.749792359375 0.5598006640625 0.7176079734374999 0.5878322265625 0.7072259140625 0.6106727578125 0.7072259140625 0.6418189375 0.7155315609375 0.6667358796875 0.7321428578125 0.6895764125 0.7487541531249999 0.745639534375 0.7788621265625 0.78197674375 0.8120847171875001 0.7861295687500001 0.8286960140625 0.78197674375 0.8390780734375 0.771594684375 0.8723006640625 0.7799003328125 0.8816445187499999 0.7747093015625001 0.9003322265625 0.7373338875 0.9044850500000001 0.6937292359375 0.8972176078125 0.676079734375 0.8754152828124999 0.6688122921875 0.8691860468750001 0.5857558140625
3 0.916943521875 0.2514534890625 0.8982558140625001 0.18293189375000002 0.8764534890625001 0.15697674374999998 0.8546511625000001 0.1538621265625 0.772632890625 0.15490033281249999 0.7176079734374999 0.18293189375000002 0.7176079734374999 0.23068936875 0.7300664453125 0.290905315625 0.7487541531249999 0.34696843906249997 0.7767857140625 0.3812292359375 0.793397009375 0.387458471875 0.845307309375 0.38330564843750004 0.890988371875 0.3916112953125 0.9179817281249999 0.4165282390625 0.9439368765625 0.3926495015625 0.952242525 0.3677325578125 0.9501661125 0.3075166109375 0.916943521875 0.2514534890625
3 0.9013704312499999 0.43106312343750003 0.8619186046875 0.389534884375 0.7788621265625 0.38538205937500003 0.7487541531249999 0.3573504984375 0.700996678125 0.40303156093750003 0.700996678125 0.42587209374999996 0.7134551499999999 0.4632475078125 0.7508305640625 0.51931063125 0.78301495 0.5494186046875 0.80793189375 0.5494186046875 0.8390780734375 0.5598006640625 0.890988371875 0.5598006640625 0.9221345515625 0.54318936875 0.92940199375 0.533845515625 0.9397840531250001 0.48193521562499997 0.92524916875 0.4279485046875 0.9117524921875001 0.435215946875 0.9013704312499999 0.43106312343750003
3 0.5909468437500001 0.66258305625 0.48712624531250004 0.6002906984374999 0.4767441859375 0.5836794015625 0.482973421875 0.5504568109375 0.4528654484375 0.5514950171875 0.42691029843750006 0.56706810625 0.42275747499999994 0.6106727578125 0.43313953437499997 0.652200996875 0.44455980000000006 0.6677740859375 0.47362956875 0.6823089703125 0.49647009999999997 0.7051495015625 0.5276162796875 0.723837209375 0.5442275750000001 0.7279900328125 0.5649916937499999 0.721760796875 0.5888704312499999 0.6916528234375 0.5909468437500001 0.66258305625
3 0.4186046515625 0.5649916937499999 0.3708471765625 0.5151578078125 0.3791528234375 0.4528654484375 0.3708471765625 0.42379568125 0.32620431875 0.42691029843750006 0.316860465625 0.43417774062500003 0.31893687656249997 0.47985880468750003 0.33139534843749996 0.533845515625 0.32931893749999996 0.5608388703125 0.34696843906249997 0.5971760796875001 0.396802325 0.601328903125 0.4186046515625 0.5899086375 0.4186046515625 0.5649916937499999
3 0.7072259140625 0.6106727578125 0.721760796875 0.581602990625 0.771594684375 0.5483803984375 0.7196843859375 0.4777823921875 0.697882059375 0.48712624531250004 0.6667358796875 0.482973421875 0.6355897015624999 0.4892026578125 0.5909468437500001 0.5359219265624999 0.59302325625 0.5587624578125 0.601328903125 0.5712209296874999 0.625207640625 0.5971760796875001 0.6470099671875 0.6085963453125001 0.6428571421875 0.625207640625 0.652200996875 0.6470099671875 0.7041112953125 0.6428571421875 0.7072259140625 0.6106727578125
3 0.7279900328125 0.37396179375 0.7425249171875 0.34696843906249997 0.7134551499999999 0.23276578125 0.6573920265625001 0.2036960140625 0.6210548171875 0.20473421875 0.5940614625 0.2151162796875 0.5639534890625 0.2493770765625 0.557724253125 0.2971345515625 0.59302325625 0.413413621875 0.630398671875 0.4777823921875 0.6438953484375001 0.48712624531250004 0.672965115625 0.480897009375 0.6958056484374999 0.485049834375 0.7113787375 0.46947674375000004 0.6968438531250001 0.4071843859375 0.7279900328125 0.37396179375
3 0.49958471718749997 0.44663621249999996 0.5224252484374999 0.40926079687500005 0.528654484375 0.3448920265625 0.485049834375 0.3324335546875 0.436254153125 0.337624584375 0.4186046515625 0.3552740859375 0.40199335625000004 0.3905730890625 0.3916112953125 0.436254153125 0.3791528234375 0.436254153125 0.375 0.5110049828125 0.40199335625000004 0.533845515625 0.41549003281249997 0.5556478406250001 0.48193521562499997 0.5473421921875 0.49335548124999995 0.5379983390625 0.4892026578125 0.486088040625 0.49958471718749997 0.44663621249999996
3 1 0.20473421875 0.915905315625 0.20473421875 0.9086378734375 0.2099252484375 0.9210963453125001 0.2556063125 0.952242525 0.2992109640625 0.9584717609375 0.3594269109375 0.9397840531250001 0.4071843859375 0.9532807312499999 0.4165282390625 1 0.41964285781250005 1 0.20473421875
3 0.6117109640625 0.46117109687499996 0.6117109640625 0.45078903593749997 0.5888704312499999 0.40510797343749994 0.5618770765625001 0.3220514953125 0.554609634375 0.32101328906250004 0.532807309375 0.3448920265625 0.5245016609375 0.40926079687500005 0.509966778125 0.4528654484375 0.5276162796875 0.46636212656250003 0.5940614625 0.480897009375 0.6117109640625 0.46117109687499996
3 0.5888704312499999 0.5379983390625 0.601328903125 0.52138704375 0.5992524921875 0.486088040625 0.5161960140625 0.46117109687499996 0.5068521593749999 0.460132890625 0.49750830625000003 0.47570597968749995 0.49750830625000003 0.5379983390625 0.47882059843749997 0.5732973421875001 0.480897009375 0.5899086375 0.5110049828125 0.6179401999999999 0.61274916875 0.6698504984375 0.6210548171875 0.6968438531250001 0.654277409375 0.698920265625 0.6584302328125 0.6926910296875 0.63870431875 0.6916528234375 0.6438953484375001 0.6802325578125 0.651162790625 0.6791943515625001 0.6428571421875 0.672965115625 0.6573920265625001 0.6708887046875 0.6470099671875 0.650124584375 0.6449335546875 0.6106727578125 0.5992524921875 0.5732973421875001 0.5909468437500001 0.556686046875 0.5888704312499999 0.5379983390625
3 1 0.5388635093749999 0.97715946875 0.5026993359375 0.9397840531250001 0.46947674375000004 0.9335548171875001 0.46947674375000004 0.9397840531250001 0.48401162812500004 0.92940199375 0.5359219265624999 0.9055232562500001 0.5556478406250001 0.8629568109375001 0.5649916937499999 0.8733388703125 0.6085963453125001 0.8806063125 0.613787375 0.9553571421875 0.6096345515625 0.9792358796875 0.59198505 1 0.5655579890625 1 0.5388635093749999
3 0.9937707640625 0.7041112953125 0.9937707640625 0.6812707640625 0.97300664375 0.6563538203125 0.9563953484375001 0.61274916875 0.9117524921875001 0.6179401999999999 0.8961794015625 0.6335132890625 0.9044850500000001 0.6812707640625 0.90344684375 0.73629568125 0.942898671875 0.7300664453125 0.97404485 0.7051495015625 0.990656146875 0.709302325 0.9937707640625 0.7041112953125