3 0.13920454531249998 0.38534902656250003 0.14833603906249998 0.40056818125 0.168628246875 0.41071428593750003 0.2264610390625 0.41984577968750003 0.237621753125 0.42086038906249995 0.255884740625 0.41071428593750003 0.28733766250000004 0.38331980468750004 0.297483765625 0.3609983765625 0.297483765625 0.330560065625 0.2893668828125 0.30620941562500004 0.2731331171875 0.2838879875 0.25689934999999997 0.2290990265625 0.22747565 0.19358766249999998 0.1950081171875 0.1895292203125 0.17877435 0.19358766249999998 0.168628246875 0.203733765625 0.13616071406250002 0.1956168828125 0.1270292203125 0.200689934375 0.10876623437499999 0.237215909375 0.1047077921875 0.27982954531250004 0.111810065625 0.29707792187500004 0.1331168828125 0.30418019531249996 0.13920454531249998 0.38534902656250003
3 0.0925324671875 0.7120535718750001 0.1107954546875 0.7790178578125 0.1321022734375 0.8043831171875 0.15340909062500002 0.8074269484375 0.2335633109375 0.8064123375 0.28733766250000004 0.7790178578125 0.28733766250000004 0.7323457796875 0.27516233749999996 0.6734983765625 0.25689934999999997 0.6187094156249999 0.2295048703125 0.5852272734375 0.213271103125 0.5791396109375 0.16254058437500002 0.5831980515625 0.1178977265625 0.5750811687499999 0.0915178578125 0.55073051875 0.066152596875 0.5740665578125 0.0580357140625 0.5984172078125 0.060064934375000004 0.6572646109375 0.0925324671875 0.7120535718750001
3 0.1077516234375 0.5365259734375 0.14630681875 0.5771103890625 0.22747565 0.5811688312500001 0.25689934999999997 0.6085633109375 0.30357142812500004 0.5639204546875 0.30357142812500004 0.5415990265625 0.291396103125 0.5050730515625 0.2548701296875 0.450284090625 0.2234172078125 0.42086038906249995 0.1990665578125 0.42086038906249995 0.168628246875 0.41071428593750003 0.1178977265625 0.41071428593750003 0.08745941562500001 0.42694805156250004 0.0803571421875 0.43607954531250004 0.07021103906250001 0.486810065625 0.08441558437499999 0.5395698046875 0.09760551875 0.5324675328125 0.1077516234375 0.5365259734375
3 0.41112012968749995 0.3102678578125 0.5125811687499999 0.37114448125 0.5227272734375 0.387378246875 0.5166396109375 0.41984577968750003 0.5460633109375 0.41883116875 0.5714285718750001 0.4036120125 0.5754870125 0.3609983765625 0.5653409093749999 0.32041396093749996 0.5541801953125 0.30519480468750004 0.5257711031250001 0.290990259375 0.5034496749999999 0.26866883124999996 0.47301136406250005 0.25040584374999997 0.456777596875 0.246347403125 0.43648538906249995 0.252435065625 0.41314935 0.281858765625 0.41112012968749995 0.3102678578125
3 0.5795454546875 0.405641234375 0.6262175328125 0.45434253281250003 0.6181006499999999 0.5152191562499999 0.6262175328125 0.543628246875 0.6698457796875 0.5405844156249999 0.6789772734375 0.5334821421875 0.6769480515625 0.48883928593750003 0.6647727265625 0.43607954531250004 0.6668019484375 0.409699675 0.6495535718750001 0.3741883109375 0.6008522734375 0.3701298703125 0.5795454546875 0.38129058437499996 0.5795454546875 0.405641234375
3 0.297483765625 0.3609983765625 0.28327922031249997 0.38940746718749997 0.234577921875 0.421875 0.2853084421875 0.49086850625 0.306615259375 0.4817370125 0.33705357187499996 0.48579545468749996 0.3674918828125 0.47970779218750004 0.41112012968749995 0.434050325 0.409090909375 0.41172889687499997 0.40097402656250003 0.39955357187499996 0.3776379875 0.3741883109375 0.35633116875000004 0.36302759687499997 0.3603896109375 0.34679383124999996 0.3512581171875 0.3254870125 0.30052759687499997 0.32954545468749996 0.297483765625 0.3609983765625
3 0.2771915578125 0.5923295453125 0.2629870125 0.6187094156249999 0.291396103125 0.7303165578125 0.346185065625 0.7587256499999999 0.38169642812500004 0.7577110390625 0.40807629843750004 0.7475649343749999 0.4375 0.7140827921875 0.4435876625 0.6674107140625 0.409090909375 0.5537743500000001 0.372564934375 0.49086850625 0.359375 0.4817370125 0.33096590937500003 0.487824675 0.30864448125 0.483766234375 0.29342532499999996 0.49898538906249995 0.3076298703125 0.5598620125 0.2771915578125 0.5923295453125
3 0.5004058437500001 0.5213068187500001 0.478084415625 0.5578327921875 0.471996753125 0.6207386359375 0.5146103890625 0.6329139609375 0.5622970781250001 0.6278409093749999 0.5795454546875 0.6105925328125 0.5957792203125 0.5760957796875 0.6059253250000001 0.5314529218749999 0.6181006499999999 0.5314529218749999 0.6221590906250001 0.45840097343749997 0.5957792203125 0.43607954531250004 0.5825892859375 0.41477272656249997 0.5176542203125 0.42288961093750005 0.50649350625 0.43202110312500003 0.5105519484375 0.48275162343750005 0.5004058437500001 0.5213068187500001
3 0 0.7613056593749999 0.006290584375 0.7577110390625 0.093547078125 0.7577110390625 0.10064935 0.7526379875 0.0884740265625 0.7079951296875 0.0580357140625 0.66538149375 0.0519480515625 0.6065340906250001 0.07021103906250001 0.5598620125 0.05702110312499999 0.55073051875 0 0.5469291125 0 0.7613056593749999
3 0.39082792187500004 0.5071022734375 0.39082792187500004 0.5172483765625 0.41314935 0.561891234375 0.43952922031249997 0.6430600656250001 0.44663149375 0.6440746749999999 0.46793831093750005 0.6207386359375 0.47605519531249996 0.5578327921875 0.490259740625 0.5152191562499999 0.47301136406250005 0.5020292203125 0.40807629843750004 0.487824675 0.39082792187500004 0.5071022734375
3 0.41314935 0.43202110312500003 0.40097402656250003 0.44825487031250005 0.403003246875 0.48275162343750005 0.484172078125 0.5071022734375 0.493303571875 0.5081168828125 0.5024350656250001 0.49289772656249997 0.5024350656250001 0.43202110312500003 0.5206980515625 0.39752434999999997 0.5186688312500001 0.38129058437499996 0.48924512968749995 0.353896103125 0.3898133109375 0.30316558437499996 0.38169642812500004 0.27678571406249997 0.349228896875 0.27475649375 0.34517045468749996 0.28084415625000003 0.36444805156250004 0.281858765625 0.359375 0.29301948125 0.35227272656249997 0.29403409062499997 0.3603896109375 0.300121753125 0.346185065625 0.30215097343749997 0.35633116875000004 0.32244318125000004 0.3583603890625 0.3609983765625 0.403003246875 0.39752434999999997 0.41112012968749995 0.41375811718750005 0.41314935 0.43202110312500003
3 0.009334415625 0.40767045468749996 0.009334415625 0.4279626625 0.033685065624999996 0.46651785781250005 0.07021103906250001 0.49898538906249995 0.0762987015625 0.49898538906249995 0.07021103906250001 0.48478084375 0.0803571421875 0.434050325 0.10369318125 0.41477272656249997 0.14529220781250002 0.405641234375 0.135146103125 0.36302759687499997 0.12804383125000002 0.35795454531250004 0.054991882812500004 0.3620129875 0.03165584375 0.3792613640625 0.009334415625 0.40767045468749996
3 0.017451298437500002 0.2696834421875 0.017451298437500002 0.2920048703125 0.037743506249999996 0.31635551875 0.053977273437499994 0.35896915625000003 0.09760551875 0.353896103125 0.112824675 0.33867694843749996 0.1047077921875 0.2920048703125 0.105722403125 0.23823051875 0.06716720781249999 0.24431818125000002 0.036728896875 0.26866883124999996 0.0204951296875 0.2646103890625 0.017451298437500002 0.2696834421875