3 0.8359375 0.3115234375 0.8564453125 0.3046875 0.86328125 0.2880859375 0.859375 0.2470703125 0.841796875 0.2119140625 0.8330078125 0.20703125 0.8017578125 0.21484375 0.7919921875 0.205078125 0.7763671875 0.201171875 0.7451171875 0.205078125 0.716796875 0.2392578125 0.701171875 0.2919921875 0.685546875 0.3134765625 0.677734375 0.3369140625 0.677734375 0.3662109375 0.6875 0.3876953125 0.7177734375 0.4140625 0.7353515625 0.423828125 0.74609375 0.4228515625 0.8017578125 0.4140625 0.8212890625 0.404296875 0.830078125 0.3896484375 0.8359375 0.3115234375
3 0.90625 0.6513671875 0.908203125 0.5947265625 0.900390625 0.5712890625 0.8759765625 0.548828125 0.8505859375 0.572265625 0.8076171875 0.580078125 0.7587890625 0.576171875 0.7431640625 0.58203125 0.716796875 0.6142578125 0.69921875 0.6669921875 0.6875 0.7236328125 0.6875 0.7685546875 0.7392578125 0.794921875 0.81640625 0.7958984375 0.8369140625 0.79296875 0.857421875 0.7685546875 0.875 0.7041015625 0.90625 0.6513671875
3 0.8701171875 0.53125 0.8828125 0.5380859375 0.896484375 0.4873046875 0.88671875 0.4384765625 0.8798828125 0.4296875 0.8505859375 0.4140625 0.8017578125 0.4140625 0.7724609375 0.423828125 0.7490234375 0.423828125 0.71875 0.4521484375 0.68359375 0.5048828125 0.671875 0.5400390625 0.671875 0.5615234375 0.716796875 0.6044921875 0.7451171875 0.578125 0.8232421875 0.57421875 0.8603515625 0.53515625 0.8701171875 0.53125
3 0.56640625 0.2900390625 0.5439453125 0.26171875 0.5244140625 0.255859375 0.5087890625 0.259765625 0.4794921875 0.27734375 0.4580078125 0.298828125 0.4306640625 0.3125 0.419921875 0.3271484375 0.41015625 0.3662109375 0.4140625 0.4072265625 0.4384765625 0.421875 0.466796875 0.4228515625 0.4609375 0.3916015625 0.470703125 0.3759765625 0.568359375 0.3173828125 0.56640625 0.2900390625
3 0.40625 0.3857421875 0.3857421875 0.375 0.3388671875 0.37890625 0.322265625 0.4130859375 0.32421875 0.4384765625 0.3125 0.4892578125 0.310546875 0.5322265625 0.3193359375 0.5390625 0.361328125 0.5419921875 0.369140625 0.5146484375 0.361328125 0.4560546875 0.40625 0.4091796875 0.40625 0.3857421875
3 0.6748046875 0.3359375 0.6259765625 0.33203125 0.6171875 0.3525390625 0.62109375 0.3681640625 0.6005859375 0.37890625 0.578125 0.4033203125 0.5703125 0.4150390625 0.568359375 0.4365234375 0.6103515625 0.48046875 0.6396484375 0.486328125 0.6689453125 0.482421875 0.689453125 0.4912109375 0.73828125 0.4248046875 0.69140625 0.3935546875 0.677734375 0.3662109375 0.6748046875 0.3359375
3 0.66796875 0.5576171875 0.681640625 0.4990234375 0.6669921875 0.484375 0.6455078125 0.48828125 0.6181640625 0.482421875 0.60546875 0.4912109375 0.5703125 0.5517578125 0.537109375 0.6611328125 0.54296875 0.7060546875 0.5712890625 0.73828125 0.5966796875 0.748046875 0.630859375 0.7490234375 0.68359375 0.7216796875 0.7109375 0.6142578125 0.697265625 0.5888671875 0.66796875 0.5576171875
3 0.47265625 0.4833984375 0.4765625 0.4345703125 0.4658203125 0.42578125 0.4033203125 0.41796875 0.390625 0.4384765625 0.365234375 0.4599609375 0.369140625 0.5302734375 0.380859375 0.5302734375 0.390625 0.5732421875 0.40625 0.6064453125 0.4228515625 0.623046875 0.46875 0.6279296875 0.509765625 0.6162109375 0.50390625 0.5556640625 0.482421875 0.5205078125 0.47265625 0.4833984375
3 1 0.6728515625 0.9921875 0.6533203125 0.998046875 0.6279296875 0.9921875 0.5732421875 0.986328125 0.5595703125 0.9677734375 0.544921875 0.9091796875 0.548828125 0.896484375 0.5576171875 0.9140625 0.6025390625 0.908203125 0.6591796875 0.87890625 0.7001953125 0.8671875 0.7431640625 0.8740234375 0.748046875 0.9580078125 0.748046875 0.9716796875 0.755859375 0.994140625 0.7548828125 1 0.7509765625 1 0.6728515625
3 0.5712890625 0.48828125 0.5087890625 0.501953125 0.4921875 0.5146484375 0.505859375 0.5556640625 0.513671875 0.6162109375 0.5341796875 0.638671875 0.541015625 0.6376953125 0.56640625 0.5595703125 0.587890625 0.5166015625 0.587890625 0.5068359375 0.5712890625 0.48828125
3 0.568359375 0.4169921875 0.576171875 0.4013671875 0.619140625 0.3662109375 0.62109375 0.3291015625 0.630859375 0.3095703125 0.6171875 0.3076171875 0.625 0.3017578125 0.6181640625 0.30078125 0.61328125 0.2900390625 0.6318359375 0.2890625 0.6279296875 0.283203125 0.5966796875 0.28515625 0.5888671875 0.310546875 0.4931640625 0.359375 0.46484375 0.3857421875 0.462890625 0.4013671875 0.48046875 0.4345703125 0.48046875 0.4931640625 0.4892578125 0.5078125 0.498046875 0.5068359375 0.576171875 0.4833984375 0.578125 0.4501953125 0.56640625 0.4345703125 0.568359375 0.4169921875
3 0.93359375 0.3837890625 0.9111328125 0.3671875 0.8408203125 0.36328125 0.833984375 0.3681640625 0.82421875 0.4091796875 0.8642578125 0.41796875 0.88671875 0.4365234375 0.896484375 0.4853515625 0.890625 0.4990234375 0.896484375 0.4990234375 0.931640625 0.4677734375 0.955078125 0.4306640625 0.955078125 0.4111328125 0.93359375 0.3837890625
3 0.9443359375 0.2734375 0.9287109375 0.27734375 0.8994140625 0.25390625 0.8623046875 0.248046875 0.86328125 0.2998046875 0.85546875 0.3447265625 0.8701171875 0.359375 0.912109375 0.3642578125 0.927734375 0.3232421875 0.947265625 0.2998046875 0.947265625 0.2783203125 0.9443359375 0.2734375