3 0.986328125 0.8603515625 0.994140625 0.8505859375 0.994140625 0.8310546875 0.9775390625 0.8359375 0.9521484375 0.8203125 0.9453125 0.7861328125 0.9208984375 0.779296875 0.9111328125 0.763671875 0.8876953125 0.751953125 0.8740234375 0.7578125 0.763671875 0.8525390625 0.732421875 0.9150390625 0.72265625 0.9619140625 0.72265625 0.9990234375 0.943359375 0.9990234375 0.96875 0.9345703125 0.96875 0.8857421875 0.958984375 0.8681640625 0.986328125 0.8603515625
3 0.703125 0.8154296875 0.689453125 0.6943359375 0.6474609375 0.654296875 0.6162109375 0.646484375 0.5810546875 0.654296875 0.5498046875 0.681640625 0.5263671875 0.685546875 0.4765625 0.7333984375 0.4609375 0.7861328125 0.45703125 0.8466796875 0.46875 0.8798828125 0.5185546875 0.91015625 0.6005859375 0.927734375 0.634765625 0.9267578125 0.6611328125 0.919921875 0.69140625 0.8974609375 0.703125 0.8662109375 0.703125 0.8154296875
3 0.443359375 0.7099609375 0.419921875 0.6767578125 0.419921875 0.6455078125 0.408203125 0.5927734375 0.3681640625 0.5390625 0.3369140625 0.52734375 0.3251953125 0.513671875 0.2919921875 0.521484375 0.28515625 0.5419921875 0.26171875 0.5712890625 0.25390625 0.5966796875 0.240234375 0.7158203125 0.240234375 0.7939453125 0.2919921875 0.830078125 0.314453125 0.8291015625 0.3427734375 0.810546875 0.3994140625 0.791015625 0.4453125 0.7568359375 0.443359375 0.7099609375
3 0.271484375 0.5517578125 0.271484375 0.5380859375 0.259765625 0.4990234375 0.2314453125 0.4765625 0.2060546875 0.48828125 0.1787109375 0.48046875 0.1572265625 0.486328125 0.134765625 0.5126953125 0.099609375 0.5849609375 0.09375 0.6806640625 0.107421875 0.7431640625 0.1162109375 0.755859375 0.1337890625 0.76171875 0.171875 0.7626953125 0.2314453125 0.75390625 0.23828125 0.7412109375 0.251953125 0.5966796875 0.271484375 0.5517578125
3 0.62109375 0.6279296875 0.62109375 0.6044921875 0.658203125 0.5830078125 0.6640625 0.5693359375 0.6494140625 0.486328125 0.6357421875 0.486328125 0.619140625 0.5185546875 0.6103515625 0.51953125 0.599609375 0.5146484375 0.5703125 0.4716796875 0.5498046875 0.453125 0.5302734375 0.447265625 0.4755859375 0.447265625 0.4560546875 0.453125 0.4248046875 0.4765625 0.384765625 0.5283203125 0.380859375 0.5458984375 0.41015625 0.5927734375 0.42578125 0.6806640625 0.4443359375 0.705078125 0.484375 0.7158203125 0.5263671875 0.677734375 0.5810546875 0.6484375 0.6142578125 0.642578125 0.62109375 0.6279296875
3 0.5078125 0.4306640625 0.5078125 0.4169921875 0.48046875 0.3447265625 0.48046875 0.3232421875 0.498046875 0.3134765625 0.498046875 0.2998046875 0.484375 0.2607421875 0.4755859375 0.251953125 0.4462890625 0.25390625 0.4169921875 0.263671875 0.3876953125 0.28515625 0.3740234375 0.28515625 0.318359375 0.3330078125 0.3203125 0.3525390625 0.349609375 0.4169921875 0.3515625 0.4912109375 0.3681640625 0.513671875 0.3828125 0.5166015625 0.4345703125 0.462890625 0.4677734375 0.4453125 0.4931640625 0.4453125 0.5078125 0.4306640625
3 0.3134765625 0.3515625 0.3115234375 0.359375 0.2607421875 0.35546875 0.2255859375 0.361328125 0.1904296875 0.3984375 0.1796875 0.3994140625 0.2001953125 0.482421875 0.2353515625 0.4765625 0.31640625 0.5048828125 0.341796875 0.4853515625 0.341796875 0.4541015625 0.333984375 0.3974609375 0.3134765625 0.3515625
3 0.7890625 0.4345703125 0.7744140625 0.412109375 0.7236328125 0.375 0.6650390625 0.373046875 0.6396484375 0.38671875 0.599609375 0.4287109375 0.58984375 0.4560546875 0.59375 0.4814453125 0.6123046875 0.51171875 0.6318359375 0.486328125 0.6513671875 0.484375 0.666015625 0.5712890625 0.7021484375 0.583984375 0.7265625 0.5849609375 0.7666015625 0.58203125 0.787109375 0.5478515625 0.79296875 0.5205078125 0.7890625 0.4345703125
3 0.951171875 0.4677734375 0.9326171875 0.447265625 0.91796875 0.4423828125 0.91015625 0.4130859375 0.8955078125 0.400390625 0.8525390625 0.404296875 0.791015625 0.4443359375 0.794921875 0.5146484375 0.779296875 0.5732421875 0.84375 0.6064453125 0.8994140625 0.580078125 0.9404296875 0.5703125 0.94921875 0.5576171875 0.951171875 0.4677734375
3 0.8779296875 0.75390625 0.8916015625 0.751953125 0.9189453125 0.763671875 0.93359375 0.7470703125 0.953125 0.7041015625 0.955078125 0.6826171875 0.970703125 0.6416015625 0.970703125 0.5986328125 0.9541015625 0.572265625 0.9052734375 0.58203125 0.8427734375 0.611328125 0.8193359375 0.59375 0.8076171875 0.595703125 0.794921875 0.6123046875 0.763671875 0.6962890625 0.7314453125 0.724609375 0.69921875 0.7373046875 0.7109375 0.8525390625 0.7265625 0.8955078125 0.734375 0.8974609375 0.76171875 0.8486328125 0.8037109375 0.8125 0.8173828125 0.80859375 0.8779296875 0.75390625
3 0.7734375 0.6240234375 0.7734375 0.5869140625 0.7646484375 0.58203125 0.7080078125 0.5859375 0.6748046875 0.576171875 0.6630859375 0.580078125 0.6533203125 0.595703125 0.630859375 0.6005859375 0.623046875 0.6396484375 0.6435546875 0.646484375 0.673828125 0.6708984375 0.693359375 0.6962890625 0.693359375 0.7314453125 0.70703125 0.7333984375 0.7470703125 0.7109375 0.771484375 0.6728515625 0.767578125 0.6357421875 0.7734375 0.6240234375
3 0.849609375 0.2646484375 0.8251953125 0.255859375 0.802734375 0.2646484375 0.79296875 0.3095703125 0.794921875 0.3798828125 0.806640625 0.4267578125 0.814453125 0.4287109375 0.8486328125 0.404296875 0.89453125 0.3974609375 0.884765625 0.3232421875 0.849609375 0.2646484375
3 0.4638671875 0.25 0.4794921875 0.251953125 0.498046875 0.2880859375 0.5107421875 0.2890625 0.51953125 0.2724609375 0.51953125 0.2509765625 0.537109375 0.2314453125 0.525390625 0.1767578125 0.4482421875 0.115234375 0.4228515625 0.1171875 0.4033203125 0.109375 0.3798828125 0.1171875 0.369140625 0.1318359375 0.3515625 0.2255859375 0.34765625 0.2880859375 0.35546875 0.2998046875 0.3720703125 0.283203125 0.3876953125 0.283203125 0.4169921875 0.26171875 0.4638671875 0.25
3 0.2880859375 0.0078125 0.2724609375 0.0078125 0.2294921875 0.03125 0.185546875 0.0732421875 0.173828125 0.0947265625 0.16796875 0.1162109375 0.181640625 0.1533203125 0.162109375 0.1943359375 0.1875 0.2099609375 0.2548828125 0.15625 0.28515625 0.1435546875 0.2734375 0.0654296875 0.2880859375 0.0078125
3 0.1201171875 0.34765625 0.125 0.3447265625 0.1328125 0.3134765625 0.12890625 0.2119140625 0.1171875 0.1748046875 0.0966796875 0.146484375 0.0791015625 0.150390625 0.0517578125 0.171875 0.0283203125 0.16796875 0.009765625 0.1806640625 0.005859375 0.3466796875 0.01171875 0.3642578125 0.0205078125 0.349609375 0.0947265625 0.3359375 0.1083984375 0.337890625 0.1201171875 0.34765625
3 0.21875 0.2236328125 0.1943359375 0.212890625 0.134765625 0.2607421875 0.13671875 0.3115234375 0.12890625 0.3525390625 0.134765625 0.3916015625 0.1416015625 0.40234375 0.1767578125 0.400390625 0.1875 0.4052734375 0.19921875 0.3818359375 0.22265625 0.3623046875 0.23046875 0.3369140625 0.21875 0.2236328125
3 0.3271484375 0.1953125 0.2841796875 0.1640625 0.2705078125 0.1640625 0.2548828125 0.16796875 0.22265625 0.2060546875 0.224609375 0.2861328125 0.232421875 0.3291015625 0.2451171875 0.345703125 0.2666015625 0.353515625 0.298828125 0.3525390625 0.3125 0.3427734375 0.33984375 0.2861328125 0.341796875 0.2197265625 0.3271484375 0.1953125
3 0.5419921875 0.1015625 0.533203125 0.1259765625 0.55859375 0.1630859375 0.560546875 0.1904296875 0.5654296875 0.1953125 0.6083984375 0.19140625 0.638671875 0.2021484375 0.666015625 0.1318359375 0.69140625 0.0947265625 0.6533203125 0.08984375 0.5419921875 0.1015625
3 0.712890625 0.3447265625 0.693359375 0.3115234375 0.6513671875 0.267578125 0.5966796875 0.234375 0.5576171875 0.23046875 0.5439453125 0.234375 0.53125 0.2470703125 0.51953125 0.2939453125 0.486328125 0.3271484375 0.486328125 0.3427734375 0.49609375 0.3779296875 0.5166015625 0.412109375 0.5517578125 0.427734375 0.5595703125 0.423828125 0.5654296875 0.431640625 0.5732421875 0.42578125 0.587890625 0.4384765625 0.6455078125 0.380859375 0.6650390625 0.37109375 0.7060546875 0.37109375 0.712890625 0.3447265625
3 0.1455078125 0.072265625 0.1123046875 0.078125 0.09375 0.0966796875 0.091796875 0.1396484375 0.1162109375 0.169921875 0.150390625 0.1708984375 0.169921875 0.1357421875 0.171875 0.0927734375 0.1611328125 0.078125 0.1455078125 0.072265625