3 0.047734128125000004 0 0.02808544375 0.057159809375 0.02808544375 0.1046281640625 0.0359968359375 0.12045094999999999 0.05577531718749999 0.136273734375 0.0775316453125 0.207476265625 0.10818829062499999 0.24011075937499998 0.12203322812499999 0.234177215625 0.1695015828125 0.18473101249999999 0.19323575937499998 0.174841771875 0.23575949375 0.142207278125 0.2634493671875 0.0927610765625 0.2733386078125 0.0492484171875 0.27593062968750004 0 0.047734128125000004 0
3 0.297072784375 0.136273734375 0.310917721875 0.3004351265625 0.33366297500000003 0.3291139234375 0.369264240625 0.3488924046875 0.43057753125 0.33900316406250003 0.4523338609375 0.3192246828125 0.4760680375 0.30933544375 0.52254746875 0.26878955625 0.5423259500000001 0.2114319625 0.541337025 0.194620253125 0.532436709375 0.156052215625 0.538370253125 0.12440664531250001 0.50969145625 0.09375 0.480023734375 0.077927215625 0.414754746875 0.064082278125 0.3514636078125 0.064082278125 0.3089398734375 0.0947389234375 0.297072784375 0.136273734375
3 0.583860759375 0.3162579109375 0.583860759375 0.34790348125000004 0.5977056968750001 0.40723892343749996 0.6323180374999999 0.4537183546875 0.6698971515625 0.4695411390625 0.681764240625 0.48338607656250004 0.7094541140625 0.47745253125 0.7183544296875 0.46855221562500005 0.7519778484375 0.40526107656250004 0.7579113921875 0.3162579109375 0.765822784375 0.2846123421875 0.766811709375 0.20450949375 0.73121044375 0.17088607656250002 0.71736550625 0.1629746828125 0.6936313296875001 0.1609968359375 0.661985759375 0.1807753171875 0.5967167718749999 0.20450949375 0.5621044296875 0.23121044375 0.5660601265625 0.28856803750000004 0.583860759375 0.3162579109375
3 0.7361550640625001 0.4626186703125 0.7292325953125001 0.4537183546875 0.724287975 0.4665743671875 0.7282436703124999 0.4725079109375 0.7183544296875 0.48239715156249996 0.7747231015625 0.5189873421875 0.8043908234374999 0.5090981015625 0.838014240625 0.513053796875 0.8498813296875 0.507120253125 0.8746044296875001 0.474485759375 0.90625 0.4111946203125 0.9092167718749999 0.3152689875 0.9082278484374999 0.2747231015625 0.8914161390625001 0.2361550640625 0.8676819625000001 0.2282436703125 0.8241693031249999 0.2282436703125 0.772745253125 0.23813291093750003 0.7539556968750001 0.4013053796875 0.7321993671875 0.44679588593749997 0.7361550640625001 0.4626186703125
3 1 0.6491627109375 0.99030854375 0.64754746875 0.9210838609374999 0.6613924046874999 0.89932753125 0.6613924046874999 0.8933939875 0.6554588609375 0.8825158234374999 0.66040348125 0.8726265828124999 0.6979825953125001 0.8785601265625 0.7790743671875 0.8884493671874999 0.8186313296875 0.9111946203124999 0.8532436703125 0.9270174046875 0.8512658234374999 0.958662975 0.82950949375 0.9804193031249999 0.82950949375 1 0.8225615046874999 1 0.6491627109375
3 0.8162579109375001 0.7919303796875 0.7490110765625 0.8473101265625 0.720332278125 0.858188290625 0.7321993671875 0.9392800640625 0.7183544296875 0.9966376578125 0.73121044375 0.9976265828124999 0.74307753125 0.98575949375 0.778678796875 0.969936709375 0.8360363921875 0.9086234171875001 0.8498813296875 0.9264240499999999 0.8795490499999999 0.9284018984375001 0.89932753125 0.9224683546874999 0.9141613921875 0.903678796875 0.9151503171875 0.86906645625 0.889438290625 0.8314873421875 0.8597705703124999 0.82950949375 0.850870253125 0.8443433546874999 0.8320806968750001 0.8571993671874999 0.8251582281250001 0.84236550625 0.844936709375 0.8107199359375 0.8241693031249999 0.78995253125 0.8162579109375001 0.7919303796875
3 0.8746044296875001 0.735561709375 0.870648734375 0.6940268984375 0.8815268984375001 0.6435917718749999 0.8676819625000001 0.5941455703125 0.8162579109375001 0.598101265625 0.7836234171875 0.6386471515625 0.7737341765625 0.670292721875 0.785601265625 0.767207278125 0.792523734375 0.7820411390625 0.818235759375 0.7859968359375 0.8746044296875001 0.735561709375
3 0.5532041140625 0.5446993671875 0.5334256328125 0.552610759375 0.5077136078125 0.552610759375 0.492879746875 0.56942246875 0.52254746875 0.6643591765625 0.5205696203125 0.6742484171875 0.5027689875 0.690071203125 0.5106803796875 0.7217167718749999 0.525514240625 0.7464398734375 0.5591376578125 0.7464398734375 0.5888053796875 0.734572784375 0.6145174046874999 0.71281645625 0.6323180374999999 0.71281645625 0.6867088609375 0.670292721875 0.687697784375 0.6435917718749999 0.6748417718749999 0.6030458859375 0.6609968359375 0.585245253125 0.6590189875 0.5179984171875 0.6342958859375 0.481408228125 0.622428796875 0.4794303796875 0.6085838609375 0.487341771875 0.577927215625 0.525909809375 0.5532041140625 0.5446993671875
3 0.727254746875 0.8413765828124999 0.7371439875 0.8413765828124999 0.7776898734375 0.806764240625 0.785601265625 0.7889636078125 0.7846123421875 0.7662183546875 0.7678006328125 0.66040348125 0.7470332281250001 0.6495253171875001 0.7035205703125 0.6495253171875001 0.67879746875 0.6880933546875 0.6609968359375 0.6979825953125001 0.6570411390625 0.781052215625 0.6629746828124999 0.7948971515625 0.727254746875 0.8413765828124999
3 0.7767009500000001 0.6534810125 0.8192246828125 0.5971123421875 0.8202136078125 0.572389240625 0.8043908234374999 0.5189873421875 0.7707674046874999 0.520965190625 0.69165348125 0.501186709375 0.6669303796875 0.5219541140625 0.6847310125 0.62084651875 0.71736550625 0.6435917718749999 0.7549446203125 0.6435917718749999 0.7767009500000001 0.6534810125
3 0.37025316406250003 0.3973496828125 0.349485759375 0.402294303125 0.336629746875 0.4191060125 0.3504746828125 0.5081091765625 0.3672863921875 0.5110759500000001 0.3910205703125 0.481408228125 0.40585442968749996 0.4962420890625 0.4196993671875 0.54371044375 0.4523338609375 0.552610759375 0.525514240625 0.5506329109375 0.545292721875 0.5446993671875 0.583860759375 0.514042721875 0.619462025 0.46855221562500005 0.622428796875 0.45174050625 0.5957278484375 0.409216771875 0.5759493671875 0.3142800640625 0.557159809375 0.28757911406250003 0.52155854375 0.2737341765625 0.43651107656250004 0.33900316406250003 0.3910205703125 0.3488924046875 0.382120253125 0.357792721875 0.37025316406250003 0.3973496828125
3 0.2238924046875 0.42306170937500004 0.2080696203125 0.4626186703125 0.2080696203125 0.55557753125 0.2179588609375 0.579311709375 0.24663765781250002 0.5961234171875 0.2683939875 0.6198575953125001 0.2802610765625 0.6257911390625 0.33366297500000003 0.6257911390625 0.3514636078125 0.617879746875 0.401898734375 0.56942246875 0.41079904999999994 0.536787975 0.3910205703125 0.48338607656250004 0.3672863921875 0.5110759500000001 0.34849683593749997 0.510087025 0.34058544375 0.43888449375 0.3316851265625 0.42207278437499995 0.2763053796875 0.410205696875 0.23477057031249998 0.4141613921875 0.2238924046875 0.42306170937500004
3 0.23180379687500002 0.357792721875 0.225870253125 0.40723892343749996 0.23279272187500002 0.41218354375 0.28817246875 0.40822784843750004 0.329707278125 0.4181170890625 0.3475079109375 0.3983386078125 0.3682753171875 0.3933939875 0.3771756328125 0.356803796875 0.31882911406250003 0.318235759375 0.30696202499999997 0.2964794296875 0.30696202499999997 0.2628560125 0.2941060125 0.259889240625 0.25454905 0.2816455703125 0.23575949375 0.3043908234375 0.22784810156250002 0.32219145625 0.23180379687500002 0.357792721875
3 0.13093354375 0.3518591765625 0.161590190625 0.364715190625 0.17642405 0.3933939875 0.18334651875000002 0.40031645625 0.1912579109375 0.3983386078125 0.200158228125 0.389438290625 0.23773734218749998 0.2964794296875 0.2723496828125 0.2678006328125 0.30102848125000004 0.2549446203125 0.30003955625 0.22626582343749999 0.2931170890625 0.11847310156249999 0.2683939875 0.0917721515625 0.239715190625 0.14022942968750002 0.22290348125 0.1570411390625 0.17939082343749999 0.18473101249999999 0.109177215625 0.2450553796875 0.1131329109375 0.28856803750000004 0.13093354375 0.3518591765625
3 0.1398338609375 0.5961234171875 0.1556566453125 0.588212025 0.21004746875000002 0.5516218359375 0.2080696203125 0.4626186703125 0.2248813296875 0.416139240625 0.14378955625 0.3983386078125 0.0547863921875 0.42602848125000004 0.0063291140625 0.488330696875 0.0063291140625 0.5516218359375 0.033030064062499996 0.58227848125 0.0646756328125 0.6020569625000001 0.0903876578125 0.592167721875 0.1398338609375 0.5961234171875
3 0.2051028484375 0.6277689875 0.1892800640625 0.56843354375 0.14378955625 0.5961234171875 0.1032436703125 0.6010680374999999 0.1131329109375 0.676226265625 0.1556566453125 0.73852848125 0.1853243671875 0.7424841765625 0.1981803796875 0.7316060125 0.2051028484375 0.6277689875
3 0.3158623421875 0.910601265625 0.35541930312500003 0.910601265625 0.45431170937500004 0.9026898734375 0.46321202499999997 0.897745253125 0.47013449375 0.8730221515625001 0.4454113921875 0.8403876578125 0.440466771875 0.7958860765625 0.4167325953125 0.8077531640625001 0.3910205703125 0.8077531640625001 0.36333069687499997 0.7978639234375 0.3346518984375 0.8720332281250001 0.310917721875 0.9056566453125001 0.3158623421875 0.910601265625
3 0.48991297500000003 0.708860759375 0.48299050625 0.7236946203125 0.48299050625 0.747428796875 0.4651898734375 0.7691851265625 0.46914557031250004 0.8047863921875 0.479034809375 0.826542721875 0.5551819625000001 0.884889240625 0.5828718359375 0.884889240625 0.5947389234375 0.8928006328125001 0.6244066453125 0.884889240625 0.635284809375 0.8700553796875001 0.655063290625 0.7691851265625 0.656052215625 0.69897151875 0.646162975 0.69897151875 0.6323180374999999 0.7147943031249999 0.61253955625 0.7167721515625 0.58682753125 0.73852848125 0.5551819625000001 0.748417721875 0.525514240625 0.748417721875 0.5067246828124999 0.7138053796875 0.48991297500000003 0.708860759375
3 0.2960838609375 0.6257911390625 0.28718354375 0.6327136078125 0.2891613921875 0.6584256328125 0.3089398734375 0.6920490499999999 0.35344145625 0.734572784375 0.4167325953125 0.768196203125 0.4503560125 0.768196203125 0.46914557031250004 0.755340190625 0.48101265781249997 0.7078718359375 0.5185917718749999 0.6722705703125 0.5176028484375 0.6554588609375 0.5067246828124999 0.6168908234375 0.485957278125 0.5862341765625 0.460245253125 0.5704113921875 0.42068829062499996 0.5704113921875 0.4127768984375 0.5625 0.3475079109375 0.62183544375 0.33366297500000003 0.6277689875 0.2960838609375 0.6257911390625