3 0.24905385 1 0.2478373703125 0.9941609 0.21323529375 0.924956746875 0.0910467125 0.8200692046875 0.0759083046875 0.813581315625 0.049956746875 0.82655709375 0.039143598437499996 0.84385813125 0.0121107265625 0.8514273359375 0.004541521875 0.88927335625 0 0.8920681406250001 0 1 0.24905385 1
3 0.43216551406250003 1 0.48464532812499994 0.988754325 0.5397923875 0.9552335640624999 0.5527681656250001 0.9184688578125 0.54844290625 0.8514273359375 0.53114186875 0.7930363328125 0.47599480937500005 0.740051903125 0.45004325312500004 0.73572664375 0.4154411765625 0.7054498265625 0.37651384062500004 0.6967993078125 0.3419117640625 0.7054498265625 0.295415225 0.7497837374999999 0.28027681718749997 0.8838667812500001 0.28027681718749997 0.94009515625 0.2932525953125 0.9746972312500001 0.32677335625000004 0.9995674734375 0.328441671875 1 0.43216551406250003 1
3 0.5657439453124999 0.8189878890625 0.6165657437500001 0.8568339093749999 0.67928200625 0.8784602078124999 0.7106401390625 0.8990051906250001 0.73551038125 0.9000865046875001 0.79282006875 0.8600778546875001 0.79282006875 0.7735726640625 0.7776816609375 0.6416522484375 0.7690311421875 0.6135380625 0.743079584375 0.581098615625 0.73551038125 0.558391003125 0.698745675 0.549740484375 0.685769896875 0.5648788921875 0.6511678203125 0.5778546718750001 0.6068339093749999 0.6373269890625 0.59385813125 0.69571799375 0.59385813125 0.73032006875 0.5679065750000001 0.767084775 0.5657439453124999 0.8189878890625
3 0.779844290625 0.6416522484375 0.7949826984375 0.8016868515625 0.8025519031250001 0.8157439453125 0.8685121109375 0.825475778125 0.9106833906249999 0.8243944640624999 0.9301470593750001 0.817906575 0.9398788921874999 0.80384948125 0.9550173015625001 0.7346453281249999 0.9485294124999999 0.6286764703125 0.9096020765624999 0.5486591703125 0.884731834375 0.5194636671875 0.86094290625 0.5129757781250001 0.8306660906250001 0.521626296875 0.8025519031250001 0.50865051875 0.7711937718749999 0.5335207609375 0.75821799375 0.57677335625 0.75821799375 0.5919117640625 0.779844290625 0.6416522484375
3 0.37867647031249996 0.6924740484374999 0.4154411765625 0.6989619375 0.47599480937500005 0.731401384375 0.52249135 0.7735726640625 0.5668252593750001 0.7616782 0.5873702421875 0.7346453281249999 0.6046712796875 0.6373269890625 0.6371107265625 0.585423875 0.6327854671875001 0.5659602078125 0.5884515578125 0.50865051875 0.55384948125 0.48269896250000005 0.5322231828125 0.47621107343749997 0.47166955 0.47621107343749997 0.45004325312500004 0.48269896250000005 0.42733564062499996 0.5032439453124999 0.39489619375 0.5508218 0.3830017296875 0.5562283734375 0.373269896875 0.5551470593750001 0.35488754375 0.5194636671875 0.339749134375 0.5194636671875 0.3235294125 0.6113754328125001 0.3300173015625 0.626513840625 0.3711072671875 0.65030276875 0.3711072671875 0.676254325 0.37867647031249996 0.6924740484374999
3 0.512759515625 0.47404844218750003 0.540873703125 0.47404844218750003 0.5776384078125 0.4935121109375 0.634948096875 0.5529844296875 0.6511678203125 0.549740484375 0.6695501734375 0.5248702421875 0.6717128031249999 0.4426903109375 0.7041522484375 0.37132352968750004 0.7063148781249999 0.34969723125 0.64467993125 0.29671280312500004 0.629541521875 0.29671280312500004 0.5971020765625 0.272923875 0.5646626296874999 0.2621107265625 0.5322231828125 0.259948096875 0.52249135 0.26967993125 0.5073529406249999 0.3129325265625 0.5073529406249999 0.328070934375 0.526816609375 0.33888408281250004 0.526816609375 0.3626730109375 0.4965397921875 0.4426903109375 0.4965397921875 0.4578287203125 0.512759515625 0.47404844218750003
3 0.689013840625 0.42106401406250005 0.680363321875 0.4837802765625 0.680363321875 0.518382353125 0.708477509375 0.54000865 0.79822664375 0.50865051875 0.8371539796875 0.5151384078125 0.8598615921875 0.42322664374999996 0.8479671281250001 0.42214532812499994 0.8090397921875001 0.38105536406249996 0.77011245625 0.3745674734375 0.7138840828124999 0.3788927328125 0.711721453125 0.3702422140625 0.689013840625 0.42106401406250005
3 0.18079584843750002 0.5573096890625 0.1872837375 0.5875865046875 0.20999135 0.6254325265625 0.254325259375 0.6286764703125 0.28135813125000003 0.6275951562500001 0.32136678125 0.6135380625 0.3375865046875 0.5173010375 0.35921280312500004 0.5194636671875 0.3808391 0.5475778546875001 0.4013840828125 0.51405709375 0.4057093421875 0.48594290625000003 0.39489619375 0.455666090625 0.350562284375 0.40916955 0.322448096875 0.3940311421875 0.2575692046875 0.396193771875 0.20134082968749997 0.43728373749999994 0.1851211078125 0.4621539796875 0.18079584843750002 0.5573096890625
3 0.007785467187500001 0.5983996546875 0.0175173015625 0.612456746875 0.06293252656250001 0.623269896875 0.1245674734375 0.6524653984375 0.19593425625 0.6157006921875 0.17863321875 0.5508218 0.182958478125 0.47296712812499997 0.114835640625 0.42863321875000004 0.06725778593750001 0.4243079578125 0.0510380625 0.4383650515625 0.04238754375 0.47080449843750005 0.0261678203125 0.47621107343749997 0.0056228375 0.498918684375 0.007785467187500001 0.5983996546875
3 0 0.7334018171875 0.0012975781250000001 0.7368079578125 0.0034602078125 0.7605968859375001 0.0250865046875 0.808174740625 0.041306228125 0.82655709375 0.07158304531250001 0.813581315625 0.086721453125 0.8157439453125 0.153762975 0.8762975781250001 0.168901384375 0.8806228375 0.2153979234375 0.9206314875 0.245674740625 0.9746972312500001 0.254325259375 0.9725346015625 0.271626296875 0.924956746875 0.28460207656250003 0.7973615921875 0.24891868437500003 0.7833044984375 0.21323529375 0.7519463671875 0.17863321875 0.6589532874999999 0.16457612500000002 0.640570934375 0.1516003453125 0.6384083046875 0.12564878906250002 0.657871971875 0.0564446359375 0.6254325265625 0.0023788921875 0.6146193765625 0 0.61839761875 0 0.7334018171875
3 0.20891003437500003 0.6849048437499999 0.204584775 0.725994809375 0.23161764687500003 0.7681660906250001 0.27595155781249997 0.7930363328125 0.291089965625 0.790873703125 0.291089965625 0.7519463671875 0.3127162625 0.7238321796875 0.34623702500000003 0.6967993078125 0.36894463593750004 0.689230103125 0.3602941171875 0.645977509375 0.335423875 0.640570934375 0.3246107265625 0.623269896875 0.3116349484375 0.6189446359375 0.2748702421875 0.6297577859375 0.2121539796875 0.6254325265625 0.2024221453125 0.6308391 0.2024221453125 0.671929065625 0.20891003437500003 0.6849048437499999
3 0.07915224843749999 0.33888408281250004 0.0683391 0.42106401406250005 0.11916089999999999 0.42863321875000004 0.15700692031250002 0.455666090625 0.1656574390625 0.4535034609375 0.17863321875 0.4016003453125 0.18079584843750002 0.323745675 0.1699826984375 0.274005190625 0.14511245625 0.26427335625000004 0.11807958437499999 0.274005190625 0.07915224843749999 0.33888408281250004
3 0.5971020765625 0.2707612453125 0.629541521875 0.2945501734375 0.6468425609375 0.2945501734375 0.6652249140625 0.3129325265625 0.6738754328125001 0.299956746875 0.6695501734375 0.23075259531249998 0.6500865046875 0.12694636718750002 0.6381920421875 0.11072664375 0.612240484375 0.102076125 0.5906141875 0.11072664375 0.5625 0.1085640140625 0.47707612499999996 0.1766868515625 0.4641003453125 0.237240484375 0.48356401406250005 0.25886678125 0.48356401406250005 0.282655709375 0.49329584843749996 0.3010380625 0.5073529406249999 0.299956746875 0.5278979234375 0.259948096875 0.5451989625 0.2577854671875 0.5971020765625 0.2707612453125
3 0.74247478125 0 0.7560553640625 0.0534169546875 0.743079584375 0.1399221453125 0.7766003453125 0.1539792390625 0.8512110734375 0.21345155781249997 0.879325259375 0.19615051875 0.8576989625 0.15073529375 0.8728373703125 0.10964532812500001 0.86634948125 0.08585640156249999 0.853373703125 0.0620674734375 0.8047145328124999 0.015570934375000001 0.7761678203125 0 0.74247478125 0
3 1 0.1700908296875 0.971237025 0.14749135 0.95177335625 0.14316609062500002 0.9290657437500001 0.174524221875 0.9160899656250001 0.2156141875 0.91176470625 0.328070934375 0.920415225 0.3626730109375 0.9258217999999999 0.36591695468749996 0.9387975781250001 0.35510380625 0.9539359859375001 0.3529411765625 1 0.3614266515625 1 0.1700908296875
3 0.8036332187499999 0.354022490625 0.8122837374999999 0.382136678125 0.83823529375 0.40376297499999997 0.8512110734375 0.42971453281249994 0.8631055359375001 0.4243079578125 0.9020328718749999 0.4264705875 0.9096020765624999 0.41457612499999996 0.9160899656250001 0.37132352968750004 0.907439446875 0.3259083046875 0.9096020765624999 0.26967993125 0.84364186875 0.2166955015625 0.8166089968750001 0.22858996562499997 0.8036332187499999 0.354022490625
3 0.680363321875 0.22426470625 0.6825259515625001 0.2977941171875 0.71280276875 0.36051038125 0.7279411765625 0.37132352968750004 0.7636245671874999 0.37240484375 0.7874134953125 0.363754325 0.8014705875000001 0.345371971875 0.8101211078125001 0.2977941171875 0.8122837374999999 0.209126296875 0.7766003453125 0.1669550171875 0.7592993078125 0.1626297578125 0.7441609 0.1626297578125 0.6965830453125 0.197231834375 0.680363321875 0.22426470625
3 0.335423875 0.08044982656250001 0.2932525953125 0.08585640156249999 0.32136678125 0.12694636718750002 0.35164359843750004 0.2048010375 0.385164359375 0.192906575 0.4327422140625 0.197231834375 0.43814878906250004 0.191825259375 0.44031141875 0.1615484421875 0.46842560625 0.12045847812499999 0.458693771875 0.09342560625 0.335423875 0.08044982656250001
3 0.27703287187500003 0.3918685125 0.322448096875 0.3918685125 0.34407439375000004 0.4026816609375 0.407871971875 0.4664792390625 0.42409169531249996 0.45242214531249997 0.4327422140625 0.458910034375 0.439230103125 0.450259515625 0.4478806234375 0.454584775 0.4868079578125 0.43728373749999994 0.5095155703125 0.399437715625 0.5203287203125 0.36051038125 0.5203287203125 0.3432093421875 0.48356401406250005 0.30644463593750004 0.4705882359375 0.254541521875 0.4565311421875 0.2404844296875 0.4413927328125 0.23615917031250003 0.3981401390625 0.2404844296875 0.3375865046875 0.277249134375 0.291089965625 0.3259083046875 0.26946366718750003 0.3626730109375 0.27703287187500003 0.3918685125
3 0.880406575 0.0674740484375 0.8685121109375 0.083693771875 0.870674740625 0.1312716265625 0.8923010375 0.1701989625 0.9301470593750001 0.169117646875 0.95717993125 0.1355968859375 0.9550173015625001 0.08801903125 0.9344723187499999 0.0674740484375 0.8977076125 0.060986159375 0.880406575 0.0674740484375