3 1 0.778361425 0.9586828859375001 0.787751678125 0.90625 0.8171140937500001 0.8716442953125 0.8622063765625001 0.86115771875 0.8873741609374999 0.8087248328125 0.93770973125 0.8024328859375001 0.9523909390625 0.837038590625 0.9848993281249999 0.8864589687500001 1 1 1 1 0.778361425
3 0.957634228125 0.52663590625 0.9251258390625001 0.49622483281249996 0.8915687921875 0.5025167781250001 0.850671140625 0.493078859375 0.832843959375 0.49203020156250005 0.7720218125 0.51300335625 0.7290268453125 0.56229026875 0.71854026875 0.587458053125 0.6975671140624999 0.6105285234375 0.6870805375 0.6755453015625 0.708053690625 0.7132969796874999 0.7384647656250001 0.7374161078125 0.912541946875 0.752097315625 0.9565855703125001 0.7395134234375 0.989093959375 0.694421140625 0.989093959375 0.627307046875 0.9744127515625 0.5580956375 0.957634228125 0.52663590625
3 0.886325503125 0.3315855703125 0.8842281875 0.3064177859375 0.8758389265625001 0.2917365765625 0.8401845640625 0.25398489999999996 0.7552432890625 0.2550335578125 0.7216862421875 0.26342281875 0.627307046875 0.26971476562499996 0.560192953125 0.305369128125 0.5507550328125 0.314807046875 0.5444630874999999 0.34416946249999997 0.5591442953125 0.35675335625 0.57592281875 0.3966023484375 0.62520973125 0.43330536875 0.6881291953125 0.4479865765625 0.7216862421875 0.4479865765625 0.7510486578125 0.46686241562499997 0.8118708046875 0.47105704687500005 0.8401845640625 0.4343540265625 0.8653523484375001 0.36514261718749996 0.886325503125 0.3315855703125
3 0.815016778125 0.1470218125 0.8066275171875 0.1218540265625 0.765729865625 0.10402684531249999 0.7227349000000001 0.10297818750000001 0.6210150999999999 0.10612416093749999 0.55390100625 0.13968120781249999 0.5192953015625 0.1658976515625 0.51300335625 0.17848154375 0.5171979859375 0.21413590624999998 0.506711409375 0.2455956375 0.5455117453125 0.305369128125 0.555998321875 0.29488254999999997 0.56229026875 0.29907718125 0.57592281875 0.2938338921875 0.5664849000000001 0.2864932890625 0.5832634234375 0.29068791875 0.631501678125 0.26761745000000003 0.8045302015625 0.247692953125 0.815016778125 0.1931627515625 0.815016778125 0.1470218125
3 0.1871820203125 0 0.1774328859375 0.0274748328125 0.1774328859375 0.0505453015625 0.154362415625 0.0841023484375 0.1522651 0.10088087187500001 0.18896812031250002 0.125 0.2309144296875 0.13548657656250002 0.3169043625 0.1417785234375 0.35675335625 0.131291946875 0.36199664375 0.1197567109375 0.35570469843749997 0.113464765625 0.35570469843749997 0.0903942953125 0.37038590625 0.016988254687500003 0.368288590625 0.0044043625 0.3627831375 0 0.1871820203125 0
3 0 0.30264261718749996 0.00020973124999999998 0.305369128125 0.0610318796875 0.29068791875 0.1470218125 0.3032718125 0.158557046875 0.2728607375 0.2172818796875 0.2015520140625 0.2193791953125 0.1931627515625 0.19735738281249998 0.1711409390625 0.1638003359375 0.19211409375 0.1480704703125 0.18477349062499998 0.1617030203125 0.16484899375 0.1774328859375 0.1554110734375 0.1753355703125 0.1239513421875 0.13548657656250002 0.09668624218750001 0.0987835578125 0.0977349 0.0788590609375 0.113464765625 0.07256711406250001 0.13443791875 0.0746644296875 0.1658976515625 0.09354026875 0.180578859375 0.028523490624999998 0.24140100625 0.0117449671875 0.27915268437499996 0 0.2908976515625 0 0.30264261718749996
3 0.379823825 0.23615771875 0.42281879218749996 0.2015520140625 0.4270134234375 0.1470218125 0.37458053750000003 0.1323406046875 0.32109899375 0.1438758390625 0.27705536875000003 0.13968120781249999 0.22357382499999998 0.19945469843750002 0.22776845625000003 0.2267197984375 0.24349832187499998 0.23406040312499998 0.346266778125 0.2466442953125 0.379823825 0.23615771875
3 0.5077600671875 0.368288590625 0.43645134218750004 0.366191275 0.41757550312499997 0.3515100671875 0.37458053750000003 0.33787751718750003 0.346266778125 0.338926175 0.301174496875 0.3966023484375 0.301174496875 0.41547818750000004 0.2781040265625 0.4427432890625 0.265520134375 0.4742030203125 0.265520134375 0.5098573828124999 0.2917365765625 0.5255872484374999 0.3252936234375 0.533976509375 0.342072146875 0.515100671875 0.352558725 0.51300335625 0.453229865625 0.5444630874999999 0.47105704687500005 0.5287332218749999 0.47105704687500005 0.5014681203125 0.479446309375 0.48049496718749996 0.49937080468749995 0.45427852343749997 0.54026845625 0.421770134375 0.54865771875 0.40708892656250006 0.546560403125 0.3945050328125 0.5077600671875 0.368288590625
3 0.368288590625 0.32109899375 0.368288590625 0.274958053125 0.35675335625 0.2529362421875 0.2445469796875 0.2351090609375 0.220427853125 0.23406040312499998 0.2015520140625 0.24244966406250001 0.16484899375 0.28544463124999997 0.16484899375 0.2959312078125 0.21413590624999998 0.364093959375 0.2288171140625 0.37038590625 0.3169043625 0.366191275 0.3273909390625 0.3473154359375 0.368288590625 0.32109899375
3 0.5255872484374999 0.3336828859375 0.50461409375 0.24979026875 0.506711409375 0.21413590624999998 0.4500838921875 0.19735738281249998 0.42386745000000003 0.198406040625 0.364093959375 0.24349832187499998 0.37458053750000003 0.2665687921875 0.37458053750000003 0.3064177859375 0.3986996640625 0.341023490625 0.5035654359375 0.359899328125 0.5255872484374999 0.3336828859375
3 0.752097315625 0.47630033593750004 0.7237835578125 0.4563758390625 0.623112415625 0.43540268437499996 0.578020134375 0.40708892656250006 0.560192953125 0.4102349 0.5119546984375 0.4479865765625 0.479446309375 0.488884228125 0.4731543625 0.5098573828124999 0.47105704687500005 0.587458053125 0.48049496718749996 0.6220637578125 0.5308305375 0.6367449671875 0.546560403125 0.6524748328125 0.515100671875 0.6776426171875001 0.51824664375 0.6954697984375 0.6126258390625 0.71015100625 0.6304530203125001 0.69651845625 0.635696309375 0.67449664375 0.6776426171875001 0.6619127515625001 0.6870805375 0.6524748328125 0.6975671140624999 0.6042365765625 0.7667785234375 0.5140520140625 0.752097315625 0.47630033593750004
3 0.516149328125 0.6975671140624999 0.515100671875 0.6776426171875001 0.5444630874999999 0.6524748328125 0.4878355703125 0.631501678125 0.453229865625 0.640939596875 0.4018456375 0.694421140625 0.3934563765625 0.7132969796874999 0.3934563765625 0.7699244968750001 0.399748321875 0.7825083890625 0.4249161078125 0.805578859375 0.4427432890625 0.8359899328125 0.46791107343749994 0.846476509375 0.5664849000000001 0.846476509375 0.6084312078125 0.8296979859375 0.617869128125 0.8181627515625 0.6220637578125 0.774119128125 0.609479865625 0.7153942953125 0.591652684375 0.7059563765625 0.516149328125 0.6975671140624999
3 0.7783137578125 0.7416107375000001 0.7426593953125 0.7416107375000001 0.7195889265625001 0.7290268453125 0.678691275 0.667156040625 0.6398909390624999 0.676593959375 0.6346476515624999 0.698615771875 0.6136744968750001 0.7174916109375 0.6241610734374999 0.7615352343749999 0.6199664421875 0.8202600671875 0.62520973125 0.8276006718750001 0.6776426171875001 0.821308725 0.7153942953125 0.8255033562499999 0.734270134375 0.8171140937500001 0.7583892624999999 0.797189596875 0.78145973125 0.7552432890625 0.7783137578125 0.7416107375000001
3 0.9083473156249999 0.8129194625 0.95973154375 0.7825083890625 0.9314177859375 0.756291946875 0.8171140937500001 0.7489513421875 0.7867030203125001 0.747902684375 0.7730704703125 0.7783137578125 0.7426593953125 0.815016778125 0.6440855703125 0.854865771875 0.6346476515624999 0.864303690625 0.6325503359375 0.8726929531250001 0.6398909390624999 0.8800335578125 0.6703020140625 0.8957634234375 0.6839345640625 0.9282718125 0.7510486578125 0.9471476515624999 0.797189596875 0.95134228125 0.86115771875 0.8768875843749999 0.8905201343750001 0.8307466437500001 0.9083473156249999 0.8129194625
3 0.6080909765625 1 0.6346476515624999 0.9146392625 0.6157718125 0.8286493281249999 0.5664849000000001 0.846476509375 0.4721057046875 0.8443791953125 0.43330536875 0.9020553687499999 0.4249161078125 0.9188338921874999 0.4291107375 0.971266778125 0.4186241609375 0.9985318796874999 0.4195417359375 1 0.6080909765625 1
3 0.41967281874999995 0.957634228125 0.4249161078125 0.9146392625 0.45427852343749997 0.8664010062499999 0.3913590609375 0.8496224828125 0.28125 0.8569630874999999 0.26971476562499996 0.8705956374999999 0.27390939531249997 0.9020553687499999 0.33997483281249996 0.9471476515624999 0.41967281874999995 0.957634228125
3 0.20050335625 0.62520973125 0.21308724843750002 0.600041946875 0.1658976515625 0.5947986578125 0.131291946875 0.5685822140625 0.105075503125 0.57592281875 0.09983221406250001 0.5853607375000001 0.091442953125 0.690226509375 0.091442953125 0.73217281875 0.09668624218750001 0.7374161078125 0.1323406046875 0.712248321875 0.2109899328125 0.6818372484374999 0.20050335625 0.6524748328125 0.20050335625 0.62520973125
3 0.296979865625 0.41757550312499997 0.29907718125 0.3966023484375 0.3158557046875 0.381921140625 0.3158557046875 0.3714345640625 0.24140100625 0.372483221875 0.13443791875 0.3934563765625 0.11870805312499999 0.4049916109375 0.1103187921875 0.43645134218750004 0.11870805312499999 0.449035234375 0.11870805312499999 0.47839765156249997 0.180578859375 0.5591442953125 0.20364932812499997 0.569630871875 0.24140100625 0.5738255031249999 0.2644714765625 0.5549496640625 0.2896392625 0.5549496640625 0.305369128125 0.5476090609375001 0.3001258390625 0.5297818796875 0.26342281875 0.5098573828124999 0.26342281875 0.47839765156249997 0.27390939531249997 0.44484060468750003 0.296979865625 0.41757550312499997
3 0.45218120781250004 0.5790687921875 0.43540268437499996 0.551803690625 0.4028942953125 0.5297818796875 0.36199664375 0.51824664375 0.34416946249999997 0.5171979859375 0.3064177859375 0.5570469796874999 0.2560822140625 0.569630871875 0.24244966406250001 0.5895553687499999 0.24244966406250001 0.62520973125 0.2781040265625 0.692323825 0.323196309375 0.7395134234375 0.358850671875 0.7604865765625 0.386115771875 0.7625838921875 0.3934563765625 0.7531459734375 0.3913590609375 0.7132969796874999 0.39765100625 0.698615771875 0.46057047031250004 0.6294043625 0.45218120781250004 0.6210150999999999 0.45218120781250004 0.5790687921875