3 0.10513816875 0.94775475 0.21092400625000002 0.9304835921875 0.21632124375 0.9164507765625001 0.215241796875 0.8613989640625 0.21200345468749998 0.8408894640625 0.2044473234375 0.8311744390625 0.10729706406249999 0.822538859375 0.09002590625 0.8182210703124999 0.0867875640625 0.83441278125 0.088946459375 0.9509930921875 0.0943436953125 0.9542314328125 0.10513816875 0.94775475
3 0.2066062171875 0.7944732296875 0.2141623484375 0.767487046875 0.215241796875 0.731865284375 0.20984455937500002 0.707037996875 0.20012953437499997 0.6951640765625 0.10513816875 0.6822107078124999 0.09002590625 0.6757340234375 0.0867875640625 0.678972365625 0.088946459375 0.8106649390625 0.19365285000000002 0.79879101875 0.2066062171875 0.7944732296875
3 0.2409758203125 1 0.308074265625 0.9909326421875001 0.3275043171875 0.9844559578125001 0.3350604484375 0.9596286703124999 0.3339810015625 0.9304835921875 0.328583765625 0.903497409375 0.3188687390625 0.88946459375 0.22171847968749997 0.8786701203125 0.2184801375 0.8819084625 0.2184801375 0.90997409375 0.2141623484375 0.92724525 0.2087651125 0.9326424875000001 0.1968911921875 0.9358808296875001 0.1990500859375 0.979058721875 0.20549355625 1 0.2409758203125 1
3 0.1968911921875 0.799870465625 0.1968911921875 0.8257772015624999 0.2044473234375 0.82901554375 0.2141623484375 0.8408894640625 0.21632124375 0.8624784109375 0.22171847968749997 0.8678756484375001 0.24114853125 0.865716753125 0.3253454234375 0.852763384375 0.33074265937499997 0.8473661484375 0.3329015546875 0.83441278125 0.33721934375 0.830094990625 0.338298790625 0.807426596875 0.33721934375 0.7869170984375 0.3253454234375 0.7577720203125 0.3123920546875 0.75345423125 0.2195595859375 0.7448186531250001 0.2141623484375 0.7566925734375001 0.21200345468749998 0.7869170984375 0.2066062171875 0.796632125 0.1968911921875 0.799870465625
3 0.207685665625 0.6984024171875001 0.2141623484375 0.724309153125 0.2195595859375 0.729706390625 0.321027634375 0.7189119171875 0.3329015546875 0.709196890625 0.3415371328125 0.678972365625 0.34045768593750003 0.639032815625 0.3350604484375 0.6228411046875 0.3275043171875 0.6152849734375 0.22171847968749997 0.6001727109375 0.21308290156249998 0.593696028125 0.203367875 0.6077288421875 0.1990500859375 0.6271588953125 0.1968911921875 0.691925734375 0.207685665625 0.6984024171875001
3 0.3048359234375 0.6098877375 0.308074265625 0.6131260796875 0.3275043171875 0.6152849734375 0.3350604484375 0.6206822109375 0.343696028125 0.6401122625 0.343696028125 0.6552245250000001 0.34693437031249996 0.6584628671874999 0.4332901546875 0.6519861828125 0.4473229703125 0.6401122625 0.4537996546875 0.6271588953125 0.45811744374999996 0.6098877375 0.457037996875 0.5677892921875001 0.4537996546875 0.5602331609375 0.441925734375 0.5505181343750001 0.351252159375 0.535405871875 0.3339810015625 0.5267702937500001 0.3253454234375 0.5310880828125 0.315630396875 0.5451208984375 0.30699481875 0.5753454234375 0.3048359234375 0.6098877375
3 0.30699481875 0.7502158890625 0.31023316093750003 0.75345423125 0.321027634375 0.75345423125 0.33074265937499997 0.7610103625 0.34045768593750003 0.792314334375 0.441925734375 0.7815198624999999 0.4537996546875 0.7718048359374999 0.4624352328125 0.7523747843749999 0.46351468125000006 0.7124352328125 0.45811744374999996 0.6940846281249999 0.44624352343749996 0.6822107078124999 0.344775475 0.669257340625 0.3329015546875 0.7113557859374999 0.3253454234375 0.7189119171875 0.31023316093750003 0.7210708125 0.30699481875 0.724309153125 0.30699481875 0.7502158890625
3 0.33074265937499997 0.8495250437499999 0.32318652812500004 0.8549222796875 0.31023316093750003 0.8549222796875 0.3048359234375 0.858160621875 0.3048359234375 0.8775906734375001 0.31023316093750003 0.8873057 0.3167098453125 0.8873057 0.3242659765625 0.8927029359375 0.3329015546875 0.9142918828125 0.3350604484375 0.9294041453125 0.34045768593750003 0.9304835921875 0.3490932640625 0.9240069078125 0.4073834203125 0.9175302249999999 0.44624352343749996 0.9088946453125001 0.45811744374999996 0.888385146875 0.459196890625 0.8592400687499999 0.45811744374999996 0.845207253125 0.45164075937500003 0.827936096875 0.44624352343749996 0.820379965625 0.43544905 0.81390328125 0.344775475 0.805267703125 0.33937823906250003 0.8085060453124999 0.33721934375 0.8322538859374999 0.33074265937499997 0.8495250437499999
3 0.453221628125 1 0.4527202078125 0.9844559578125001 0.44300518125000005 0.95531088125 0.42897236562499996 0.9412780656249999 0.3426165796875 0.93480138125 0.33721934375 0.9380397234375 0.33074265937499997 0.9812176171875 0.321027634375 0.9887737484375 0.305915371875 0.9909326421875001 0.3026770296875 0.9963298796875 0.303411053125 1 0.453221628125 1
3 1 0.8287456828125 0.983808290625 0.8246977546875 0.955742659375 0.8246977546875 0.8585924 0.8117443874999999 0.817573403125 0.8095854921875001 0.81109671875 0.807426596875 0.804620034375 0.79879101875 0.7808721937499999 0.7944732296875 0.7776338515625 0.7869170984375 0.7700777203125 0.7836787562499999 0.7614421421875 0.7858376515625001 0.7528065625 0.796632125 0.7409326421875 0.80418825625 0.7258203796875 0.845207253125 0.721502590625 0.86463730625 0.7236614859375 0.979058721875 0.73263631875 1 0.8409434375 1 0.9363126078124999 0.986614853125 0.968696028125 0.986614853125 1 0.980354059375 1 0.8287456828125
3 1 0.5974506265625 0.9535837656249999 0.5893782390625 0.7765544046875 0.5699481859375 0.7657599312500001 0.5677892921875001 0.7571243515625 0.5613126078125 0.729058721875 0.5613126078125 0.7096286703125 0.55699481875 0.70531088125 0.5526770296875 0.7020725390625 0.5559153718750001 0.69991364375 0.5775043171875 0.7020725390625 0.784758203125 0.70531088125 0.7879965453125 0.729058721875 0.7815198624999999 0.7571243515625 0.7815198624999999 0.772236615625 0.7728842828125 1 0.7470997484375 1 0.5974506265625
3 0 0.3607512953125 0.0025906734375 0.37240932656250003 0.0414507765625 0.4717184796875 0.0468480140625 0.4771157171875 0.0533246984375 0.4771157171875 0.0641191703125 0.47063903281249997 0.0792314328125 0.49654576875 0.0878670125 0.49654576875 0.11809153750000001 0.47063903281249997 0.1332038 0.4641623484375 0.1666666671875 0.4328583765625 0.17314335 0.40911053593749996 0.172063903125 0.3950777203125 0.16450777187500001 0.37240932656250003 0.1364421421875 0.31411917031250003 0.1148531953125 0.301165803125 0.10405872187500001 0.27525906718750004 0.096502590625 0.26986183124999996 0.06196027656250001 0.30224525 0.042530225 0.30224525 0.036053540625000005 0.3065630390625 0.0069084624999999995 0.3378670125 0 0.349956821875 0 0.3607512953125
3 0.0554835921875 0 0.0533246984375 0.0021588953125 0.0468480140625 0.0021588953125 0.036053540625000005 0.008635578125 0.0090673578125 0.035621760937500004 0 0.05012953437499999 0 0.0834730265625 0.034974093750000004 0.1781088078125 0.043609671875 0.21265112187500002 0.0554835921875 0.2266839375 0.0641191703125 0.2288428328125 0.06735751250000001 0.2363989640625 0.0792314328125 0.24395509531249998 0.16018998281250002 0.1867443875 0.16450777187500001 0.1759499140625 0.16342832499999999 0.1554404140625 0.14939550937499999 0.13708980937499998 0.14723661562499998 0.11118307499999999 0.1321243515625 0.0787996546875 0.1299654578125 0.0636873921875 0.1234887734375 0.0507340234375 0.1148531953125 0.044257340625 0.11053540625 0.014032815625 0.09542314375 0.0032383421875 0.09412780625 0 0.0554835921875 0
3 0.2368307421875 0.30440414531250004 0.2087651125 0.3065630390625 0.202288428125 0.31088082968749997 0.17314335 0.3572970640625 0.17314335 0.37240932656250003 0.177461140625 0.38536269375 0.2184801375 0.465241796875 0.23035405937500003 0.4771157171875 0.26057858437500003 0.48143350625 0.263816925 0.4889896375 0.27137305624999997 0.4943868734375 0.275690846875 0.4943868734375 0.30159758281250004 0.4684801375 0.3167098453125 0.4684801375 0.35233160625000004 0.4285405875 0.3566493953125 0.419905009375 0.3555699484375 0.3799654578125 0.3199481859375 0.3184369609375 0.308074265625 0.308721934375 0.292962003125 0.3065630390625 0.27677029375 0.2774179625 0.2692141625 0.26986183124999996 0.253022453125 0.28173575156249997 0.24654576874999998 0.29468911875 0.2368307421875 0.30440414531250004
3 0.20833333281250002 0 0.1979706390625 0.008635578125 0.17098445625 0.035621760937500004 0.1666666671875 0.046416234375 0.1688255609375 0.074481865625 0.17962003437500002 0.1003886015625 0.1817789296875 0.119818653125 0.1968911921875 0.16299654531250002 0.203367875 0.19537996562499998 0.215241796875 0.20941278125 0.22279792812500002 0.21265112187500002 0.224956821875 0.22128670156250002 0.23035405937500003 0.2266839375 0.2368307421875 0.2266839375 0.3123920546875 0.18134714999999998 0.3242659765625 0.167314334375 0.3253454234375 0.1532815203125 0.32210708125 0.14140760000000002 0.313471503125 0.1306131265625 0.31131260781250003 0.10686528437500001 0.29404145000000004 0.0550518140625 0.28108808281250003 0.031303971874999996 0.28108808281250003 0.016191709375 0.2659758203125 0.001079446875 0.265681425 0 0.20833333281250002 0
3 0.4160189984375 0.31088082968749997 0.40522452500000006 0.3195164078125 0.36960276406250003 0.3572970640625 0.360967184375 0.3745682203125 0.373920553125 0.41558721875 0.39119170937500003 0.45444732343750005 0.396588946875 0.459844559375 0.40954231406249997 0.4641623484375 0.4203367875 0.48143350625 0.42897236562499996 0.4792746109375 0.4915803109375 0.427461140625 0.509930915625 0.40911053593749996 0.5110103625 0.39075993124999997 0.47538860156249996 0.30980138125 0.4689119171875 0.301165803125 0.46675302187499995 0.2903713296875 0.4613557859375 0.28497409375 0.45487910156250005 0.28497409375 0.44624352343749996 0.29145077656249996 0.4332901546875 0.3065630390625 0.4160189984375 0.31088082968749997
3 0.38169257343749996 0 0.3642055265625 0.0129533671875 0.35233160625000004 0.0248272890625 0.345854921875 0.03778065625 0.3868739203125 0.21265112187500002 0.39766839374999996 0.2363989640625 0.40522452500000006 0.24179620000000002 0.411701209375 0.24179620000000002 0.489421415625 0.20293609687499997 0.5012953375 0.1867443875 0.5002158890625 0.16407599374999998 0.49265975781250004 0.14140760000000002 0.4905008640625 0.121977546875 0.4710708125 0.06800518125 0.4537996546875 0.001079446875 0.45330144843750003 0 0.38169257343749996 0
3 0.7322970640625 0.3983160625 0.73013816875 0.38536269375 0.7225820374999999 0.37564766875 0.6945164078125 0.37564766875 0.6880397234375 0.3734887734375 0.67508635625 0.3562176171875 0.6556563046874999 0.3562176171875 0.6167962 0.37132987968750003 0.5984455953125 0.3896804828125 0.585492228125 0.419905009375 0.5833333328125 0.450129534375 0.5941278062500001 0.4846718484375 0.6103195171875 0.503022453125 0.64486183125 0.520293609375 0.668609671875 0.5224525046874999 0.67508635625 0.520293609375 0.6837219343750001 0.5073402421875 0.70531088125 0.5008635578125 0.8089378234375 0.4857512953125 0.8715457687500001 0.472797928125 0.8812607937499999 0.46308290156250004 0.885578584375 0.452288428125 0.8844991359375 0.4101899828125 0.8801813468749999 0.40155440468750003 0.8585924 0.40155440468750003 0.8089378234375 0.412348878125 0.787348878125 0.43609671875 0.7765544046875 0.4382556125 0.7549654578125 0.4317789296875 0.7430915375 0.419905009375 0.7322970640625 0.3983160625
3 0.834844559375 0.354058721875 0.8143350609375 0.3357081171875 0.8056994812499999 0.32275475 0.8013816921875 0.31196027656249997 0.797063903125 0.2774179625 0.79058721875 0.2687823828125 0.7787132984375 0.2590673578125 0.7549654578125 0.2569084625 0.7387737484375 0.270941278125 0.727979275 0.2990069078125 0.727979275 0.3810449046875 0.7344559578125 0.4026338515625 0.7430915375 0.41774611406249995 0.7571243515625 0.4317789296875 0.7830310875000001 0.43609671875 0.797063903125 0.4242227984375 0.8067789296875001 0.4101899828125 0.8672279796875 0.399395509375 0.91688255625 0.3950777203125 0.9471070812500001 0.3864421421875 0.9589810015625 0.3680915375 0.96221934375 0.3346286703125 0.961139896875 0.32275475 0.9579015546875 0.3195164078125 0.9233592406250001 0.3216753015625 0.8996113984375 0.3259930921875 0.8844991359375 0.33246977499999997 0.8769430046875 0.346502590625 0.862910190625 0.3562176171875 0.834844559375 0.354058721875
3 1 0.20029145 0.893134715625 0.187823834375 0.8823402421875001 0.1835060453125 0.8650690843750001 0.16407599374999998 0.8564335062499999 0.159758203125 0.8434801375 0.159758203125 0.82620898125 0.16623488749999998 0.8078583765625 0.18890328125 0.797063903125 0.23208117499999997 0.797063903125 0.2774179625 0.8056994812499999 0.3184369609375 0.81865285 0.34002590625 0.8370034546875 0.354058721875 0.8607512953124999 0.3562176171875 0.8693868734375 0.3518998265625 0.8812607937499999 0.3357081171875 0.893134715625 0.3259930921875 0.9794905015625 0.31519861875 1 0.31092580625 1 0.20029145
3 0.75064766875 0.049654576562500004 0.7420120890625 0.051813471874999996 0.727979275 0.0658462859375 0.71502590625 0.0960708125 0.71502590625 0.180267703125 0.727979275 0.21481001718749998 0.744170984375 0.2288428328125 0.7657599312500001 0.23316062187500003 0.774395509375 0.2266839375 0.7938255609375 0.2266839375 0.8078583765625 0.1867443875 0.8164939546875001 0.17379101875 0.828367875 0.16407599374999998 0.8477979281250001 0.157599309375 0.8693868734375 0.16407599374999998 0.8909758203125 0.18566493906249998 0.9471070812500001 0.19214162343750002 0.9546632125000001 0.1845854921875 0.9632987906249999 0.165155440625 0.9643782390625001 0.129533678125 0.961139896875 0.1090241796875 0.9546632125000001 0.09822970625 0.9449481859375 0.09067357499999999 0.8974525046874999 0.08203799687499999 0.8326856656249999 0.0777202078125 0.7851899828125 0.069084628125 0.7657599312500001 0.049654576562500004 0.75064766875 0.049654576562500004
3 0.5825947640625 0 0.57901554375 0.0032383421875 0.570379965625 0.0183506046875 0.56390328125 0.039939551562499995 0.56390328125 0.0658462859375 0.5768566500000001 0.1003886015625 0.593048359375 0.11873920625 0.62974956875 0.1381692578125 0.647020725 0.1381692578125 0.6556563046874999 0.13385146875 0.6621329874999999 0.1252158890625 0.7096286703125 0.1230569953125 0.7193436953125001 0.08095854999999999 0.73013816875 0.061528496875000005 0.7463298796875 0.049654576562500004 0.767918825 0.049654576562500004 0.7851899828125 0.066925734375 0.8089378234375 0.0734024171875 0.8823402421875001 0.0798791015625 0.885578584375 0.076640759375 0.8844991359375 0.041018998437499996 0.8747841109375001 0.0183506046875 0.8672279796875 0.0129533671875 0.767918825 0 0.5825947640625 0
3 0.6427029359375 0.1619170984375 0.6340673578125 0.1683937828125 0.6103195171875 0.1770293609375 0.5919689124999999 0.19537996562499998 0.5811744390625 0.2169689125 0.57901554375 0.2601468046875 0.5919689124999999 0.29253022500000003 0.6103195171875 0.31088082968749997 0.6275906734375 0.3195164078125 0.6340673578125 0.3195164078125 0.6427029359375 0.3259930921875 0.6642918828125 0.3259930921875 0.67724525 0.31303972343750003 0.6837219343750001 0.31088082968749997 0.7247409328125001 0.3065630390625 0.7387737484375 0.2687823828125 0.7528065625 0.2569084625 0.772236615625 0.25474956875 0.7916666671875 0.26338514687500003 0.7949050093750001 0.2579879109375 0.7938255609375 0.2310017265625 0.774395509375 0.2310017265625 0.759283246875 0.2353195171875 0.7398531953124999 0.2288428328125 0.7236614859375 0.21049222812499999 0.7117875640625 0.18134714999999998 0.6794041453124999 0.1770293609375 0.6642918828125 0.1619170984375 0.6427029359375 0.1619170984375