3 0.8916015625 0.115234375 0.7958984375 0.130859375 0.791015625 0.1435546875 0.7919921875 0.193359375 0.794921875 0.2119140625 0.8017578125 0.220703125 0.8896484375 0.228515625 0.9052734375 0.232421875 0.908203125 0.2177734375 0.90625 0.1123046875 0.9013671875 0.109375 0.8916015625 0.115234375
3 0.7998046875 0.25390625 0.79296875 0.2783203125 0.7919921875 0.310546875 0.796875 0.3330078125 0.8056640625 0.34375 0.8916015625 0.35546875 0.9052734375 0.361328125 0.908203125 0.3583984375 0.90625 0.2392578125 0.8115234375 0.25 0.7998046875 0.25390625
3 0.80859375 0.1259765625 0.806640625 0.0869140625 0.798828125 0.0615234375 0.7939453125 0.05859375 0.7802734375 0.06640625 0.7080078125 0.076171875 0.6904296875 0.08203125 0.68359375 0.1044921875 0.6845703125 0.130859375 0.689453125 0.1552734375 0.6982421875 0.16796875 0.7861328125 0.177734375 0.7890625 0.1748046875 0.7890625 0.1494140625 0.79296875 0.1337890625 0.7978515625 0.12890625 0.80859375 0.1259765625
3 0.80859375 0.2490234375 0.80859375 0.2255859375 0.8017578125 0.22265625 0.79296875 0.2119140625 0.791015625 0.1923828125 0.7861328125 0.1875 0.7685546875 0.189453125 0.6923828125 0.201171875 0.6875 0.2060546875 0.685546875 0.2177734375 0.681640625 0.2216796875 0.6806640625 0.2421875 0.681640625 0.2607421875 0.6923828125 0.287109375 0.7041015625 0.291015625 0.7880859375 0.298828125 0.79296875 0.2880859375 0.794921875 0.2607421875 0.7998046875 0.251953125 0.80859375 0.2490234375
3 0.798828125 0.3408203125 0.79296875 0.3173828125 0.7880859375 0.3125 0.6962890625 0.322265625 0.685546875 0.3310546875 0.677734375 0.3583984375 0.6787109375 0.39453125 0.68359375 0.4091796875 0.6904296875 0.416015625 0.7861328125 0.4296875 0.7939453125 0.435546875 0.802734375 0.4228515625 0.806640625 0.4052734375 0.80859375 0.3466796875 0.798828125 0.3408203125
3 0.7109375 0.4208984375 0.7080078125 0.41796875 0.6904296875 0.416015625 0.68359375 0.4111328125 0.67578125 0.3935546875 0.67578125 0.3798828125 0.6728515625 0.376953125 0.5947265625 0.3828125 0.58203125 0.3935546875 0.576171875 0.4052734375 0.572265625 0.4208984375 0.5732421875 0.458984375 0.576171875 0.4658203125 0.5869140625 0.474609375 0.6689453125 0.48828125 0.6845703125 0.49609375 0.6923828125 0.4921875 0.701171875 0.4794921875 0.708984375 0.4521484375 0.7109375 0.4208984375
3 0.708984375 0.2939453125 0.7060546875 0.291015625 0.6962890625 0.291015625 0.6875 0.2841796875 0.6787109375 0.255859375 0.5869140625 0.265625 0.576171875 0.2744140625 0.568359375 0.2919921875 0.5673828125 0.328125 0.572265625 0.3447265625 0.5830078125 0.35546875 0.6748046875 0.3671875 0.685546875 0.3291015625 0.6923828125 0.322265625 0.7060546875 0.3203125 0.708984375 0.3173828125 0.708984375 0.2939453125
3 0.6875 0.2041015625 0.6943359375 0.19921875 0.7060546875 0.19921875 0.7109375 0.1962890625 0.7109375 0.1787109375 0.7060546875 0.169921875 0.7001953125 0.169921875 0.693359375 0.1650390625 0.685546875 0.1455078125 0.68359375 0.1318359375 0.6787109375 0.130859375 0.6708984375 0.13671875 0.6181640625 0.142578125 0.5830078125 0.150390625 0.572265625 0.1689453125 0.5712890625 0.1953125 0.572265625 0.2080078125 0.578125 0.2236328125 0.5830078125 0.23046875 0.5927734375 0.236328125 0.6748046875 0.244140625 0.6796875 0.2412109375 0.681640625 0.2197265625 0.6875 0.2041015625
3 0.712890625 0.0712890625 0.705078125 0.0322265625 0.6953125 0.0146484375 0.6884765625 0.009765625 0.6826171875 0.009765625 0.6748046875 0.015625 0.5908203125 0.03125 0.580078125 0.0400390625 0.576171875 0.0517578125 0.5771484375 0.08203125 0.5859375 0.1083984375 0.5986328125 0.12109375 0.6767578125 0.126953125 0.681640625 0.1240234375 0.6875 0.0849609375 0.6962890625 0.078125 0.7099609375 0.076171875 0.712890625 0.0712890625
3 0.2529296875 0.2421875 0.2587890625 0.25 0.2802734375 0.25390625 0.283203125 0.2607421875 0.2900390625 0.263671875 0.2978515625 0.26171875 0.3056640625 0.251953125 0.31640625 0.2451171875 0.330078125 0.2080078125 0.333984375 0.1904296875 0.33203125 0.0869140625 0.3203125 0.0595703125 0.3115234375 0.0546875 0.3037109375 0.0546875 0.2978515625 0.04296875 0.2861328125 0.041015625 0.2763671875 0.052734375 0.2587890625 0.0546875 0.2509765625 0.064453125 0.1396484375 0.080078125 0.1103515625 0.080078125 0.0810546875 0.0859375 0.072265625 0.0908203125 0.064453125 0.1103515625 0.0634765625 0.1484375 0.064453125 0.1826171875 0.0703125 0.2080078125 0.0810546875 0.22265625 0.0966796875 0.2265625 0.1220703125 0.2265625 0.2099609375 0.23828125 0.2470703125 0.240234375 0.2529296875 0.2421875
3 0.3271484375 0.46484375 0.3447265625 0.46875 0.3486328125 0.47265625 0.3515625 0.4697265625 0.353515625 0.4501953125 0.3515625 0.2626953125 0.3486328125 0.259765625 0.3271484375 0.265625 0.3017578125 0.265625 0.2880859375 0.2734375 0.0810546875 0.296875 0.072265625 0.3056640625 0.06640625 0.3212890625 0.0625 0.3505859375 0.0634765625 0.375 0.06640625 0.4091796875 0.072265625 0.4248046875 0.0791015625 0.431640625 0.1240234375 0.439453125 0.2841796875 0.45703125 0.2939453125 0.458984375 0.3017578125 0.46484375 0.3271484375 0.46484375
3 0.9541015625 0.6953125 0.98046875 0.6669921875 0.98828125 0.6533203125 0.984375 0.6357421875 0.94921875 0.5458984375 0.9443359375 0.541015625 0.9384765625 0.541015625 0.9287109375 0.546875 0.9150390625 0.5234375 0.9072265625 0.5234375 0.8798828125 0.546875 0.8662109375 0.552734375 0.8359375 0.5810546875 0.830078125 0.6025390625 0.8310546875 0.615234375 0.837890625 0.6357421875 0.86328125 0.6884765625 0.8828125 0.7001953125 0.892578125 0.7236328125 0.8994140625 0.728515625 0.9306640625 0.69921875 0.9482421875 0.69921875 0.9541015625 0.6953125
3 0.900390625 0.9697265625 0.908203125 0.9892578125 0.9150390625 0.994140625 0.9384765625 0.970703125 0.9443359375 0.970703125 0.9541015625 0.96484375 0.978515625 0.9404296875 0.98828125 0.9248046875 0.98828125 0.9013671875 0.955078125 0.8115234375 0.947265625 0.7802734375 0.9365234375 0.767578125 0.9287109375 0.765625 0.92578125 0.7587890625 0.9150390625 0.751953125 0.841796875 0.8037109375 0.837890625 0.8134765625 0.8388671875 0.83203125 0.8515625 0.8486328125 0.853515625 0.8720703125 0.8671875 0.9013671875 0.869140625 0.9150390625 0.875 0.9267578125 0.8828125 0.9326171875 0.88671875 0.9599609375 0.900390625 0.9697265625
3 0.7724609375 0.697265625 0.7978515625 0.6953125 0.8037109375 0.69140625 0.830078125 0.6494140625 0.830078125 0.6357421875 0.826171875 0.6240234375 0.7890625 0.5517578125 0.7783203125 0.541015625 0.7509765625 0.537109375 0.748046875 0.5302734375 0.7412109375 0.525390625 0.7373046875 0.525390625 0.7138671875 0.548828125 0.7001953125 0.548828125 0.66796875 0.5849609375 0.6640625 0.5927734375 0.6650390625 0.62890625 0.697265625 0.6845703125 0.7080078125 0.693359375 0.7216796875 0.6953125 0.736328125 0.7216796875 0.7431640625 0.728515625 0.7578125 0.7177734375 0.763671875 0.7060546875 0.7724609375 0.697265625
3 0.751953125 0.9931640625 0.7607421875 0.998046875 0.7861328125 0.9765625 0.7958984375 0.974609375 0.8076171875 0.96484375 0.83203125 0.9404296875 0.8359375 0.9306640625 0.833984375 0.9052734375 0.82421875 0.8818359375 0.822265625 0.8642578125 0.80859375 0.8251953125 0.802734375 0.7958984375 0.7919921875 0.783203125 0.78515625 0.7802734375 0.783203125 0.7724609375 0.7783203125 0.767578125 0.7724609375 0.767578125 0.7041015625 0.80859375 0.693359375 0.8212890625 0.6923828125 0.833984375 0.6953125 0.8447265625 0.703125 0.8544921875 0.705078125 0.8759765625 0.720703125 0.9228515625 0.732421875 0.9443359375 0.732421875 0.9580078125 0.74609375 0.9716796875 0.751953125 0.9931640625
3 0.6103515625 0.69140625 0.6201171875 0.68359375 0.65234375 0.6494140625 0.66015625 0.6337890625 0.6484375 0.5966796875 0.6328125 0.5615234375 0.6279296875 0.556640625 0.6162109375 0.552734375 0.6064453125 0.537109375 0.5986328125 0.5390625 0.5419921875 0.5859375 0.525390625 0.6025390625 0.5244140625 0.619140625 0.556640625 0.6923828125 0.5625 0.7001953125 0.564453125 0.7099609375 0.5693359375 0.71484375 0.5751953125 0.71484375 0.5830078125 0.708984375 0.5947265625 0.6953125 0.6103515625 0.69140625
3 0.6044921875 1 0.6572265625 0.9609375 0.66796875 0.9501953125 0.673828125 0.9384765625 0.63671875 0.7802734375 0.626953125 0.7587890625 0.6201171875 0.75390625 0.6142578125 0.75390625 0.5439453125 0.7890625 0.533203125 0.8037109375 0.5341796875 0.82421875 0.541015625 0.8447265625 0.54296875 0.8623046875 0.560546875 0.9111328125 0.576171875 0.9716796875 0.587890625 0.9970703125 0.5908203125 1 0.6044921875 1
3 0.32421875 0.6123046875 0.326171875 0.6240234375 0.3330078125 0.6328125 0.3583984375 0.6328125 0.3642578125 0.634765625 0.3759765625 0.650390625 0.3935546875 0.650390625 0.4287109375 0.63671875 0.4453125 0.6201171875 0.45703125 0.5927734375 0.458984375 0.5654296875 0.44921875 0.5341796875 0.4345703125 0.517578125 0.4033203125 0.501953125 0.3818359375 0.5 0.3759765625 0.501953125 0.3681640625 0.513671875 0.3486328125 0.51953125 0.2548828125 0.533203125 0.1982421875 0.544921875 0.189453125 0.5537109375 0.185546875 0.5634765625 0.1865234375 0.6015625 0.1904296875 0.609375 0.2099609375 0.609375 0.2548828125 0.599609375 0.2744140625 0.578125 0.2841796875 0.576171875 0.3037109375 0.58203125 0.314453125 0.5927734375 0.32421875 0.6123046875
3 0.2314453125 0.65234375 0.25 0.6689453125 0.2578125 0.6806640625 0.26171875 0.6904296875 0.265625 0.7216796875 0.271484375 0.7294921875 0.2822265625 0.73828125 0.3037109375 0.740234375 0.318359375 0.7275390625 0.328125 0.7021484375 0.328125 0.6279296875 0.322265625 0.6083984375 0.314453125 0.5947265625 0.3017578125 0.58203125 0.2783203125 0.578125 0.265625 0.5888671875 0.2568359375 0.6015625 0.2021484375 0.611328125 0.1572265625 0.615234375 0.1298828125 0.623046875 0.119140625 0.6396484375 0.1162109375 0.669921875 0.1171875 0.6806640625 0.1201171875 0.68359375 0.1513671875 0.681640625 0.1728515625 0.677734375 0.1865234375 0.671875 0.193359375 0.6591796875 0.2060546875 0.650390625 0.2314453125 0.65234375
3 0.2236328125 0.828125 0.2392578125 0.822265625 0.255859375 0.8017578125 0.265625 0.7626953125 0.265625 0.7216796875 0.2578125 0.6845703125 0.24609375 0.6650390625 0.2294921875 0.65234375 0.2080078125 0.650390625 0.2001953125 0.654296875 0.189453125 0.6689453125 0.1787109375 0.677734375 0.1005859375 0.6875 0.0537109375 0.697265625 0.041015625 0.7158203125 0.0380859375 0.748046875 0.0390625 0.7587890625 0.046875 0.7783203125 0.0615234375 0.7890625 0.1787109375 0.802734375 0.1884765625 0.806640625 0.2041015625 0.82421875 0.2119140625 0.828125 0.2236328125 0.828125
3 0.3076171875 0.927734375 0.3154296875 0.92578125 0.328125 0.9130859375 0.33984375 0.8857421875 0.33984375 0.8095703125 0.328125 0.7783203125 0.3134765625 0.765625 0.2939453125 0.76171875 0.2861328125 0.767578125 0.2685546875 0.767578125 0.255859375 0.8037109375 0.248046875 0.8154296875 0.2373046875 0.82421875 0.2197265625 0.830078125 0.2001953125 0.82421875 0.1806640625 0.8046875 0.1298828125 0.798828125 0.123046875 0.8056640625 0.115234375 0.8232421875 0.1142578125 0.85546875 0.1171875 0.8740234375 0.123046875 0.8837890625 0.1318359375 0.890625 0.1748046875 0.8984375 0.2333984375 0.90234375 0.2763671875 0.91015625 0.2939453125 0.927734375 0.3076171875 0.927734375
3 0.4150390625 1 0.4228515625 0.994140625 0.4423828125 0.98828125 0.462890625 0.9697265625 0.470703125 0.9560546875 0.4765625 0.9365234375 0.4765625 0.9130859375 0.46484375 0.8818359375 0.4501953125 0.865234375 0.4169921875 0.84765625 0.4013671875 0.84765625 0.3935546875 0.8515625 0.3876953125 0.859375 0.3447265625 0.861328125 0.3359375 0.8994140625 0.326171875 0.9169921875 0.3115234375 0.927734375 0.2919921875 0.927734375 0.2763671875 0.912109375 0.2548828125 0.90625 0.1884765625 0.900390625 0.185546875 0.9033203125 0.1865234375 0.935546875 0.1953125 0.9560546875 0.2021484375 0.9609375 0.3818359375 0.984375 0.3955078125 1 0.4150390625 1
3 0.4052734375 0.826171875 0.4130859375 0.8203125 0.4345703125 0.8125 0.451171875 0.7958984375 0.4609375 0.7763671875 0.462890625 0.7373046875 0.451171875 0.7080078125 0.4345703125 0.69140625 0.4189453125 0.68359375 0.4130859375 0.68359375 0.4052734375 0.677734375 0.3857421875 0.677734375 0.3740234375 0.689453125 0.3681640625 0.69140625 0.3310546875 0.6953125 0.318359375 0.7294921875 0.3056640625 0.740234375 0.2880859375 0.7421875 0.2705078125 0.734375 0.267578125 0.7392578125 0.2685546875 0.763671875 0.2861328125 0.763671875 0.2998046875 0.759765625 0.3173828125 0.765625 0.33203125 0.7822265625 0.3427734375 0.80859375 0.3720703125 0.8125 0.3857421875 0.826171875 0.4052734375 0.826171875