3 0.318359375 0.2080078125 0.30078125 0.1123046875 0.2890625 0.1025390625 0.28515625 0.0810546875 0.2626953125 0.072265625 0.2138671875 0.0703125 0.2021484375 0.06640625 0.1611328125 0.064453125 0.1240234375 0.05859375 0.1005859375 0.060546875 0.0830078125 0.072265625 0.044921875 0.1083984375 0.0390625 0.1181640625 0.037109375 0.1357421875 0.01171875 0.1591796875 0.009765625 0.1708984375 0.005859375 0.1748046875 0.005859375 0.1787109375 0.0126953125 0.181640625 0.0498046875 0.18359375 0.0712890625 0.197265625 0.1767578125 0.212890625 0.1943359375 0.212890625 0.2431640625 0.22265625 0.259765625 0.2216796875 0.2724609375 0.21484375 0.3076171875 0.220703125 0.314453125 0.2158203125 0.318359375 0.2080078125
3 0.640625 0.0830078125 0.640625 0.0693359375 0.63671875 0.0595703125 0.6337890625 0.056640625 0.6123046875 0.05859375 0.5986328125 0.046875 0.5869140625 0.04296875 0.5712890625 0.04296875 0.4931640625 0.0546875 0.4287109375 0.060546875 0.4091796875 0.068359375 0.400390625 0.0771484375 0.353515625 0.1552734375 0.349609375 0.1650390625 0.349609375 0.1845703125 0.353515625 0.1962890625 0.345703125 0.2119140625 0.34765625 0.2216796875 0.3544921875 0.2265625 0.4345703125 0.2421875 0.4482421875 0.248046875 0.4599609375 0.248046875 0.5556640625 0.26953125 0.5791015625 0.2734375 0.59375 0.2724609375 0.59765625 0.2705078125 0.60546875 0.2568359375 0.61328125 0.2333984375 0.640625 0.0830078125
3 0.9365234375 0.0234375 0.9189453125 0.025390625 0.9072265625 0.01171875 0.9013671875 0.009765625 0.8837890625 0.009765625 0.8291015625 0.025390625 0.7880859375 0.033203125 0.7744140625 0.0390625 0.76171875 0.0537109375 0.69921875 0.1923828125 0.697265625 0.2138671875 0.701171875 0.2275390625 0.69140625 0.2529296875 0.69140625 0.2607421875 0.7080078125 0.2734375 0.7373046875 0.279296875 0.8017578125 0.287109375 0.8056640625 0.28515625 0.8486328125 0.291015625 0.8720703125 0.291015625 0.8876953125 0.294921875 0.943359375 0.2958984375 0.947265625 0.2900390625 0.951171875 0.1240234375 0.947265625 0.0302734375 0.9365234375 0.0234375
3 0.8974609375 0.203125 0.8896484375 0.19921875 0.8681640625 0.19921875 0.8369140625 0.21484375 0.8212890625 0.2265625 0.7294921875 0.224609375 0.72265625 0.2294921875 0.72265625 0.2353515625 0.7314453125 0.240234375 0.8095703125 0.248046875 0.8525390625 0.2578125 0.869140625 0.2568359375 0.8896484375 0.25 0.904296875 0.2353515625 0.908203125 0.2158203125 0.8974609375 0.203125
3 0.30859375 0.6142578125 0.294921875 0.5107421875 0.2890625 0.4873046875 0.28515625 0.4501953125 0.279296875 0.4326171875 0.279296875 0.4150390625 0.271484375 0.3720703125 0.2626953125 0.36328125 0.2529296875 0.36328125 0.2373046875 0.34765625 0.1162109375 0.3515625 0.0986328125 0.357421875 0.09375 0.3681640625 0.08203125 0.3779296875 0.0703125 0.4150390625 0.046875 0.5185546875 0.02734375 0.5888671875 0.025390625 0.6005859375 0.02734375 0.6083984375 0.0341796875 0.609375 0.0478515625 0.619140625 0.0693359375 0.62109375 0.265625 0.6298828125 0.2763671875 0.623046875 0.2822265625 0.625 0.3017578125 0.623046875 0.30859375 0.6142578125
3 0.619140625 0.5029296875 0.62109375 0.4970703125 0.611328125 0.3701171875 0.6044921875 0.3515625 0.5869140625 0.353515625 0.5732421875 0.359375 0.5595703125 0.349609375 0.5419921875 0.349609375 0.4521484375 0.384765625 0.43359375 0.3974609375 0.380859375 0.5478515625 0.37890625 0.5693359375 0.3828125 0.5771484375 0.3828125 0.5888671875 0.375 0.6103515625 0.375 0.6201171875 0.3896484375 0.630859375 0.595703125 0.6396484375 0.6064453125 0.63671875 0.623046875 0.6220703125 0.623046875 0.5537109375 0.619140625 0.5029296875
3 0.98828125 0.5146484375 0.9921875 0.4970703125 0.9765625 0.4775390625 0.9765625 0.4697265625 0.9638671875 0.45703125 0.8330078125 0.3671875 0.8154296875 0.36328125 0.7548828125 0.3984375 0.6982421875 0.4375 0.6875 0.4501953125 0.685546875 0.4638671875 0.8779296875 0.62890625 0.8896484375 0.63671875 0.89453125 0.6357421875 0.9091796875 0.62890625 0.919921875 0.6181640625 0.96875 0.5400390625 0.98828125 0.5146484375
3 0.314453125 0.8115234375 0.3125 0.7978515625 0.3017578125 0.78515625 0.2841796875 0.779296875 0.2529296875 0.759765625 0.1572265625 0.7109375 0.1376953125 0.7109375 0.0615234375 0.751953125 0.0439453125 0.7734375 0.0283203125 0.78125 0.017578125 0.7939453125 0.01171875 0.8056640625 0.0361328125 0.826171875 0.1220703125 0.8828125 0.2392578125 0.966796875 0.251953125 0.9677734375 0.271484375 0.9541015625 0.330078125 0.8388671875 0.328125 0.8271484375 0.314453125 0.8115234375
3 0.6640625 0.8623046875 0.630859375 0.7763671875 0.619140625 0.7626953125 0.615234375 0.7509765625 0.5986328125 0.7421875 0.5048828125 0.736328125 0.4599609375 0.73046875 0.4306640625 0.73046875 0.419921875 0.7373046875 0.412109375 0.7529296875 0.392578125 0.7783203125 0.390625 0.7861328125 0.353515625 0.8505859375 0.353515625 0.8720703125 0.3623046875 0.87890625 0.4267578125 0.8828125 0.4462890625 0.888671875 0.5302734375 0.89453125 0.5400390625 0.8984375 0.5791015625 0.90234375 0.615234375 0.9013671875 0.6259765625 0.8984375 0.6611328125 0.900390625 0.6640625 0.8974609375 0.6640625 0.8623046875
3 0.984375 0.8896484375 0.9765625 0.8505859375 0.970703125 0.7724609375 0.962890625 0.7294921875 0.9462890625 0.71875 0.8857421875 0.71484375 0.7021484375 0.712890625 0.6884765625 0.71875 0.681640625 0.7294921875 0.68359375 0.7353515625 0.681640625 0.7548828125 0.689453125 0.9267578125 0.7021484375 0.94921875 0.740234375 0.9482421875 0.9111328125 0.935546875 0.9755859375 0.927734375 0.984375 0.9072265625 0.984375 0.8896484375
3 0.919921875 0.7841796875 0.9140625 0.7744140625 0.9052734375 0.767578125 0.8876953125 0.765625 0.873046875 0.7744140625 0.869140625 0.7822265625 0.869140625 0.7998046875 0.880859375 0.8193359375 0.904296875 0.8447265625 0.939453125 0.9013671875 0.9462890625 0.90625 0.94921875 0.9052734375 0.953125 0.9033203125 0.953125 0.8974609375 0.921875 0.8349609375 0.919921875 0.7841796875