3 0.123046875 0.2216796875 0.119140625 0.1904296875 0.111328125 0.1767578125 0.11328125 0.1689453125 0.12109375 0.1630859375 0.126953125 0.1435546875 0.1328125 0.1376953125 0.130859375 0.1318359375 0.123046875 0.1259765625 0.1181640625 0.11328125 0.0224609375 0.11328125 0.017578125 0.1181640625 0.015625 0.1279296875 0.0078125 0.1337890625 0.0078125 0.1396484375 0.013671875 0.1455078125 0.015625 0.1572265625 0.015625 0.1728515625 0.02734375 0.2431640625 0.02734375 0.2646484375 0.037109375 0.3486328125 0.0419921875 0.35546875 0.0478515625 0.357421875 0.080078125 0.3583984375 0.1123046875 0.3515625 0.119140625 0.3447265625 0.123046875 0.2841796875 0.123046875 0.2216796875
3 0.228515625 0.2177734375 0.220703125 0.2119140625 0.220703125 0.2080078125 0.224609375 0.1982421875 0.234375 0.1923828125 0.234375 0.1826171875 0.2421875 0.1767578125 0.2421875 0.1689453125 0.232421875 0.1630859375 0.23046875 0.1513671875 0.2236328125 0.1484375 0.1279296875 0.15234375 0.123046875 0.1572265625 0.123046875 0.1630859375 0.11328125 0.1708984375 0.11328125 0.1806640625 0.119140625 0.1826171875 0.138671875 0.3583984375 0.1435546875 0.365234375 0.1533203125 0.369140625 0.193359375 0.3701171875 0.2119140625 0.3671875 0.224609375 0.3583984375 0.23046875 0.2275390625 0.228515625 0.2177734375
3 0.365234375 0.2099609375 0.36328125 0.1982421875 0.3515625 0.1923828125 0.3515625 0.1845703125 0.3447265625 0.177734375 0.2412109375 0.1796875 0.234375 0.1884765625 0.234375 0.1943359375 0.224609375 0.2001953125 0.22265625 0.2119140625 0.23046875 0.2158203125 0.248046875 0.3818359375 0.2724609375 0.392578125 0.3125 0.3935546875 0.3251953125 0.392578125 0.33984375 0.3818359375 0.35546875 0.2158203125 0.365234375 0.2099609375
3 0.404296875 0.2275390625 0.40234375 0.2412109375 0.388671875 0.2490234375 0.384765625 0.2626953125 0.396484375 0.2724609375 0.4140625 0.4326171875 0.4326171875 0.4453125 0.4521484375 0.451171875 0.4736328125 0.455078125 0.498046875 0.4541015625 0.5 0.2236328125 0.4970703125 0.220703125 0.4111328125 0.22265625 0.404296875 0.2275390625
3 0.72265625 0.2314453125 0.732421875 0.1181640625 0.7373046875 0.111328125 0.74609375 0.1064453125 0.75 0.0986328125 0.74609375 0.0810546875 0.7353515625 0.07421875 0.6708984375 0.072265625 0.6630859375 0.076171875 0.658203125 0.0712890625 0.662109375 0.0009765625 0.6279296875 0 0.625 0.0263671875 0.62890625 0.0732421875 0.6259765625 0.078125 0.6220703125 0.07421875 0.5380859375 0.07421875 0.5302734375 0.076171875 0.525390625 0.0810546875 0.5234375 0.1025390625 0.5400390625 0.109375 0.54296875 0.1142578125 0.59375 0.4072265625 0.6064453125 0.421875 0.6142578125 0.42578125 0.6298828125 0.4296875 0.65234375 0.4287109375 0.6806640625 0.419921875 0.69921875 0.4033203125 0.703125 0.3935546875 0.72265625 0.2314453125
3 0.8779296875 0 0.875 0.0048828125 0.8720703125 0.072265625 0.8642578125 0.0703125 0.7939453125 0.07421875 0.779296875 0.0888671875 0.779296875 0.1005859375 0.791015625 0.1123046875 0.806640625 0.4052734375 0.80859375 0.4111328125 0.8212890625 0.423828125 0.8408203125 0.435546875 0.8642578125 0.44140625 0.88671875 0.4404296875 0.8955078125 0.439453125 0.9091796875 0.431640625 0.91796875 0.4189453125 0.982421875 0.1318359375 0.986328125 0.1201171875 0.99609375 0.1064453125 0.9931640625 0.095703125 0.9794921875 0.091796875 0.89453125 0.0888671875 0.892578125 0.0732421875 0.8984375 0.0380859375 0.8974609375 0 0.8779296875 0
3 0.28515625 0.5361328125 0.2744140625 0.53125 0.2431640625 0.52734375 0.1826171875 0.52734375 0.1630859375 0.533203125 0.16015625 0.5419921875 0.166015625 0.5595703125 0.177734375 0.6767578125 0.1806640625 0.6796875 0.2021484375 0.6796875 0.2138671875 0.68359375 0.25 0.6826171875 0.26953125 0.6767578125 0.28125 0.5517578125 0.287109375 0.5400390625 0.28515625 0.5361328125
3 0.455078125 0.5439453125 0.458984375 0.5361328125 0.4541015625 0.53125 0.4404296875 0.52734375 0.4169921875 0.525390625 0.3642578125 0.525390625 0.3369140625 0.53125 0.330078125 0.5400390625 0.3359375 0.5478515625 0.34765625 0.6748046875 0.3505859375 0.677734375 0.3740234375 0.6796875 0.3837890625 0.68359375 0.416015625 0.6826171875 0.4365234375 0.6796875 0.44140625 0.6728515625 0.451171875 0.5712890625 0.455078125 0.5439453125
3 0.20703125 0.6904296875 0.2109375 0.6845703125 0.2060546875 0.681640625 0.0908203125 0.6796875 0.08203125 0.6845703125 0.087890625 0.6943359375 0.1015625 0.8232421875 0.1064453125 0.830078125 0.13671875 0.8310546875 0.1826171875 0.830078125 0.1923828125 0.826171875 0.1953125 0.8212890625 0.20703125 0.6904296875
3 0.3701171875 0.6796875 0.2548828125 0.681640625 0.251953125 0.6865234375 0.255859375 0.6943359375 0.26953125 0.8251953125 0.2783203125 0.830078125 0.349609375 0.8291015625 0.361328125 0.8232421875 0.37109375 0.7080078125 0.376953125 0.6845703125 0.3701171875 0.6796875
3 0.4208984375 0.68359375 0.42578125 0.7001953125 0.4375 0.8251953125 0.4482421875 0.830078125 0.4677734375 0.83203125 0.498046875 0.8310546875 0.501953125 0.6962890625 0.5 0.6806640625 0.4306640625 0.6796875 0.4208984375 0.68359375
3 0.1328125 0.8583984375 0.1328125 0.8330078125 0.1044921875 0.830078125 0.0966796875 0.82421875 0.0400390625 0.82421875 0.0107421875 0.828125 0.029296875 0.9755859375 0.0419921875 0.98046875 0.091796875 0.9794921875 0.1142578125 0.974609375 0.12109375 0.9677734375 0.12890625 0.8759765625 0.1328125 0.8583984375
3 0.2900390625 0.830078125 0.2744140625 0.830078125 0.2607421875 0.82421875 0.2060546875 0.82421875 0.1806640625 0.830078125 0.1953125 0.9716796875 0.1982421875 0.9765625 0.2119140625 0.98046875 0.25390625 0.9814453125 0.2763671875 0.978515625 0.287109375 0.9716796875 0.30078125 0.8349609375 0.2900390625 0.830078125
3 0.4580078125 0.830078125 0.4423828125 0.830078125 0.4306640625 0.82421875 0.3662109375 0.82421875 0.3486328125 0.830078125 0.345703125 0.8330078125 0.345703125 0.8486328125 0.359375 0.9716796875 0.3642578125 0.9765625 0.3916015625 0.982421875 0.4296875 0.9814453125 0.4443359375 0.978515625 0.451171875 0.9736328125 0.46484375 0.8349609375 0.4580078125 0.830078125
3 0.642578125 0.8310546875 0.642578125 0.7880859375 0.6484375 0.7314453125 0.654296875 0.7001953125 0.65625 0.6943359375 0.6640625 0.6884765625 0.6640625 0.6787109375 0.662109375 0.6708984375 0.6572265625 0.666015625 0.6357421875 0.66015625 0.6103515625 0.66015625 0.5830078125 0.654296875 0.5244140625 0.65625 0.509765625 0.6650390625 0.50390625 0.6884765625 0.51171875 0.6962890625 0.51953125 0.7158203125 0.52734375 0.8173828125 0.52734375 0.8544921875 0.5302734375 0.859375 0.5498046875 0.87109375 0.578125 0.8740234375 0.6162109375 0.869140625 0.6279296875 0.86328125 0.638671875 0.8505859375 0.642578125 0.8310546875
3 0.810546875 0.7451171875 0.814453125 0.7353515625 0.818359375 0.6923828125 0.830078125 0.6591796875 0.8173828125 0.64453125 0.7724609375 0.6328125 0.6962890625 0.6328125 0.6767578125 0.640625 0.671875 0.6455078125 0.66796875 0.6572265625 0.669921875 0.6787109375 0.677734375 0.7041015625 0.68359375 0.8134765625 0.689453125 0.8662109375 0.6962890625 0.873046875 0.7138671875 0.876953125 0.763671875 0.8759765625 0.7861328125 0.873046875 0.80078125 0.8642578125 0.80859375 0.7939453125 0.810546875 0.7451171875
3 0.990234375 0.6455078125 0.990234375 0.6357421875 0.998046875 0.6240234375 0.9853515625 0.60546875 0.9560546875 0.59375 0.9287109375 0.58984375 0.8876953125 0.591796875 0.8427734375 0.607421875 0.837890625 0.6162109375 0.830078125 0.6220703125 0.830078125 0.6318359375 0.8359375 0.6357421875 0.841796875 0.6552734375 0.857421875 0.8662109375 0.859375 0.8720703125 0.8662109375 0.876953125 0.8896484375 0.8828125 0.943359375 0.8818359375 0.9619140625 0.87890625 0.970703125 0.8720703125 0.986328125 0.6513671875 0.990234375 0.6455078125