3 1 0.7663429046875 0.989864865625 0.66701858125 0.9793074328125 0.633234796875 0.9402449328125 0.613175675 0.91701858125 0.6321790546875 0.9043496624999999 0.6300675671875 0.8684543921874999 0.640625 0.831503378125 0.66701858125 0.8230574328125 0.7388091218749999 0.8378378375000001 0.802153715625 0.8948479734375001 0.8908361484375 0.9054054046875001 0.895059121875 0.9011824328125 0.8633868250000001 0.9149070953124999 0.853885134375 0.9581925671875 0.87605574375 0.9581925671875 0.8971706078125001 0.9328547296874999 0.945734796875 0.9750844593749999 0.973184121875 0.987753378125 0.973184121875 0.9940878375000001 0.945734796875 1 0.8901604734375 1 0.7663429046875
3 0.7248733109375001 0.746199325 0.741765203125 0.7377533781250001 0.76076858125 0.7377533781250001 0.7829391890624999 0.751478040625 0.7924408781250001 0.752533784375 0.8019425671875 0.7430320953125 0.8272804046875001 0.686021959375 0.8061655406250001 0.648015203125 0.79983108125 0.569890203125 0.7734375 0.5329391890624999 0.7544341218749999 0.528716215625 0.7048141890624999 0.5994510140625 0.66891891875 0.7092483109375001 0.6847550671875 0.73141891875 0.7037584453125 0.7440878375 0.7248733109375001 0.746199325
3 0.70798141875 0.746199325 0.64358108125 0.8000422296874999 0.6414695953125 0.895059121875 0.6710304046875 0.9182854734375001 0.7312077703125001 0.9024493250000001 0.7818834453125 0.906672296875 0.7956081078125 0.895059121875 0.8082770265624999 0.869721284375 0.8188344593749999 0.8127111484375 0.8188344593749999 0.7873733109375001 0.7966638515625 0.7609797296874999 0.7628800671875 0.7440878375 0.70798141875 0.746199325
3 0.482311775 1 0.5042229734375 0.95206925625 0.507390203125 0.8496621624999999 0.49260979687499995 0.841216215625 0.48627533749999996 0.8517736484375 0.4714949328125 0.855996621875 0.4313766890625 0.8496621624999999 0.403927365625 0.8222128375000001 0.3870354734375 0.8222128375000001 0.3606418921875 0.8380489859375 0.3416385140625 0.9035050671875 0.3433022203125 1 0.482311775 1
3 0.24978885156250002 0.9467905406250001 0.2793496625 0.9467905406250001 0.31735641875 0.9636824328125 0.32474662187500003 0.973184121875 0.3331925671875 0.9668496624999999 0.3416385140625 0.880278715625 0.3300253375 0.8686655406250001 0.3184121625 0.867609796875 0.31418918906250004 0.8127111484375 0.322635134375 0.77048141875 0.3205236484375 0.7345861484375 0.31418918906250004 0.7198057437500001 0.3025760140625 0.7145270265625 0.271959459375 0.7324746625 0.2508445953125 0.7768158781250001 0.21283783750000002 0.8253800671875 0.1980574328125 0.8718327703125001 0.20228040468750003 0.933065878125 0.2160050671875 0.9446790546875 0.23078547343750003 0.9362331078125001 0.24978885156250002 0.9467905406250001
3 0.2115830125 1 0.2170608109375 0.95206925625 0.20016891874999998 0.9309543921874999 0.1980574328125 0.8654983109375 0.21283783750000002 0.8211570953124999 0.2508445953125 0.7725929046875 0.23923141874999998 0.725084459375 0.2096706078125 0.7018581078125 0.1843327703125 0.7103040546875 0.17799831093750001 0.697635134375 0.167440878125 0.6934121625 0.1568834453125 0.6934121625 0.1452702703125 0.707136825 0.15371621562499999 0.730363175 0.155827703125 0.82326858125 0.1452702703125 0.857052365625 0.139909734375 1 0.2115830125 1
3 0.138209459375 1 0.1452702703125 0.867609796875 0.1315456078125 0.8517736484375 0.0988175671875 0.8612753375000001 0.0861486484375 0.9415118250000001 0.075591215625 0.9689611484375 0.077890390625 1 0.138209459375 1
3 0.3859797296875 0.5044341218749999 0.400760134375 0.5276604734375 0.4049831078125 0.5529983109375001 0.421875 0.5614442562499999 0.440878378125 0.555109796875 0.440878378125 0.5086570953125 0.428209459375 0.479096284375 0.455658784375 0.4685388515625 0.45988175625 0.438978040625 0.4313766890625 0.40625 0.41448479687499995 0.3978040546875 0.402871621875 0.4220861484375 0.4049831078125 0.4495354734375 0.3965371625 0.4495354734375 0.3986486484375 0.438978040625 0.389146959375 0.427364865625 0.35641891875 0.451646959375 0.350084459375 0.479096284375 0.3574746625 0.4949324328125 0.3859797296875 0.5044341218749999
3 0.3859797296875 0.6754645265625 0.4113175671875 0.6986908781250001 0.4176520265625 0.730363175 0.4324324328125 0.7535895265625 0.439822634375 0.7546452703125001 0.4524915546875 0.7377533781250001 0.4904983109375 0.71875 0.511613175 0.725084459375 0.521114865625 0.6965793921875 0.5485641890624999 0.6796875 0.5548986484375 0.6627956078125 0.546452703125 0.6395692562499999 0.5285050671875 0.6237331078125 0.505278715625 0.62795608125 0.482052365625 0.6554054046875 0.46832770312500005 0.6163429046875 0.41026182499999997 0.5815033781250001 0.39231418906250004 0.5994510140625 0.377533784375 0.6564611484375 0.3859797296875 0.6754645265625
3 0.43665540468749997 0.7620354734375 0.43665540468749997 0.7810388515625 0.441934121875 0.7947635140625 0.5105574328125 0.8464949328125 0.5137246625 0.83488175625 0.5295608109375001 0.8338260140625 0.5380067562499999 0.7662584453125 0.5168918921875 0.7282516890624999 0.49683277031250006 0.71875 0.44932432499999997 0.7430320953125 0.43665540468749997 0.7620354734375
3 0.32474662187500003 0.7599239859375 0.3184121625 0.8274915546875 0.3268581078125 0.84860641875 0.34375 0.8591638515625 0.364864865625 0.8296030406250001 0.375422296875 0.791596284375 0.390202703125 0.778927365625 0.39231418906250004 0.74514358125 0.4113175671875 0.724028715625 0.4113175671875 0.7029138515625 0.3743665546875 0.6596283781250001 0.325802365625 0.6427364859375 0.299408784375 0.652238175 0.28462837812499997 0.6839104734375 0.2888513515625 0.7092483109375001 0.31630067500000003 0.7176942562499999 0.32474662187500003 0.7599239859375
3 0.7776604734375 0.535050675 0.8061655406250001 0.5762246625 0.8431165546875 0.6005067562499999 0.858952703125 0.622677365625 0.8864020265624999 0.580447634375 0.88956925625 0.5582770265625 0.8473395265624999 0.530827703125 0.807221284375 0.518158784375 0.752322634375 0.505489865625 0.7301520265625 0.51076858125 0.7259290546875 0.5382179046875 0.7312077703125001 0.54983108125 0.752322634375 0.528716215625 0.7776604734375 0.535050675
3 0.5369510140625 0.9826858109375 0.5432854734375 0.9763513515625 0.55173141875 0.9890202703125001 0.6013513515625 0.9964104734375001 0.605574325 0.9562922296874999 0.5865709453125 0.87394425625 0.572846284375 0.8644425671875 0.560177365625 0.8665540546875 0.5200591218749999 0.9024493250000001 0.5137246625 0.8834459453125 0.5084459453125 0.945734796875 0.521114865625 0.97951858125 0.5369510140625 0.9826858109375