3 0.1318359375 0.83984375 0.14453125 0.8486328125 0.140625 0.8779296875 0.150390625 0.8740234375 0.203125 0.7919921875 0.216796875 0.7333984375 0.208984375 0.6669921875 0.1748046875 0.642578125 0.1416015625 0.6328125 0.1298828125 0.634765625 0.1083984375 0.6171875 0.072265625 0.6357421875 0.0625 0.6669921875 0.052734375 0.7626953125 0.048828125 0.8330078125 0.05859375 0.9248046875 0.064453125 0.9501953125 0.076171875 0.9501953125 0.115234375 0.9248046875 0.091796875 0.8798828125 0.091796875 0.8603515625 0.1318359375 0.83984375
3 0.3271484375 0.73828125 0.3447265625 0.7265625 0.359375 0.7060546875 0.326171875 0.6044921875 0.2802734375 0.5390625 0.2626953125 0.54296875 0.23828125 0.5771484375 0.232421875 0.6494140625 0.212890625 0.6845703125 0.236328125 0.7373046875 0.2451171875 0.74609375 0.25390625 0.7451171875 0.2744140625 0.732421875 0.2919921875 0.732421875 0.3076171875 0.740234375 0.3271484375 0.73828125
3 0.2724609375 0.73828125 0.2412109375 0.75390625 0.220703125 0.7783203125 0.220703125 0.8017578125 0.23046875 0.8544921875 0.2421875 0.8779296875 0.2548828125 0.888671875 0.3017578125 0.884765625 0.357421875 0.8994140625 0.384765625 0.8779296875 0.3828125 0.7900390625 0.3232421875 0.740234375 0.2724609375 0.73828125
3 0.6044921875 0.810546875 0.5791015625 0.8359375 0.5419921875 0.841796875 0.5283203125 0.837890625 0.5224609375 0.828125 0.5087890625 0.8359375 0.51171875 0.9306640625 0.54296875 0.9990234375 0.66015625 0.9990234375 0.662109375 0.8857421875 0.64453125 0.8251953125 0.6201171875 0.810546875 0.6044921875 0.810546875
3 0.7646484375 0.916015625 0.7783203125 0.923828125 0.791015625 0.9130859375 0.794921875 0.8564453125 0.78125 0.8134765625 0.74609375 0.7685546875 0.7265625 0.7275390625 0.6982421875 0.7109375 0.6875 0.7158203125 0.681640625 0.7294921875 0.6796875 0.7626953125 0.6875 0.8017578125 0.68359375 0.8525390625 0.6728515625 0.853515625 0.662109375 0.8642578125 0.669921875 0.9443359375 0.677734375 0.9501953125 0.6845703125 0.94140625 0.7197265625 0.92578125 0.7470703125 0.92578125 0.7646484375 0.916015625
3 0.84375 0.7041015625 0.8330078125 0.69140625 0.8232421875 0.69140625 0.8134765625 0.6953125 0.8076171875 0.70703125 0.7841796875 0.69921875 0.7568359375 0.720703125 0.74609375 0.7646484375 0.78125 0.8095703125 0.794921875 0.8505859375 0.79296875 0.9111328125 0.77734375 0.9306640625 0.78515625 0.9990234375 0.849609375 0.9990234375 0.84375 0.8427734375 0.833984375 0.8115234375 0.8359375 0.7255859375 0.84375 0.7041015625
3 0.8564453125 0.837890625 0.84375 0.8525390625 0.8515625 0.9990234375 0.904296875 0.9990234375 0.908203125 0.9462890625 0.8984375 0.9208984375 0.88671875 0.8466796875 0.8564453125 0.837890625
3 0.6474609375 0.5078125 0.654296875 0.4931640625 0.6484375 0.4677734375 0.6181640625 0.4453125 0.609375 0.4560546875 0.611328125 0.4658203125 0.603515625 0.4658203125 0.60546875 0.4404296875 0.5947265625 0.41796875 0.5791015625 0.42578125 0.552734375 0.4560546875 0.556640625 0.4833984375 0.58203125 0.4931640625 0.5703125 0.5205078125 0.5703125 0.5634765625 0.587890625 0.5693359375 0.603515625 0.5615234375 0.607421875 0.5380859375 0.62109375 0.5166015625 0.6474609375 0.5078125
3 0.62890625 0.6572265625 0.615234375 0.6044921875 0.5986328125 0.587890625 0.544921875 0.6201171875 0.5322265625 0.65625 0.5107421875 0.630859375 0.4892578125 0.626953125 0.47265625 0.6416015625 0.46484375 0.6630859375 0.470703125 0.6787109375 0.49609375 0.6943359375 0.5048828125 0.720703125 0.5244140625 0.71484375 0.5595703125 0.732421875 0.5712890625 0.748046875 0.578125 0.7470703125 0.591796875 0.7255859375 0.59765625 0.6962890625 0.62109375 0.6748046875 0.62890625 0.6572265625
3 0.5625 0.7373046875 0.5185546875 0.71484375 0.5 0.7236328125 0.48046875 0.7587890625 0.48828125 0.8212890625 0.5029296875 0.822265625 0.505859375 0.8330078125 0.5693359375 0.78515625 0.57421875 0.7724609375 0.57421875 0.7548828125 0.5625 0.7373046875
3 0.685546875 0.7138671875 0.7109375 0.7060546875 0.71484375 0.6826171875 0.701171875 0.6533203125 0.6767578125 0.64453125 0.6318359375 0.66015625 0.59765625 0.7001953125 0.59765625 0.7197265625 0.615234375 0.7392578125 0.6171875 0.7705078125 0.630859375 0.7822265625 0.640625 0.8173828125 0.66015625 0.8447265625 0.67578125 0.8349609375 0.68359375 0.8154296875 0.677734375 0.7529296875 0.685546875 0.7138671875
3 0.2822265625 0.5390625 0.3017578125 0.55859375 0.306640625 0.5478515625 0.302734375 0.5224609375 0.2822265625 0.517578125 0.2314453125 0.529296875 0.1943359375 0.541015625 0.1552734375 0.56640625 0.158203125 0.5869140625 0.18359375 0.6259765625 0.1982421875 0.60546875 0.232421875 0.5830078125 0.2587890625 0.544921875 0.2822265625 0.5390625
3 0.49609375 0.9560546875 0.5078125 0.9248046875 0.5029296875 0.8671875 0.4970703125 0.884765625 0.4599609375 0.8515625 0.4482421875 0.849609375 0.435546875 0.8583984375 0.41796875 0.9345703125 0.421875 0.9716796875 0.4677734375 0.96484375 0.4755859375 0.953125 0.4814453125 0.958984375 0.49609375 0.9560546875