3 0 0.09229695 0.03797743125 0.07248263906249999 0.059678818749999994 0.07248263906249999 0.082465278125 0.1169704859375 0.072699653125 0.13107638906250002 0.04014756875 0.12673611093749998 0.044487846875 0.13758680625 0.13563368125 0.19618055625 0.200737846875 0.211371528125 0.27452256875000003 0.202690971875 0.30164930624999997 0.1647135421875 0.3125 0.12782118125 0.3103298609375 0.114800346875 0.3298611109375 0.09092881875 0.3092447921875 0.05078125 0.27452256875000003 0.03993055625 0.16818576406250002 0.0290798609375 0.09006076406249999 0.0247395828125 0 0.034320515625 0 0.09229695
3 0.4166666671875 0.2819010421875 0.4123263890625 0.2623697921875 0.3743489578125 0.23524305625 0.29405381875000003 0.22873263906250002 0.25499131875000003 0.20703125 0.19639756875 0.23307291718749998 0.18663194375 0.24283854218749998 0.18771701406250002 0.2526041671875 0.20182291718749998 0.275390625 0.20182291718749998 0.294921875 0.19314236093749998 0.3122829859375 0.1953125 0.333984375 0.20833333281250002 0.353515625 0.23111979218749998 0.3697916671875 0.3439670140625 0.33289930624999997 0.4166666671875 0.2819010421875
3 0.06618923593750001 0.2265625 0.04014756875 0.23958333281250002 0.02821180625 0.2536892359375 0.0325520828125 0.30577256875000003 0.0162760421875 0.36762152812500004 0.04014756875 0.39800347187499996 0.13780381875 0.3958333328125 0.19314236093749998 0.32964409687499996 0.1953125 0.2732204859375 0.17795138906250002 0.23849826406250002 0.15082465312499999 0.21571180625 0.1247829859375 0.21571180625 0.06618923593750001 0.2265625
3 0 0.705620659375 0.0314670140625 0.7061631937499999 0.09874131875 0.6866319437499999 0.1150173609375 0.6595052078125 0.1150173609375 0.642144096875 0.08680555625 0.6139322921875 0.08029513906249999 0.572699653125 0.08463541718749999 0.5575086812500001 0.09548611093750001 0.5509982640625 0.08680555625 0.5358072921875 0 0.538492 0 0.705620659375
3 0 0.84811000625 0.0010850687499999998 0.8493923609375 0.064019096875 0.8537326390625 0.111762153125 0.8385416671874999 0.16167534687500001 0.7994791671875 0.20724826406250002 0.777777778125 0.22569444375 0.7463107640625 0.220269096875 0.734375 0.205078125 0.7278645828125 0.16818576406250002 0.7256944437499999 0.1247829859375 0.734375 0.068359375 0.730034721875 0.06727430625 0.7180989578125 0.05533854218749999 0.7061631937499999 0 0.7115620765624999 0 0.84811000625
3 0 0.9109564890625 0.07921006875 0.9079861109375 0.1139322921875 0.8971354171874999 0.209418403125 0.8993055562500001 0.23328993125 0.9079861109375 0.24739583281250002 0.896050346875 0.24739583281250002 0.885199653125 0.24305555625 0.8743489578125001 0.230034721875 0.8678385421874999 0.238715278125 0.841796875 0.21484375 0.8114149312500001 0.166015625 0.7994791671875 0.11610243125 0.8385416671874999 0.07052951406249999 0.8537326390625 0.0032552078125 0.8515625 0 0.8489583328125001 0 0.9109564890625
3 0 0.9675507140624999 0.07486979218749999 0.9557291671874999 0.08463541718749999 0.9220920140625 0.068359375 0.9079861109375 0 0.91163194375 0 0.9675507140624999
3 0.5088975687499999 0.6475694437499999 0.498046875 0.6497395828125 0.498046875 0.641059028125 0.5262586812500001 0.6432291671875 0.551215278125 0.631293403125 0.542534721875 0.6139322921875 0.5088975687499999 0.5846354171875 0.478515625 0.5889756937499999 0.46766493125 0.6171875 0.4372829859375 0.6041666671875 0.38953993124999997 0.6041666671875 0.3830295140625 0.6236979171875 0.39171006875000003 0.641059028125 0.4177517359375 0.6453993062500001 0.4416232640625 0.660590278125 0.4513888890625 0.689887153125 0.46766493125 0.6974826390625 0.4958767359375 0.690972221875 0.5208333328125 0.6573350687499999 0.5088975687499999 0.6475694437499999
3 0.2864583328125 0.5618489578125 0.3146701390625 0.5379774312500001 0.3190104171875 0.514105903125 0.302734375 0.49565972187499996 0.27886284687499996 0.4869791671875 0.2615017359375 0.4934895828125 0.244140625 0.5217013890625 0.21484375 0.5314670140625 0.22135416718749998 0.553168403125 0.20182291718749998 0.592230903125 0.18446180625 0.6052517359375 0.185546875 0.612847221875 0.209418403125 0.6280381937499999 0.24197048593749998 0.6345486109375 0.2658420140625 0.660590278125 0.2853732640625 0.6692708328125 0.3439670140625 0.6540798609375 0.36241319375000003 0.6356336812500001 0.32660590312500004 0.5759548609375 0.2864583328125 0.5618489578125
3 0.103081596875 0.5130208328125 0.101996528125 0.529296875 0.09006076406249999 0.5325520828125 0.1432291671875 0.603081596875 0.15733506875 0.6085069437499999 0.17686631875 0.6085069437499999 0.19639756875 0.5954861109375 0.22135416718749998 0.5466579859375 0.21158854218749998 0.5260416671875 0.1725260421875 0.504340278125 0.103081596875 0.5130208328125
3 0.2994791671875 0.7224392359375 0.28211805624999997 0.6725260421875 0.23763020781250002 0.6345486109375 0.21592881875 0.6345486109375 0.19422743125 0.6540798609375 0.1595052078125 0.65625 0.146484375 0.671440971875 0.107421875 0.6822916671875 0.07703993125 0.7039930562500001 0.087890625 0.7213541671875 0.1095920140625 0.730034721875 0.1790364578125 0.7235243062500001 0.22243923593749998 0.7322048609375 0.23111979218749998 0.7604166671875 0.2571614578125 0.7647569437499999 0.2897135421875 0.749565971875 0.2994791671875 0.7224392359375
3 0.44053819375 0.28407118124999997 0.4275173609375 0.22764756875 0.41449652812500004 0.18641493125 0.38628472187499996 0.14301215312499999 0.3634982640625 0.14626736093749998 0.3200954859375 0.1744791671875 0.34288194375000003 0.1907552078125 0.3678385421875 0.22873263906250002 0.41015625 0.2580295140625 0.4166666671875 0.28407118124999997 0.39496527812500004 0.30577256875000003 0.4069010421875 0.3111979171875 0.43511284687499996 0.3068576390625 0.44053819375 0.28407118124999997
3 0 0.5337107171875 0.05208333281250001 0.529296875 0.0325520828125 0.5227864578125 0.06944444375 0.48155381875 0.07161458281250001 0.4685329859375 0.06184895781250001 0.4544270828125 0 0.440154246875 0 0.5337107171875