3 0.95703125 0.7529296875 0.931640625 0.6826171875 0.91796875 0.6220703125 0.85546875 0.5693359375 0.8056640625 0.494140625 0.7783203125 0.4921875 0.7568359375 0.48046875 0.7197265625 0.474609375 0.65625 0.5263671875 0.6484375 0.5517578125 0.625 0.5751953125 0.61328125 0.6083984375 0.609375 0.6943359375 0.703125 0.9169921875 0.728515625 0.9541015625 0.7607421875 0.962890625 0.837890625 0.9619140625 0.8486328125 0.958984375 0.875 0.9306640625 0.955078125 0.8330078125 0.95703125 0.7529296875
3 0.623046875 0.5751953125 0.646484375 0.5498046875 0.646484375 0.5341796875 0.626953125 0.4638671875 0.59765625 0.3955078125 0.5732421875 0.375 0.5595703125 0.373046875 0.537109375 0.3876953125 0.5234375 0.4228515625 0.462890625 0.4814453125 0.4609375 0.5205078125 0.474609375 0.5966796875 0.5078125 0.6669921875 0.5322265625 0.6875 0.5703125 0.6884765625 0.6015625 0.6650390625 0.607421875 0.6455078125 0.60546875 0.6103515625 0.623046875 0.5751953125
3 0.390625 0.6123046875 0.359375 0.5068359375 0.341796875 0.4072265625 0.314453125 0.3447265625 0.3037109375 0.337890625 0.294921875 0.3974609375 0.2763671875 0.41796875 0.26171875 0.4248046875 0.25390625 0.4462890625 0.220703125 0.4892578125 0.216796875 0.6103515625 0.224609375 0.6455078125 0.234375 0.7763671875 0.2705078125 0.8203125 0.306640625 0.8251953125 0.3525390625 0.798828125 0.361328125 0.7861328125 0.390625 0.6904296875 0.390625 0.6123046875
3 0.21484375 0.4892578125 0.216796875 0.4794921875 0.240234375 0.4541015625 0.24609375 0.4091796875 0.193359375 0.3388671875 0.181640625 0.2978515625 0.1669921875 0.28515625 0.1455078125 0.2890625 0.1220703125 0.27734375 0.0810546875 0.283203125 0.0546875 0.3056640625 0.041015625 0.3310546875 0.0390625 0.6708984375 0.0966796875 0.703125 0.15625 0.7177734375 0.1689453125 0.712890625 0.1875 0.6923828125 0.205078125 0.6376953125 0.21484375 0.4892578125
3 0.259765625 0.2392578125 0.2333984375 0.216796875 0.2138671875 0.21875 0.177734375 0.2529296875 0.16796875 0.2822265625 0.18359375 0.2978515625 0.1953125 0.3369140625 0.244140625 0.3974609375 0.248046875 0.4189453125 0.259765625 0.4208984375 0.291015625 0.3994140625 0.30078125 0.3681640625 0.30078125 0.3388671875 0.259765625 0.2392578125
3 0.505859375 0.1982421875 0.4873046875 0.16796875 0.4677734375 0.158203125 0.4462890625 0.166015625 0.4150390625 0.16015625 0.40234375 0.1728515625 0.396484375 0.2060546875 0.388671875 0.2900390625 0.390625 0.4130859375 0.4091796875 0.421875 0.4306640625 0.41015625 0.453125 0.4306640625 0.4638671875 0.453125 0.482421875 0.4541015625 0.515625 0.4267578125 0.529296875 0.4033203125 0.5234375 0.2451171875 0.505859375 0.1982421875
3 0.46875 0.4677734375 0.453125 0.4306640625 0.4326171875 0.412109375 0.4091796875 0.42578125 0.3837890625 0.41796875 0.3505859375 0.419921875 0.349609375 0.4384765625 0.361328125 0.4853515625 0.390625 0.5654296875 0.4169921875 0.587890625 0.4521484375 0.603515625 0.46875 0.6044921875 0.474609375 0.5947265625 0.458984375 0.5048828125 0.4609375 0.4794921875 0.46875 0.4677734375
3 0.708984375 0.4775390625 0.7060546875 0.470703125 0.6884765625 0.47265625 0.681640625 0.4677734375 0.7109375 0.4599609375 0.71484375 0.4287109375 0.6953125 0.3681640625 0.6591796875 0.330078125 0.6376953125 0.32421875 0.6044921875 0.337890625 0.580078125 0.3740234375 0.599609375 0.3974609375 0.626953125 0.4619140625 0.64453125 0.5263671875 0.65234375 0.5302734375 0.671875 0.5087890625 0.6826171875 0.484375 0.6982421875 0.484375 0.708984375 0.4775390625
3 0.6484375 0.3232421875 0.5712890625 0.205078125 0.5576171875 0.205078125 0.5400390625 0.216796875 0.525390625 0.2412109375 0.529296875 0.3642578125 0.53125 0.3759765625 0.5390625 0.3798828125 0.5576171875 0.369140625 0.5810546875 0.37109375 0.6123046875 0.33203125 0.6484375 0.3232421875
3 0.232421875 0.1123046875 0.20703125 0.0361328125 0.1884765625 0.021484375 0.1435546875 0.009765625 0.115234375 0.0341796875 0.0859375 0.0888671875 0.08203125 0.1142578125 0.08984375 0.1669921875 0.115234375 0.2568359375 0.1318359375 0.27734375 0.158203125 0.2822265625 0.1796875 0.2451171875 0.205078125 0.2236328125 0.212890625 0.2080078125 0.232421875 0.1123046875
3 0.40234375 0.0849609375 0.3798828125 0.05859375 0.3544921875 0.048828125 0.2861328125 0.0625 0.25390625 0.0888671875 0.2421875 0.1435546875 0.248046875 0.1728515625 0.2802734375 0.17578125 0.3154296875 0.232421875 0.38671875 0.2529296875 0.400390625 0.1708984375 0.4140625 0.1513671875 0.41015625 0.1044921875 0.40234375 0.0849609375
3 0.712890625 0.0673828125 0.6962890625 0.05859375 0.6591796875 0.05859375 0.6318359375 0.06640625 0.61328125 0.0810546875 0.603515625 0.0986328125 0.609375 0.1669921875 0.65234375 0.2080078125 0.6748046875 0.1875 0.740234375 0.1943359375 0.73828125 0.1064453125 0.712890625 0.0673828125
3 0.8271484375 0.171875 0.7783203125 0.1328125 0.7470703125 0.123046875 0.7421875 0.1357421875 0.740234375 0.2216796875 0.76171875 0.2744140625 0.763671875 0.2978515625 0.794921875 0.3095703125 0.826171875 0.2802734375 0.849609375 0.2373046875 0.849609375 0.2021484375 0.8271484375 0.171875
3 0.6376953125 0.251953125 0.6220703125 0.259765625 0.6171875 0.2724609375 0.6484375 0.3193359375 0.7109375 0.3837890625 0.712890625 0.3544921875 0.6953125 0.2744140625 0.6630859375 0.25390625 0.6376953125 0.251953125
3 0.734375 0.2001953125 0.7216796875 0.189453125 0.6748046875 0.1875 0.6484375 0.2177734375 0.64453125 0.2490234375 0.6787109375 0.259765625 0.697265625 0.2763671875 0.712890625 0.3642578125 0.72265625 0.3720703125 0.74609375 0.3505859375 0.759765625 0.3056640625 0.759765625 0.2724609375 0.734375 0.2001953125
3 0.6240234375 0.1796875 0.5966796875 0.16796875 0.5595703125 0.1640625 0.51953125 0.1806640625 0.51171875 0.2060546875 0.5244140625 0.232421875 0.5498046875 0.208984375 0.5732421875 0.205078125 0.60546875 0.2568359375 0.6171875 0.2646484375 0.638671875 0.2509765625 0.646484375 0.2158203125 0.640625 0.1982421875 0.6240234375 0.1796875
3 0.533203125 0.0966796875 0.5068359375 0.068359375 0.4951171875 0.06640625 0.44921875 0.1044921875 0.44921875 0.1220703125 0.45703125 0.1494140625 0.4833984375 0.16015625 0.509765625 0.1904296875 0.5205078125 0.177734375 0.5400390625 0.173828125 0.546875 0.1572265625 0.533203125 0.0966796875
3 0.6015625 0.0966796875 0.619140625 0.0673828125 0.5888671875 0.0390625 0.5517578125 0.037109375 0.541015625 0.0478515625 0.533203125 0.0849609375 0.548828125 0.1572265625 0.5556640625 0.1640625 0.59765625 0.1650390625 0.591796875 0.1552734375 0.599609375 0.1552734375 0.60546875 0.1357421875 0.6015625 0.0966796875
3 0.53125 0.0791015625 0.5390625 0.0439453125 0.5126953125 0.00390625 0.4501953125 0.001953125 0.4453125 0.0068359375 0.4296875 0.0576171875 0.443359375 0.0927734375 0.453125 0.0966796875 0.4951171875 0.06640625 0.5068359375 0.068359375 0.5224609375 0.083984375 0.53125 0.0791015625
3 0.5703125 0.0185546875 0.5712890625 0.033203125 0.5966796875 0.04296875 0.6201171875 0.068359375 0.62890625 0.0673828125 0.689453125 0.0537109375 0.6748046875 0.001953125 0.5966796875 0.001953125 0.5703125 0.0185546875
3 0.3173828125 0.23828125 0.296875 0.3173828125 0.298828125 0.3271484375 0.31640625 0.3427734375 0.345703125 0.4130859375 0.375 0.4150390625 0.38671875 0.4091796875 0.388671875 0.2666015625 0.3447265625 0.23828125 0.3173828125 0.23828125