3 0.7264583328125 0 0.6814583328125 0.01625 0.6168750000000001 0.030833332812499996 0.560625 0.0975 0.4804166671875 0.150625 0.4783333328125 0.1797916671875 0.4658333328125 0.20270833281249998 0.45958333281249997 0.2422916671875 0.5147916671874999 0.31 0.541875 0.3183333328125 0.566875 0.3433333328125 0.6022916671874999 0.35583333281249996 0.6939583328125 0.36 0.9314583328125 0.26 0.9710416671875001 0.23291666718749998 0.9804166671875001 0.1985416671875 0.9793749999999999 0.11625 0.97625 0.10479166718749999 0.9460416671875 0.07666666718750001 0.85254573125 0 0.7264583328125 0
3 0.35125 0.41312499999999996 0.366875 0.4370833328125 0.40437500000000004 0.4516666671875 0.46687500000000004 0.51625 0.5085416671874999 0.5183333328125 0.5897916671875 0.5037499999999999 0.6647916671874999 0.4683333328125 0.6866666671874999 0.4422916671875 0.6877083328125 0.4016666671875 0.6627083328125 0.36833333281249997 0.641875 0.3620833328125 0.604375 0.3641666671875 0.566875 0.34541666718749997 0.5397916671874999 0.3204166671875 0.5231250000000001 0.3204166671875 0.448125 0.34125 0.3752083328125 0.3725 0.3533333328125 0.3985416671875 0.35125 0.41312499999999996
3 0.3991666671875 0.7152083328125001 0.4064583328125 0.7308333328125001 0.429375 0.7391666671875 0.47520833281249997 0.7745833328125 0.604375 0.7787499999999999 0.641875 0.7704166671875 0.7814583328125 0.76 0.8283333328125 0.7214583328125 0.8335416671875 0.6829166671875 0.8054166671875 0.6339583328125 0.791875 0.6245833328125 0.6897916671875 0.5933333328125 0.6064583328125 0.5933333328125 0.4939583328125 0.6266666671875 0.3877083328125 0.6454166671875 0.3210416671875 0.6745833328125 0.31375000000000003 0.6860416671875 0.3772916671875 0.6954166671875 0.3991666671875 0.7152083328125001
3 0.2575 0.8318749999999999 0.2616666671875 0.8547916671875001 0.2491666671875 0.8797916671875001 0.2554166671875 0.9235416671875001 0.27937500000000004 0.9516666671875 0.3064583328125 0.9662499999999999 0.6689583328125 0.9683333328125 0.7033333328125 0.906875 0.7189583328125 0.8433333328125 0.71375 0.8297916671875001 0.691875 0.8099999999999999 0.6335416671874999 0.79125 0.47520833281249997 0.7808333328125 0.4647916671875 0.7787499999999999 0.4377083328125 0.7537499999999999 0.3897916671875 0.7474999999999999 0.3147916671875 0.80375 0.2710416671875 0.8162499999999999 0.2575 0.8318749999999999
3 0.3127083328125 0.8016666671875001 0.3772916671875 0.7495833328125 0.4002083328125 0.7454166671875 0.4022916671875 0.7329166671875 0.379375 0.6995833328125001 0.3460416671875 0.6891666671875 0.3147916671875 0.6891666671875 0.2085416671875 0.7329166671875 0.1845833328125 0.7610416671875 0.1866666671875 0.781875 0.22312500000000002 0.8204166671875001 0.254375 0.8308333328125 0.2710416671875 0.8141666671875001 0.3127083328125 0.8016666671875001
3 0.173125 0.5870833328125 0.2627083328125 0.5954166671875 0.3939583328125 0.5933333328125 0.4033333328125 0.5735416671875 0.3908333328125 0.5506249999999999 0.41270833281249997 0.5266666671875 0.43666666718749997 0.5152083328125 0.4377083328125 0.4954166671875 0.40854166718749996 0.45999999999999996 0.3835416671875 0.4454166671875 0.2147916671875 0.4516666671875 0.1647916671875 0.47041666718749997 0.1325 0.49020833281250004 0.12208333281249999 0.5110416671875 0.1304166671875 0.5339583328125 0.1241666671875 0.5672916671875 0.1377083328125 0.5808333328125 0.173125 0.5870833328125
3 0.42104166718749997 0.6370833328125001 0.47104166718749996 0.6245833328125 0.5564583328125 0.5933333328125 0.5804166671875 0.5652083328125 0.5970833328125 0.5277083328125001 0.598125 0.51 0.5877083328125 0.5037499999999999 0.491875 0.5204166671875 0.4647916671875 0.5183333328125 0.45229166718749997 0.51 0.41270833281249997 0.5266666671875 0.3929166671875 0.5485416671875 0.40750000000000003 0.5735416671875 0.3991666671875 0.600625 0.40125 0.6360416671875 0.42104166718749997 0.6370833328125001
3 0.3460416671875 0.2683333328125 0.3054166671875 0.306875 0.2991666671875 0.32979166718749997 0.31375000000000003 0.3652083328125 0.3522916671875 0.39125 0.3772916671875 0.3704166671875 0.44604166718749994 0.34125 0.5147916671874999 0.3225 0.5189583328125 0.31416666718749997 0.4960416671875 0.29333333281249996 0.47000000000000003 0.281875 0.47000000000000003 0.2652083328125 0.4627083328125 0.25375000000000003 0.45541666718749996 0.256875 0.4575 0.275625 0.45229166718749997 0.28291666718749997 0.44395833281249997 0.25166666718749997 0.410625 0.2475 0.3460416671875 0.2683333328125
3 0.354375 0.44333333281250004 0.3585416671875 0.43499999999999994 0.3470833328125 0.4152083328125 0.3491666671875 0.3902083328125 0.3075 0.356875 0.29812500000000003 0.3183333328125 0.1720833328125 0.40062499999999995 0.1720833328125 0.4152083328125 0.1845833328125 0.4339583328125 0.210625 0.4495833328125 0.34187500000000004 0.4454166671875 0.354375 0.44333333281250004
3 0 0.8925520828125 0.048125 0.9183333328125001 0.0752083328125 0.9225 0.1314583328125 0.9141666671875001 0.2272916671875 0.8870833328125001 0.2491666671875 0.869375 0.254375 0.8412499999999999 0.2147916671875 0.8183333328125 0.191875 0.79125 0.17520833281249998 0.7829166671875 0.073125 0.7620833328125001 0 0.7864583328125 0 0.8925520828125
3 0.1377083328125 0.7454166671875 0.1408333328125 0.7110416671875 0.20125 0.6735416671875 0.22312500000000002 0.5974999999999999 0.135625 0.5829166671875 0.1147916671875 0.5683333328125 0.0647916671875 0.5725 0.0439583328125 0.5808333328125 0.0158333328125 0.6047916671875 0.0054166671875 0.631875 0.02 0.7047916671875 0.048125 0.7391666671875 0.10645833281249999 0.7516666671875 0.1377083328125 0.7454166671875
3 0.1314583328125 0.36 0.17520833281249998 0.31416666718749997 0.1533333328125 0.29020833281249997 0.160625 0.2204166671875 0.06687499999999999 0.2225 0.0252083328125 0.24958333281249998 0.0158333328125 0.26729166718749997 0.0158333328125 0.306875 0.024166667187499997 0.3360416671875 0.039791667187500004 0.35583333281249996 0.0585416671875 0.36625 0.1314583328125 0.36
3 0.2710416671875 0.1954166671875 0.2835416671875 0.1620833328125 0.2522916671875 0.12875 0.20645833281249998 0.10375000000000001 0.1689583328125 0.10375000000000001 0.1366666671875 0.1277083328125 0.095 0.1797916671875 0.0845833328125 0.213125 0.09812499999999999 0.21833333281249998 0.1897916671875 0.2204166671875 0.2460416671875 0.1975 0.2710416671875 0.1954166671875
3 0.2460416671875 0.2683333328125 0.2241666671875 0.3027083328125 0.22208333281249998 0.32979166718749997 0.2304166671875 0.3464583328125 0.24395833281249998 0.3516666671875 0.2939583328125 0.3183333328125 0.3627083328125 0.25166666718749997 0.3314583328125 0.24958333281249998 0.2460416671875 0.2683333328125
3 0.248125 0.26625 0.34187500000000004 0.24958333281249998 0.35020833281249997 0.2391666671875 0.3272916671875 0.2141666671875 0.27937500000000004 0.19958333281250001 0.24395833281249998 0.19958333281250001 0.166875 0.2266666671875 0.1554166671875 0.24020833281249998 0.1533333328125 0.29020833281249997 0.18562499999999998 0.3183333328125 0.2189583328125 0.3225 0.2304166671875 0.2860416671875 0.248125 0.26625
3 0.17625 0.42354166718749997 0.1720833328125 0.3985416671875 0.2272916671875 0.3641666671875 0.23562500000000003 0.3516666671875 0.2210416671875 0.32875 0.1835416671875 0.3204166671875 0.1647916671875 0.3266666671875 0.145 0.344375 0.1325 0.3735416671875 0.12833333281249998 0.41312499999999996 0.1460416671875 0.45583333281250005 0.173125 0.4641666671875 0.20125 0.45062499999999994 0.17625 0.42354166718749997
3 0.1241666671875 0.49437499999999995 0.1564583328125 0.46624999999999994 0.1429166671875 0.45479166718749997 0.13874999999999998 0.4339583328125 0.12104166718750001 0.4266666671875 0.0564583328125 0.44125 0.026250000000000002 0.469375 0.024166667187499997 0.48187499999999994 0.0647916671875 0.5308333328125 0.0835416671875 0.5308333328125 0.11270833281249999 0.5225 0.1241666671875 0.49437499999999995
3 0 0.4285416671875 0.0043749999999999995 0.4329166671875 0.0439583328125 0.44125 0.12104166718750001 0.42458333281250005 0.12833333281249998 0.4172916671875 0.129375 0.3725 0.11895833281249998 0.37875000000000003 0.11895833281249998 0.3704166671875 0.09812499999999999 0.3641666671875 0.0564583328125 0.36833333281249997 0.0252083328125 0.3495833328125 0 0.376530171875 0 0.4285416671875
3 0 0.547115384375 0.0147916671875 0.5516666671875 0.0522916671875 0.5370833328125 0.0564583328125 0.5266666671875 0.024166667187499997 0.48187499999999994 0.026250000000000002 0.469375 0.0429166671875 0.4527083328125 0.0377083328125 0.44333333281250004 0.00020833281250000002 0.43499999999999994 0 0.43513719531249995 0 0.547115384375
3 0 0.3727724359375 0.026250000000000002 0.3485416671875 0.0252083328125 0.3391666671875 0.010624999999999999 0.27458333281249997 0 0.2775904078125 0 0.3727724359375
3 0.3897916671875 0.5974999999999999 0.23770833281249998 0.5954166671875 0.20750000000000002 0.6422916671875 0.20750000000000002 0.6714583328125 0.291875 0.6933333328125 0.3022916671875 0.6912499999999999 0.31895833281249997 0.6725 0.3939583328125 0.64125 0.3960416671875 0.61 0.3897916671875 0.5974999999999999