3 0.842052715625 0.9668530343749999 0.941892971875 0.884984025 0.9708466453125 0.85802715625 0.9738418531249999 0.847044728125 0.97484025625 0.7681709265625 0.9658546328125001 0.7352236421875 0.9279153359375 0.709265175 0.700279553125 0.6134185296875 0.612420128125 0.617412140625 0.578474440625 0.629392971875 0.5545127796875 0.6533546328125001 0.5285543125000001 0.6613418531249999 0.475638978125 0.7262380187499999 0.48162939375 0.764177315625 0.49361022343750005 0.786142171875 0.49560702812499996 0.81409744375 0.572484025 0.865015975 0.6263977640625 0.9289137375 0.6882987218750001 0.9428913734375 0.76018370625 0.968849840625 0.842052715625 0.9668530343749999
3 0.6144169328125 0.6094249203125 0.650359425 0.611421725 0.6703274765625 0.605431309375 0.6942891375 0.5734824281249999 0.693290734375 0.534544728125 0.67232428125 0.5095846640625 0.6004392968750001 0.475638978125 0.5225638984375001 0.4616613421875 0.48262779531250005 0.463658146875 0.4227236421875 0.5255591046875 0.38678115 0.539536740625 0.37180511250000003 0.5625 0.3738019171875 0.5764776359375 0.3947683703125 0.6014377 0.46465655000000006 0.6313897765625 0.5365415328124999 0.651357828125 0.552515975 0.651357828125 0.578474440625 0.627396165625 0.6144169328125 0.6094249203125
3 0.6962859421875 0.38977635781250003 0.79412939375 0.35982428125 0.8071086265625 0.3508386578125 0.8340654953125 0.3039137375 0.8290734828125 0.26697284374999997 0.7841453671874999 0.23003194843750002 0.650359425 0.2200479234375 0.6144169328125 0.212060703125 0.490615015625 0.21605431249999998 0.44668530312500004 0.25 0.424720446875 0.2579872203125 0.41773162968750005 0.272963259375 0.39676517499999997 0.29193290781250003 0.3358626203125 0.3009185296875 0.34285143749999997 0.3119009578125 0.40674920156249994 0.3398562296875 0.5085862624999999 0.35782747656249997 0.6164137375000001 0.38977635781250003 0.6962859421875 0.38977635781250003
3 0.6423722046875 0.200079871875 0.698282746875 0.1821086265625 0.7192492015624999 0.163138978125 0.7242412140625001 0.15015974375000002 0.709265175 0.08925718906249999 0.676317890625 0.0303514375 0.3288738015625 0.0323482421875 0.3029153359375 0.046325878125 0.2799520765625 0.073282746875 0.2739616609375 0.11521565468749999 0.2859424921875 0.139177315625 0.28194888125 0.161142171875 0.294928115625 0.1761182109375 0.336861021875 0.1880990421875 0.40874600625 0.2420127796875 0.4546725234375 0.23602236406250002 0.48063099062500003 0.212060703125 0.490615015625 0.2100638984375 0.6423722046875 0.200079871875
3 0.336861021875 0.2979233234375 0.3668130984375 0.2979233234375 0.39876198125 0.287939296875 0.4207268375 0.255990415625 0.41873003124999997 0.244009584375 0.39676517499999997 0.240015975 0.3348642171875 0.190095846875 0.294928115625 0.178115015625 0.2789536734375 0.162140575 0.24900159687499998 0.17212460000000002 0.2140575078125 0.20906549531250002 0.212060703125 0.229033546875 0.2350239609375 0.255990415625 0.336861021875 0.2979233234375
3 0.2410143765625 0.5255591046875 0.402755590625 0.5315495203125 0.426717253125 0.517571884375 0.4546725234375 0.4836261984375 0.45367412187499995 0.46465655000000006 0.43071086249999996 0.45367412187499995 0.409744409375 0.43071086249999996 0.42172523906250003 0.40874600625 0.41273961718749996 0.38977635781250003 0.2869408953125 0.387779553125 0.20107827500000003 0.3957667734375 0.16713258749999998 0.40175718906249996 0.1541533546875 0.414736421875 0.1601437703125 0.44668530312500004 0.15215655 0.468650159375 0.162140575 0.4886182109375 0.1930910546875 0.507587859375 0.2410143765625 0.5255591046875
3 0.48063099062500003 0.4616613421875 0.50658945625 0.45966453749999997 0.5984424921875 0.475638978125 0.6084265171875 0.46964856250000003 0.607428115625 0.45267571875 0.5914536734375 0.4167332265625 0.568490415625 0.38977635781250003 0.48662140625 0.35982428125 0.4386980828125 0.34784345 0.41972843437499996 0.348841853125 0.41773162968750005 0.382787540625 0.42571885 0.40874600625 0.4117412140625 0.4327076671875 0.43071086249999996 0.45367412187499995 0.468650159375 0.46964856250000003 0.48063099062500003 0.4616613421875
3 0.485623003125 0.7042731625 0.485623003125 0.6882987218750001 0.5105830671875 0.67731629375 0.5325479234375 0.6573482421875 0.5285543125000001 0.649361021875 0.46265974375 0.6313897765625 0.39676517499999997 0.6034345046875 0.3728035140625 0.583466453125 0.3358626203125 0.6084265171875 0.321884984375 0.6423722046875 0.32787540000000004 0.6643370609375 0.3668130984375 0.7012779546875 0.42871405781250005 0.72124600625 0.4606629390625 0.717252396875 0.468650159375 0.68730031875 0.473642171875 0.6942891375 0.47164536718749994 0.7122603828125 0.47863418593749996 0.715255590625 0.485623003125 0.7042731625
3 0.3298722046875 0.6164137375000001 0.36980830625 0.58446485625 0.3678115015625 0.5605031953124999 0.3787939296875 0.541533546875 0.37480031875 0.5335463265625 0.3628194890625 0.5315495203125 0.23702076718749998 0.5275559109375 0.212060703125 0.5425319484375 0.200079871875 0.5605031953124999 0.200079871875 0.57448083125 0.32088658125 0.6533546328125001 0.3298722046875 0.6164137375000001
3 0.2030750796875 0.2080670921875 0.21904952031249997 0.200079871875 0.2410143765625 0.17412140625 0.2789536734375 0.15215655 0.2739616609375 0.12519968125 0.2529952078125 0.10822683749999999 0.161142171875 0.0822683703125 0.107228434375 0.07428114999999999 0.08126996875 0.0782747609375 0.025359425 0.10822683749999999 0.0003993609375 0.1371805109375 0.0123801921875 0.183107028125 0.0273562296875 0.2020766765625 0.1052316296875 0.22803514374999997 0.2030750796875 0.2080670921875
3 0.097244409375 0.409744409375 0.14516773125 0.41373801875 0.16513578281250002 0.3997603828125 0.24900159687499998 0.385782746875 0.22803514374999997 0.31289936093750004 0.1701277953125 0.27695686875000003 0.16713258749999998 0.244009584375 0.1371805109375 0.23801916875 0.08126996875 0.25 0.0543130984375 0.282947284375 0.0403354625 0.3528354625 0.0503194890625 0.3787939296875 0.0772763578125 0.40175718906249996 0.097244409375 0.409744409375
3 0.0992412140625 0.7452076671875 0.18909744374999998 0.7472044734375001 0.1821086265625 0.6803115015625 0.2030750796875 0.6573482421875 0.161142171875 0.6134185296875 0.09125399375 0.607428115625 0.073282746875 0.617412140625 0.058306709375 0.6363817890625 0.0503194890625 0.6643370609375 0.0503194890625 0.7022763578125 0.0593051125 0.7192492015624999 0.0992412140625 0.7452076671875
3 0.1970846640625 0.8590255593749999 0.23302715625 0.8590255593749999 0.27695686875000003 0.8350638984375 0.3069089453125 0.803115015625 0.294928115625 0.771166134375 0.270966453125 0.7691693296875 0.217052715625 0.7472044734375001 0.129193290625 0.7492012781249999 0.11621405781250001 0.754193290625 0.1261980828125 0.786142171875 0.1661341859375 0.8360623 0.1970846640625 0.8590255593749999
3 0.25 0.6683306703125 0.270966453125 0.7012779546875 0.3528354625 0.7192492015624999 0.382787540625 0.717252396875 0.316892971875 0.6533546328125001 0.26896964843750004 0.6214057515625 0.255990415625 0.6263977640625 0.2480031953125 0.6423722046875 0.25 0.6683306703125
3 0.26896964843750004 0.7671725234375 0.3029153359375 0.7671725234375 0.348841853125 0.7531948875000001 0.370806709375 0.7292332265625 0.3628194890625 0.7192492015624999 0.272963259375 0.7032747609375 0.255990415625 0.6843051124999999 0.24500798750000002 0.649361021875 0.21305910468749997 0.6533546328125001 0.1821086265625 0.6803115015625 0.18410543125 0.728234825 0.195087859375 0.7412140578125 0.26896964843750004 0.7671725234375
3 0.1930910546875 0.6453674125 0.21106229999999998 0.651357828125 0.2470047921875 0.64337060625 0.260982428125 0.6214057515625 0.2529952078125 0.6094249203125 0.200079871875 0.5764776359375 0.2040734828125 0.552515975 0.22803514374999997 0.5265575078125 0.20107827500000003 0.513578275 0.1751198078125 0.5215654953125 0.158146965625 0.5625 0.162140575 0.6004392968750001 0.17412140625 0.62839456875 0.1930910546875 0.6453674125
3 0.151158146875 0.5495207671875 0.168130990625 0.5425319484375 0.17212460000000002 0.5225638984375001 0.185103834375 0.5115814703125 0.1541533546875 0.48462459999999996 0.1431709265625 0.45766773125000004 0.11521565468749999 0.4496805109375 0.097244409375 0.4496805109375 0.058306709375 0.49660543125 0.060303514062499994 0.5085862624999999 0.08925718906249999 0.5355431312500001 0.151158146875 0.5495207671875
3 0.129193290625 0.6094249203125 0.1491613421875 0.6034345046875 0.1491613421875 0.5954472843749999 0.1591453671875 0.6014377 0.158146965625 0.5585063890625 0.151158146875 0.5515175718750001 0.0772763578125 0.5355431312500001 0.0393370609375 0.5435303515625 0.028354632812500002 0.5545127796875 0.0303514375 0.5924520765625 0.0593051125 0.6234025562500001 0.08925718906249999 0.605431309375 0.129193290625 0.6094249203125
3 0 0.518258590625 0.03534345 0.541533546875 0.07128594218749999 0.5335463265625 0.07627795468750001 0.5245607031249999 0.060303514062499994 0.5085862624999999 0.058306709375 0.49660543125 0.08925718906249999 0.45367412187499995 0.08526357812499999 0.4436900953125 0.049321085937499995 0.429712459375 0 0.4448881796875 0 0.518258590625
3 0 0.682459009375 0.0453274765625 0.695287540625 0.0593051125 0.63338658125 0.060303514062499994 0.6244009578124999 0.0343450484375 0.6004392968750001 0.024361021875 0.57448083125 0.009384984374999999 0.5734824281249999 0 0.588387990625 0 0.682459009375
3 0.23402555937499997 0.34285143749999997 0.2629792328125 0.387779553125 0.40874600625 0.385782746875 0.414736421875 0.3738019171875 0.41273961718749996 0.343849840625 0.3408546328125 0.3138977640625 0.3248801921875 0.29592651718749996 0.314896165625 0.2939297125 0.23402555937499997 0.314896165625 0.23402555937499997 0.34285143749999997