3 0.94358116875 0 0.9234520046875 0.0201291625 0.9104885171875001 0.0417349765625 0.9083279359375 0.052537881249999994 0.9040067734375 0.1389611328125 0.9061673546875 0.234026709375 0.9148096796875 0.24915077968750002 0.9353352015624999 0.2696763 0.943977528125 0.2761580453125 0.961262178125 0.2804792078125 0.976386246875 0.29776385781250003 0.9990723499999999 0.3118076359375 1 0.311851809375 1 0 0.94358116875 0
3 0.7333208515625 0.229705546875 0.74520405 0.2394281625 0.77329160625 0.25023106875 0.7873353843750001 0.251311359375 0.8186638125 0.25239164999999997 0.85539369375 0.24158874375 0.8661966015625 0.235107 0.8759192171875 0.223223803125 0.8845615421874999 0.197296828125 0.8888827046875001 0.1584063640625 0.8888827046875001 0.1087129953125 0.8780797984375001 0.04389555625 0.8661966015625 0.027691196875 0.83810904375 0.016888290625 0.80786090625 0.014727709375 0.7797733499999999 0.019048871875 0.7516857921875 0.029851778125 0.7398025953125 0.03957439375 0.7333208515625 0.0503773 0.7225179453125 0.1346399703125 0.7225179453125 0.1778515953125 0.726839109375 0.21674205937500002 0.7333208515625 0.229705546875
3 0.6349887671875 0 0.6026056843750001 0.019048871875 0.593963359375 0.027691196875 0.568036384375 0.040654684375 0.54967144375 0.056859043750000005 0.5323867921875001 0.0849466015625 0.5302262109375 0.162727528125 0.5367079546875 0.1735304328125 0.596123940625 0.22214351250000003 0.624211496875 0.235107 0.6339341125 0.236187290625 0.6566202171875 0.23726758124999997 0.6728245765625 0.225384384375 0.6836274828125 0.197296828125 0.6965909703125 0.145442878125 0.6987515515625 0.0806254390625 0.6965909703125 0.059019626562500004 0.6836274828125 0.0114868375 0.6757680671874999 0 0.6349887671875 0
3 0.357379709375 0.221063221875 0.363861453125 0.231866128125 0.37358406875 0.2394281625 0.407073078125 0.251311359375 0.44920441406249995 0.25239164999999997 0.4794525515625 0.24374932500000002 0.49781749218750004 0.229705546875 0.5064598171875 0.21026031562499997 0.5129415609375 0.167048690625 0.5129415609375 0.0957495078125 0.5042992359375 0.056859043750000005 0.49025545781249996 0.040654684375 0.46000732031249997 0.029851778125 0.4232774375 0.027691196875 0.3800658125 0.042815265625 0.370343196875 0.052537881249999994 0.359540290625 0.0827860203125 0.35089796562500003 0.1389611328125 0.35089796562500003 0.180012178125 0.357379709375 0.221063221875
3 0.05800708125 0 0.05057716718750001 0.02228974375 0.05057716718750001 0.059019626562500004 0.0570589109375 0.0849466015625 0.0657012359375 0.10223125156249999 0.0711026890625 0.1097932859375 0.0862267578125 0.11843561093749999 0.13267925625000002 0.1259976453125 0.176971171875 0.1270779359375 0.20721930937500002 0.1227567734375 0.2353068671875 0.1141144484375 0.2493506453125 0.10223125156249999 0.2558323890625 0.0914283453125 0.2644747140625 0.059019626562500004 0.2644747140625 0.030932068750000003 0.25537704687499996 0 0.05800708125 0
3 0.0322122265625 0.0881874734375 0.0419348421875 0.0935889265625 0.0613800734375 0.182172759375 0.0657012359375 0.186493921875 0.0743435609375 0.182172759375 0.0484165859375 0.0935889265625 0.052737748437499996 0.0719831125 0.044095423437499996 0.0417349765625 0.0408545515625 0.038494103125 0.0278910640625 0.040654684375 0.022489610937499998 0.04389555625 0.0246501921875 0.0763042765625 0.0322122265625 0.0881874734375
3 0 0.0632755734375 0.0246501921875 0.145442878125 0.016007865625 0.1584063640625 0.016007865625 0.1713698515625 0.0203290296875 0.184333340625 0.0311319359375 0.195136246875 0.0408545515625 0.1962165375 0.05057716718750001 0.188654503125 0.052737748437499996 0.1735304328125 0.05057716718750001 0.162727528125 0.046256004687500005 0.1540852015625 0.0311319359375 0.14112171406250001 0.009526121875 0.04821671875 0 0.0471582609375 0 0.0632755734375
3 1 0.5019411500000001 0.9861088625000001 0.48249355625 0.9482986906249999 0.44468338437500005 0.9158899703125 0.438201640625 0.8467513703125 0.438201640625 0.8348681734375001 0.45008483750000006 0.82946671875 0.46628919843750005 0.8186638125 0.4684497796875 0.808941196875 0.4760118140625 0.800298871875 0.4954570453125 0.7938171281249999 0.5343475078125001 0.7938171281249999 0.5559533203125 0.8024594531250001 0.6078072718749999 0.8132623593750001 0.635894828125 0.82082439375 0.64561744375 0.8402696265625 0.6585809312500001 0.9083279359375 0.674785290625 0.961262178125 0.6758655828125 1 0.6657600625 1 0.5019411500000001
3 0.789495965625 0.40903379375000004 0.7873353843750001 0.4241578625 0.797058 0.43604105937500004 0.808941196875 0.43928193125000004 0.82082439375 0.44036222187499996 0.83810904375 0.43604105937500004 0.8478316593749999 0.428479025 0.85539369375 0.416595828125 0.963422759375 0.401471759375 0.9666636296875 0.3982308875 0.9666636296875 0.3895885625 0.9569410140624999 0.38634769062499996 0.8640360203125 0.405792921875 0.85107253125 0.405792921875 0.8359484625 0.394990015625 0.80786090625 0.397150596875 0.789495965625 0.40903379375000004
3 0.77329160625 0.34961780781249996 0.767890153125 0.35285868125 0.767890153125 0.3615010046875 0.772211315625 0.3658221671875 0.8856418328125001 0.3539389703125 0.8942841578125 0.3539389703125 0.9050870640625 0.362581296875 0.9526198515625 0.3582601328125 0.9537001437500001 0.3463769359375 0.9493789796875 0.3442163546875 0.9537001437500001 0.3420557734375 0.9515395609375 0.3377346109375 0.9537001437500001 0.3334134484375 0.9374957828125 0.32801199531249997 0.9094082265625 0.32801199531249997 0.8921235765625 0.34313606406249997 0.8791600890625 0.34529664531250004 0.77329160625 0.34961780781249996
3 0.404912496875 0.5019387890625 0.396270171875 0.5235446015624999 0.398430753125 0.5300263453125 0.407073078125 0.5365080890625 0.41895627500000004 0.5375883796875 0.42759860156249996 0.5332672171875 0.44380296093749994 0.5170628578125 0.448124121875 0.50625995 0.448124121875 0.49329646406250005 0.5107809796875 0.42631844374999994 0.5129415609375 0.41767611875000005 0.5097006890625 0.414435246875 0.5053795265625001 0.414435246875 0.49781749218750004 0.42199728125 0.4427226703125 0.48573442968749997 0.42111685625 0.48789501093750004 0.404912496875 0.5019387890625
3 0.4319197640625 0.42307757187500006 0.349817675 0.48789501093750004 0.346576803125 0.49329646406250005 0.353058546875 0.4997782078125 0.35846 0.5008584984375 0.4427226703125 0.425238153125 0.45352557656250003 0.427398734375 0.47081022656249993 0.416595828125 0.48485400468749995 0.40039146875 0.4740510984375 0.3809462359375 0.4686496453125 0.37986594687499997 0.44920441406249995 0.394990015625 0.4394817984375 0.40471263124999995 0.4319197640625 0.42307757187500006
3 0.5032189453125 0.62185105 0.5421094078124999 0.647778025 0.576678709375 0.6650626749999999 0.586401325 0.666142965625 0.6090874281249999 0.6650626749999999 0.6328538234375001 0.65425976875 0.6566202171875 0.6391357 0.6836274828125 0.612128434375 0.6987515515625 0.5840408781249999 0.7030727140625 0.5667562265625 0.7030727140625 0.5473109953125 0.6911895171875 0.5311066359375001 0.622050915625 0.4922161734375 0.574518128125 0.474931521875 0.5269853390625 0.46628919843750005 0.49241603906250003 0.48789501093750004 0.46324819218749996 0.5149022765625 0.4610876109375 0.5343475078125001 0.4524452859375 0.5473109953125 0.4502847046875 0.5581139015625001 0.4654087734375 0.5840408781249999 0.5032189453125 0.62185105
3 0 0.5620455062499999 0.0322122265625 0.60672698125 0.07326327031249999 0.64129628125 0.0959493734375 0.648858315625 0.122956640625 0.64993860625 0.15104419687499998 0.6391357 0.2201827984375 0.60240581875 0.28716081718750003 0.5505518671875 0.3098469203125 0.5257051828125 0.32929215156249997 0.49761762656249997 0.3271315703125 0.46304832500000004 0.3076863390625 0.4155155375 0.2763579109375 0.3755447828125 0.228825121875 0.3409754828125 0.209379890625 0.3388149015625 0.170489428125 0.34529664531250004 0.157525940625 0.35177838906250003 0.133759546875 0.3539389703125 0.0840661765625 0.3733842015625 0.0408545515625 0.394990015625 0.0106064140625 0.414435246875 0 0.4241193640625 0 0.5620455062499999
3 1 0.7486099109375 0.9742256656249999 0.7320406953124999 0.9526198515625 0.7277195328125 0.9288534578125001 0.7298801140625 0.9094082265625 0.7277195328125 0.8964447390625001 0.7342012765625 0.8921235765625 0.7298801140625 0.8683571828125001 0.7320406953124999 0.7927368375 0.7493253453125 0.7408828875 0.7687705765625 0.7235982359375 0.7817340640625 0.7138756203125001 0.8000990046875 0.7160362015625 0.8951645828125001 0.731160271875 0.9254127203125 0.746284340625 0.9470185328125 0.76897044375 0.9697046359374999 0.800298871875 0.9815878328125001 0.8229849765624999 0.982668125 0.8467513703125 0.9783469609375001 0.9418169453124999 0.9502594046875 1 0.92352665 1 0.7486099109375
3 0.656572990625 1 0.6685034140624999 0.9880695765624999 0.6857880640625 0.9643031828125 0.6987515515625 0.9340550453124999 0.7052332953125 0.901646325 0.6965909703125 0.8800405124999999 0.6836274828125 0.8627558625 0.6749851578125 0.8433106312499999 0.655539925 0.82170481875 0.6533793453125 0.8109019125 0.64041585625 0.7936172609375001 0.574518128125 0.7277195328125 0.5356276656250001 0.6996319765625 0.5205035953125 0.6953108140625 0.48161313281250007 0.6953108140625 0.46000732031249997 0.6996319765625 0.41679569375 0.7190772078125 0.378985521875 0.7504056359375 0.359540290625 0.7784931921875 0.357379709375 0.7979384234375 0.359540290625 0.80658075 0.391949009375 0.87355876875 0.45676644843750003 0.9621426015625 0.494623846875 1 0.656572990625 1
3 0.3126063109375 1 0.3249709890625 0.9340550453124999 0.3249709890625 0.8238654000000001 0.318489246875 0.7784931921875 0.312007503125 0.7460844734375 0.3055257578125 0.7331209859375 0.2914819796875 0.7233983703125 0.26555500468750004 0.7233983703125 0.2525915171875 0.7277195328125 0.230985703125 0.7406830203125 0.2201827984375 0.7514859265625 0.19425582187499998 0.7644494140625 0.1737303 0.7849749375 0.1694091375 0.82170481875 0.16724855624999999 0.9167703953125 0.17156971875 0.9664637640624999 0.19425582187499998 0.9913104484374999 0.210393559375 1 0.3126063109375 1
3 0 0.9681335343749999 0.0008837984375 0.9707849265625 0.012766995312500001 0.982668125 0.030051645312500003 0.9913104484374999 0.0484165859375 0.994551321875 0.0948690828125 0.9956316109375001 0.11431431562500001 0.9913104484374999 0.142401871875 0.9761863796875 0.15644565 0.9535002765625 0.1607668125 0.92109155625 0.1607668125 0.86059528125 0.15428506875 0.8130624937500001 0.1434821625 0.7828143546875 0.133759546875 0.7730917390625 0.11431431562500001 0.7644494140625 0.0905479203125 0.7601282515625 0.0451757140625 0.7622888328124999 0.012766995312500001 0.775252321875 0 0.791423846875 0 0.9681335343749999