3 0.7808634453125001 0 0.7009031515624999 0.013054740625 0.6900439796875 0.0195702453125 0.68461439375 0.029343498437499997 0.6857003109375001 0.052147759375000005 0.6998172328125001 0.0749520203125 0.7171919078125 0.090154859375 0.7215355765625 0.10752953437499999 0.7280510796875 0.116216871875 0.7486835046875 0.1368492984375 0.7638863453125 0.145536634375 0.85944705625 0.14770846875000002 0.9463204281250001 0.14336480000000001 0.9571795984374999 0.141192965625 0.9788979421875 0.128161959375 0.99953036875 0.10752953437499999 1 0.1067468140625 1 0.008759620312499999 0.9658669359375001 0.0021955703125 0.9453749468750001 0 0.7808634453125001 0
3 0.979983859375 0.27258894218749996 0.9843275281249999 0.2443550953125 0.98215569375 0.213949415625 0.971296521875 0.18571556875 0.9550077640625 0.17377048125 0.8898527359375 0.162911309375 0.8399005468749999 0.162911309375 0.8008075281249999 0.167254978125 0.7747455171875 0.175942315625 0.762800428125 0.18571556875 0.756284925 0.196574740625 0.7454257546874999 0.233495925 0.7465116703125 0.264987521875 0.7475975890625 0.27910444375 0.7584567609375 0.307338290625 0.7682300140625 0.3192833796875 0.7812610203125 0.32579888125 0.8203540374999999 0.3301425515625 0.8637907234375 0.3301425515625 0.9484922625 0.3192833796875 0.959351434375 0.3127678765625 0.9691246890625 0.3008227875 0.979983859375 0.27258894218749996
3 1 0.37772985000000003 0.9875852796875 0.36923556875 0.939804925 0.3562045625 0.9180865812500001 0.35403272812500003 0.8529315515624999 0.3562045625 0.8008075281249999 0.36923556875 0.7725736828125 0.38009474062500004 0.7606285953125 0.396383496875 0.7617145109375 0.4191877578125 0.762800428125 0.4289610125 0.775831434375 0.4571948578125 0.8246977062499999 0.5169203015625 0.835556878125 0.5234358046875001 0.9137429125000001 0.5212639703125 0.941976759375 0.5038892953125 0.9582655171875001 0.4854287046875 0.971296521875 0.45936669218750004 0.979983859375 0.4506793546875 1 0.41665191718749994 1 0.37772985000000003
3 0.9691246890625 0.59402041875 0.9582655171875001 0.5636147390625 0.941976759375 0.549497815625 0.902883740625 0.5408104796875 0.831213209375 0.5408104796875 0.7877765234375 0.54732598125 0.7682300140625 0.55601331875 0.754113090625 0.5744739109375 0.7454257546874999 0.604879590625 0.7465116703125 0.6472303609375001 0.7584567609375 0.6808937921875 0.7660581796875 0.690667046875 0.7769173515625 0.69718255 0.818182203125 0.7036980515625 0.85944705625 0.7036980515625 0.915914746875 0.6950107156249999 0.9463204281250001 0.68415154375 0.9560936828125 0.6743782890625 0.971296521875 0.6309416031249999 0.9691246890625 0.59402041875
3 1 0.7999717859375 0.9680387703125 0.790571425 0.939804925 0.790571425 0.9072274109375 0.7992587624999999 0.8963682390625 0.8057742640625 0.8844231499999999 0.8198911875 0.8757358125 0.848125034375 0.87139214375 0.8785307140624999 0.8724780609374999 0.9230533171875 0.8800794812499999 0.9697477546875 0.88876681875 0.9849505953125 0.8963682390625 0.9903801812499999 0.9137429125000001 0.9990675187500001 0.9174728406250001 1 0.9934751734375 1 1 0.9978250578125 1 0.7999717859375
3 0.87855981875 1 0.81601036875 0.98169284375 0.8116667 0.9903801812499999 0.81601036875 0.99472385 0.8400461640625 1 0.87855981875 1
3 0.3599726359375 0 0.35992516406249997 0.0000237359375 0.33277723593749997 0.0402026703125 0.3197462296875 0.090154859375 0.320832146875 0.14336480000000001 0.337120903125 0.21177758125 0.35015190937499996 0.23132409062499998 0.35992516406249997 0.2389255109375 0.3881590109375 0.24978468125000003 0.440283034375 0.25847201875 0.4620013765625 0.25847201875 0.50109439375 0.251956515625 0.520640903125 0.24326917812499999 0.5282423234375 0.233495925 0.5304141578125 0.22263675312500003 0.546702915625 0.2172071671875 0.558648003125 0.205262078125 0.558648003125 0.13576337968750002 0.5521325015625 0.10318586562500001 0.5141254 0.065178765625 0.4837197203125 0.043460421875 0.3928479265625 0 0.3599726359375 0
3 0.5988269390625 0.084725275 0.5955691859375001 0.087983025 0.580366346875 0.196574740625 0.5684212578125 0.2041761609375 0.5608198375 0.213949415625 0.5564761687499999 0.23132409062499998 0.5575620859375 0.24326917812499999 0.5608198375 0.2552142671875 0.5727649265625 0.264987521875 0.5879677671875 0.2628156875 0.5999128546875 0.2443550953125 0.6020846890625 0.21612125 0.59122551875 0.200918409375 0.59122551875 0.18788740312500002 0.6107720265625 0.09449852812500001 0.607514275 0.084725275 0.5988269390625 0.084725275
3 0.6552946296875 0.0977562796875 0.6531227953125 0.1020999484375 0.6509509625 0.0977562796875 0.6390058734374999 0.098842196875 0.6346622046875 0.14662255156249998 0.6433495421875 0.1574817234375 0.6433495421875 0.1661690609375 0.631404453125 0.2801903625 0.6357481218750001 0.28453402968749997 0.6444354578125 0.28453402968749997 0.6476932093750001 0.27910444375 0.652036878125 0.1726845640625 0.6542087140625 0.15965355781249999 0.669411553125 0.1422788828125 0.669411553125 0.11404503749999999 0.6639819671875 0.0977562796875 0.6596382984375 0.09992811406249999 0.6552946296875 0.0977562796875
3 0.5705930921875 0.5429823140625001 0.503266228125 0.605965509375 0.4902352234375 0.605965509375 0.4793760515625 0.6103091765624999 0.46308729375 0.626597934375 0.458743625 0.6352852718750001 0.4598295421875 0.6472303609375001 0.4663450453125 0.6559176984375 0.4728605484375 0.6580895328125 0.49457889218749995 0.6494021937500001 0.5086958140625 0.6331134375 0.5108676484375 0.61139509375 0.5749367609375 0.55601331875 0.58253818125 0.5484119 0.58253818125 0.54406823125 0.5792804296875 0.5408104796875 0.5705930921875 0.5429823140625001
3 0.569507175 0.6005359234375 0.571679009375 0.61139509375 0.4956648078125 0.69609663125 0.49675072499999995 0.7015262171875001 0.503266228125 0.7080417203125 0.5086958140625 0.7047839703125 0.5738508437500001 0.622254265625 0.592311434375 0.6146528453125 0.6020846890625 0.604879590625 0.6172875296875 0.5853330828125001 0.6162016125 0.579903496875 0.5966551046874999 0.569044325 0.580366346875 0.5831612484375001 0.569507175 0.6005359234375
3 0.5304141578125 0.5266935562499999 0.5217268203125001 0.47891320156250006 0.5043521453124999 0.43113284687500003 0.46525912812500003 0.36163414843749997 0.4489703703125 0.349689059375 0.42942386250000003 0.349689059375 0.41204918749999997 0.35403272812500003 0.383815340625 0.36923556875 0.3566674125 0.396383496875 0.34146457343750003 0.42027367499999996 0.3306054015625 0.44416385312499995 0.3295194828125 0.46696811250000003 0.3306054015625 0.47674136718750004 0.347980075 0.511490715625 0.3740420875 0.5505837328125 0.41204918749999997 0.5885908343749999 0.4381112 0.6037936734375 0.4489703703125 0.6016218390625 0.4620013765625 0.592934503125 0.48154788593750003 0.5907626687499999 0.5086958140625 0.5614429046875 0.5304141578125 0.5266935562499999
3 0.6097628265624999 1 0.6238030328125 0.9719195890625001 0.6433495421875 0.9219674 0.6455213765625001 0.8980772234375 0.652036878125 0.8850462171875 0.65855238125 0.8459532 0.6563805484375 0.8264066906249999 0.6216311984375 0.7786263359375 0.5814522640625001 0.7471347390624999 0.533671909375 0.7275882296875 0.49892255937499996 0.7254163953125 0.47068871406249996 0.7449629046874999 0.44571262031250003 0.7677671640625 0.3935885953125 0.8350940281250001 0.3566674125 0.904592725 0.345808240625 0.932826571875 0.3468941578125 0.9599745015625001 0.354495578125 0.9827787609374999 0.3689976734375 1 0.6097628265624999 1
3 0.10101811093749999 0 0.0808444546875 0.029343498437499997 0.043923271874999996 0.10970136875 0.0156894265625 0.205262078125 0.01134575625 0.2291522546875 0.012431675 0.251956515625 0.0243767625 0.2834481140625 0.047181023437500004 0.3062523734375 0.068899365625 0.3214552140625 0.099305046875 0.33665805312499997 0.19486575625 0.3388298875 0.2133263484375 0.329056634375 0.2263573546875 0.311681959375 0.2459038625 0.2595579359375 0.2632785375 0.1835437359375 0.265450371875 0.15965355781249999 0.261106703125 0.1553098890625 0.26762220625 0.1422788828125 0.265450371875 0.12273237343750001 0.26762220625 0.098842196875 0.2632785375 0.07712385468750001 0.243732028125 0.046718173437499996 0.22309960312500002 0.023913912500000002 0.199209425 0.0043674046875 0.190474615625 0 0.10101811093749999 0
3 0 0.5652999875 0.0319781828125 0.5972781703125001 0.12102338906250001 0.6624331999999999 0.188350253125 0.6950107156249999 0.19703759062499998 0.69718255 0.2165841 0.6950107156249999 0.24481794531249998 0.67546420625 0.27630954375 0.6374571062500001 0.2958560515625 0.59402041875 0.30019972031250003 0.5723020765625 0.30019972031250003 0.5332090593750001 0.2958560515625 0.51800621875 0.26762220625 0.47891320156250006 0.201381259375 0.4126722546875 0.184006584375 0.3996412484375 0.17314741250000001 0.397469415625 0.1514290703125 0.37792290624999997 0.1318825609375 0.36923556875 0.1145078875 0.3562045625 0.09278954375000001 0.347517225 0.0602120296875 0.35403272812500003 0.0298063484375 0.367063734375 0.005916171875 0.384438409375 0 0.39035458125 0 0.5652999875
3 0 0.8562189734375 0.0026584203125 0.861156040625 0.027634514062499997 0.8839603 0.0775867046875 0.8883039687500001 0.17314741250000001 0.8861321343749999 0.210068596875 0.8817884656249999 0.230701021875 0.861156040625 0.243732028125 0.8350940281250001 0.2545912 0.82423485625 0.26762220625 0.8025165124999999 0.27196587499999997 0.7894855078125 0.27196587499999997 0.7634234953125 0.2621926203125 0.7493065734375 0.2491616140625 0.74279106875 0.2165841 0.7362755671875 0.1709755796875 0.7297600640625 0.0602120296875 0.7297600640625 0 0.74104981875 0 0.8562189734375
3 0.23339726718749998 1 0.23504469062500002 0.9654040875 0.230701021875 0.941513909375 0.2220136859375 0.9219674 0.21224043125 0.9121941453125 0.1818347515625 0.9013349749999999 0.13405439531250002 0.8948194718750001 0.0732430359375 0.8948194718750001 0.040665520312499995 0.899163140625 0.0178612609375 0.9132800640625 0.0026584203125 0.941513909375 0 0.9534768 0 1 0.23339726718749998 1