3 0.25 0.1767578125 0.2734375 0.1201171875 0.279296875 0.0927734375 0.279296875 0.0751953125 0.2705078125 0.0625 0.2578125 0.0556640625 0.255859375 0.0419921875 0.2490234375 0.03515625 0.2099609375 0.0234375 0.1650390625 0.017578125 0.1572265625 0.01953125 0.1357421875 0.037109375 0.107421875 0.0654296875 0.0859375 0.0927734375 0.046875 0.1572265625 0.04296875 0.1669921875 0.04296875 0.1826171875 0.052734375 0.1982421875 0.0712890625 0.216796875 0.1025390625 0.234375 0.1376953125 0.244140625 0.181640625 0.2451171875 0.1904296875 0.244140625 0.2060546875 0.236328125 0.220703125 0.2216796875 0.25 0.1767578125
3 0.25 0.2744140625 0.2373046875 0.26171875 0.2216796875 0.25390625 0.1865234375 0.24609375 0.1572265625 0.259765625 0.0244140625 0.216796875 0.0126953125 0.21875 0.0078125 0.2255859375 0.0166015625 0.234375 0.1474609375 0.2734375 0.1552734375 0.2734375 0.1728515625 0.298828125 0.2041015625 0.310546875 0.2265625 0.3115234375 0.2412109375 0.30859375 0.25 0.2998046875 0.25390625 0.2861328125 0.25 0.2744140625
3 0.32421875 0.0927734375 0.3212890625 0.091796875 0.3173828125 0.095703125 0.3134765625 0.091796875 0.3095703125 0.09765625 0.3056640625 0.08984375 0.294921875 0.0908203125 0.2890625 0.1083984375 0.2890625 0.1240234375 0.296875 0.1357421875 0.296875 0.1474609375 0.2734375 0.2666015625 0.2802734375 0.275390625 0.294921875 0.2744140625 0.30859375 0.1396484375 0.322265625 0.1279296875 0.326171875 0.1201171875 0.32421875 0.0927734375
3 0.640625 0.1748046875 0.662109375 0.1162109375 0.662109375 0.1025390625 0.65625 0.0927734375 0.642578125 0.0810546875 0.642578125 0.0615234375 0.6337890625 0.05078125 0.5849609375 0.02734375 0.5341796875 0.01171875 0.5224609375 0.013671875 0.4853515625 0.03515625 0.4150390625 0.08984375 0.3671875 0.1416015625 0.345703125 0.1787109375 0.345703125 0.1982421875 0.353515625 0.2216796875 0.365234375 0.2412109375 0.3876953125 0.267578125 0.4326171875 0.298828125 0.4794921875 0.314453125 0.5078125 0.3154296875 0.5224609375 0.3125 0.5400390625 0.302734375 0.59765625 0.2412109375 0.640625 0.1748046875
3 0.974609375 0.2685546875 0.982421875 0.2509765625 0.982421875 0.2021484375 0.974609375 0.1513671875 0.94921875 0.0751953125 0.91796875 0.0205078125 0.9072265625 0.0078125 0.8974609375 0.00390625 0.8759765625 0.001953125 0.7841796875 0.00390625 0.771484375 0.0146484375 0.755859375 0.0419921875 0.740234375 0.0615234375 0.71484375 0.1162109375 0.6953125 0.1884765625 0.69140625 0.2451171875 0.69921875 0.2626953125 0.7119140625 0.275390625 0.7509765625 0.296875 0.8076171875 0.3125 0.861328125 0.3134765625 0.8896484375 0.310546875 0.9248046875 0.30078125 0.9580078125 0.28515625 0.974609375 0.2685546875
3 0.30859375 0.5615234375 0.330078125 0.5263671875 0.33203125 0.4794921875 0.294921875 0.4345703125 0.2431640625 0.390625 0.1767578125 0.353515625 0.1552734375 0.34765625 0.1376953125 0.349609375 0.0966796875 0.361328125 0.0556640625 0.3828125 0.0361328125 0.3984375 0.013671875 0.4228515625 0.009765625 0.4326171875 0.009765625 0.4501953125 0.01953125 0.4912109375 0.03515625 0.5263671875 0.060546875 0.5673828125 0.08984375 0.6044921875 0.1240234375 0.63671875 0.1396484375 0.642578125 0.169921875 0.6416015625 0.1943359375 0.63671875 0.2255859375 0.625 0.2744140625 0.595703125 0.30859375 0.5615234375
3 0.63671875 0.4580078125 0.640625 0.4384765625 0.6328125 0.4169921875 0.603515625 0.3759765625 0.5791015625 0.3515625 0.5556640625 0.3359375 0.5498046875 0.333984375 0.5322265625 0.3359375 0.4794921875 0.349609375 0.4345703125 0.365234375 0.3642578125 0.3984375 0.35546875 0.4072265625 0.353515625 0.4326171875 0.34375 0.4599609375 0.34375 0.4892578125 0.34765625 0.5068359375 0.359375 0.5302734375 0.3779296875 0.55078125 0.3935546875 0.55859375 0.4140625 0.5595703125 0.4736328125 0.544921875 0.5361328125 0.521484375 0.6005859375 0.486328125 0.63671875 0.4580078125
3 0.666015625 0.5087890625 0.6494140625 0.5 0.6484375 0.4951171875 0.6396484375 0.486328125 0.6123046875 0.490234375 0.5927734375 0.5 0.58203125 0.5146484375 0.580078125 0.5341796875 0.5751953125 0.5390625 0.4248046875 0.630859375 0.419921875 0.6396484375 0.421875 0.6474609375 0.4267578125 0.65234375 0.43359375 0.6533203125 0.5888671875 0.546875 0.6083984375 0.544921875 0.6396484375 0.521484375 0.666015625 0.5087890625
3 0.9169921875 0.5703125 0.9609375 0.5205078125 0.97265625 0.5029296875 0.98828125 0.4677734375 0.98828125 0.4462890625 0.984375 0.4345703125 0.951171875 0.3916015625 0.9072265625 0.353515625 0.8818359375 0.337890625 0.8681640625 0.333984375 0.8017578125 0.333984375 0.7880859375 0.341796875 0.7646484375 0.359375 0.736328125 0.3876953125 0.7109375 0.4228515625 0.703125 0.4404296875 0.701171875 0.4521484375 0.703125 0.5107421875 0.72265625 0.5751953125 0.748046875 0.6240234375 0.7607421875 0.63671875 0.7705078125 0.640625 0.798828125 0.6396484375 0.8193359375 0.634765625 0.8486328125 0.62109375 0.8818359375 0.599609375 0.9169921875 0.5703125
3 0.287109375 0.9111328125 0.302734375 0.8759765625 0.3125 0.8369140625 0.3125 0.8056640625 0.30859375 0.7919921875 0.30078125 0.7783203125 0.2666015625 0.748046875 0.2255859375 0.71875 0.1806640625 0.693359375 0.1220703125 0.673828125 0.1025390625 0.669921875 0.0869140625 0.671875 0.0625 0.6962890625 0.041015625 0.7353515625 0.029296875 0.7861328125 0.029296875 0.8193359375 0.033203125 0.8349609375 0.068359375 0.8876953125 0.1083984375 0.9296875 0.1728515625 0.978515625 0.1923828125 0.984375 0.203125 0.9833984375 0.2158203125 0.98046875 0.2431640625 0.96484375 0.267578125 0.9404296875 0.287109375 0.9111328125
3 0.646484375 0.8818359375 0.658203125 0.8525390625 0.662109375 0.8349609375 0.66015625 0.8154296875 0.642578125 0.7841796875 0.6162109375 0.7578125 0.5791015625 0.7265625 0.5380859375 0.69921875 0.4755859375 0.669921875 0.4580078125 0.669921875 0.4501953125 0.673828125 0.4248046875 0.671875 0.4150390625 0.677734375 0.388671875 0.7041015625 0.349609375 0.7587890625 0.34375 0.7783203125 0.353515625 0.7998046875 0.353515625 0.8115234375 0.373046875 0.8505859375 0.396484375 0.8857421875 0.42578125 0.9208984375 0.4638671875 0.958984375 0.4912109375 0.98046875 0.5029296875 0.984375 0.525390625 0.9833984375 0.5537109375 0.974609375 0.5810546875 0.958984375 0.630859375 0.9091796875 0.646484375 0.8818359375
3 0.990234375 0.8974609375 0.99609375 0.8720703125 0.99609375 0.8310546875 0.986328125 0.7919921875 0.9765625 0.7763671875 0.9638671875 0.76953125 0.9609375 0.7626953125 0.9501953125 0.75390625 0.8720703125 0.73828125 0.8310546875 0.734375 0.7646484375 0.734375 0.7451171875 0.736328125 0.7353515625 0.7421875 0.705078125 0.7841796875 0.6875 0.8232421875 0.68359375 0.8564453125 0.6796875 0.8603515625 0.6796875 0.8818359375 0.68359375 0.8896484375 0.6923828125 0.8984375 0.7001953125 0.900390625 0.7353515625 0.921875 0.8095703125 0.9453125 0.8564453125 0.953125 0.927734375 0.9560546875 0.9443359375 0.953125 0.9560546875 0.947265625 0.974609375 0.9267578125 0.990234375 0.8974609375