3 1 0.777293009375 0.9950597906249999 0.7723528 0.9503059453124999 0.7467791734375 0.9076832343750001 0.7339923609375 0.8767817687499999 0.735057928125 0.8565359812500001 0.7403857671875 0.839486896875 0.7510414453125 0.7840773734375001 0.7979264265625 0.7467825015625 0.8373524343750001 0.7105531968750001 0.8906308234375 0.6977663828125 0.92259785625 0.6977663828125 0.9396469406250001 0.711618765625 0.95563045625 0.7212088750000001 0.9609582953125001 0.7233400109375 0.9886630578125001 0.7350612562500001 0.9982531671875 0.7396030203125 1 0.8999272984375001 1 0.93751913125 0.9812040828124999 0.98653525 0.9471059140625 1 0.9352732546875 1 0.777293009375
3 0.6099356499999999 1 0.614652096875 0.992925328125 0.625307775 0.958827159375 0.6380945890625 0.9311223984374999 0.6380945890625 0.9034176359374999 0.62637334375 0.8895652546875 0.609324259375 0.8831718484375 0.5432590578125 0.8725161703125 0.444161253125 0.871450603125 0.36637480624999996 0.8810407124999999 0.35358799375 0.8874341187500001 0.343997884375 0.8970242296875 0.33760447656250003 0.9098110421875001 0.33547334218749997 0.9183355859375 0.33760447656250003 0.9545648890624999 0.3482601546875 0.9780073796875 0.36104696875000003 0.992925328125 0.3636999703125 1 0.6099356499999999 1
3 0.3557191296875 0.7851396140625 0.3876861625 0.795795290625 0.4132597890625 0.8000575624999999 0.43670227968750003 0.7979264265625 0.44522682187499996 0.79366415625 0.4644070421875 0.7702216640625 0.5262099734375 0.7680905296875 0.6647337828125 0.7702216640625 0.6721927578125 0.7648938265624999 0.676455028125 0.7563692843750001 0.6711271890625 0.7446480390625 0.4601447703125 0.7510414453125 0.44522682187499996 0.7425169031250001 0.377030484375 0.7446480390625 0.3557191296875 0.7403857671875 0.343997884375 0.741451334375 0.350391290625 0.7499758765625 0.3461290203125 0.7542381484375 0.3589158328125 0.762762690625 0.350391290625 0.7670249609375 0.350391290625 0.7712872328125 0.3589158328125 0.7755495031249999 0.3525224265625 0.779811775 0.3557191296875 0.7851396140625
3 0.5389967859375 0.8426802734375001 0.547521328125 0.844811409375 0.560308140625 0.8575982218749999 0.5667015484375 0.8597293578125 0.6071931234375 0.8597293578125 0.634897884375 0.8490736796875 0.6466191296875 0.8330901640624999 0.6466191296875 0.8266967562499999 0.6412912921875 0.81923778125 0.6242422078125001 0.8128443750000001 0.5869473359375 0.8139099421875 0.5645704125 0.8213689171875 0.5560458703125 0.8277623249999999 0.3599814 0.8341557312500001 0.35678469687500003 0.8373524343750001 0.35678469687500003 0.8480081109375 0.364243671875 0.85333595 0.3791616203125 0.85333595 0.5389967859375 0.8426802734375001
3 0 0.7822632656249999 0.04031106875 0.7744839359375 0.07014696718749999 0.776615071875 0.078671509375 0.7744839359375 0.091458321875 0.7638282578125 0.2875227921875 0.7531725796875001 0.2949817671875 0.741451334375 0.2949817671875 0.735057928125 0.289653928125 0.7297300890625 0.281129384375 0.7297300890625 0.091458321875 0.7467791734375 0.07014696718749999 0.72546781875 0.059491289062499994 0.721205546875 0.047770043750000005 0.722271115625 0.02113085 0.72546781875 0 0.7316309828125 0 0.7420545749999999 0.0189997140625 0.73825463125 0.0264586875 0.7393202 0 0.747102165625 0 0.7575938140625 0.0147374421875 0.7531725796875001 0.0221964171875 0.7542381484375 0 0.7616369546875 0 0.7822632656249999
3 0 0.8215494234375 0.0083440359375 0.8298934593749999 0.1916216921875 0.8277623249999999 0.20440850625 0.8405491375 0.21719531875000003 0.844811409375 0.26194916562500004 0.8405491375 0.282194953125 0.8266967562499999 0.2864572234375 0.8096476718750001 0.2768671140625 0.795795290625 0.2598180296875 0.7894018843749999 0.2289165640625 0.7883363171875 0.2086707765625 0.79366415625 0.1894905578125 0.8128443750000001 0.004081765625 0.8085821046874999 0 0.81266386875 0 0.8215494234375
3 0.2791962234375 1 0.3035063078125 0.973745109375 0.31629312187499997 0.9439092109375 0.31629312187499997 0.9098110421875001 0.30989971562499996 0.89489309375 0.302440740625 0.8874341187500001 0.283260521875 0.8810407124999999 0.2086707765625 0.87464730625 0.16924476875 0.8757128734374999 0.0808026453125 0.8853029843750001 0.0488356109375 0.8916963906250001 0.0019506296874999998 0.9087454749999999 0 0.9106961046875 0 1 0.2791962234375 1
3 0.0424422046875 0.6444846671875 0.078671509375 0.6551403453125 0.1170319484375 0.6594026171875 0.1575235234375 0.6551403453125 0.1916216921875 0.646615803125 0.2086707765625 0.6338289890625 0.26088359843750003 0.5773538984375 0.2779326828125 0.5539114078125 0.3120308515625 0.4921084765625 0.3141619859375 0.4857150703125 0.3120308515625 0.46014144375 0.30030960625 0.4462890625 0.2662114375 0.42284657187499997 0.23211326875 0.4100597578125 0.20227737031249998 0.4036663515625 0.1351466 0.402600784375 0.091458321875 0.4100597578125 0.0744092375 0.4207154359375 0.058425721875 0.43883008749999997 0.0328520953125 0.4963707484375 0.0158030109375 0.5666982203125001 0.0158030109375 0.605058659375 0.0221964171875 0.6285011515625001 0.0424422046875 0.6444846671875
3 0 0.5803700953125001 0.0008850609375000001 0.579485034375 0.0008850609375000001 0.545386865625 0.00727846875 0.47932166406250004 0.0349832296875 0.4580103078125 0.0413766375 0.4281744109375 0.0392455015625 0.4111253265625 0.0328520953125 0.39833851249999996 0.0147374421875 0.38448613125 0 0.3836192234375 0 0.5803700953125001
3 0.4505546609375 0.6306322875 0.4505546609375 0.602927525 0.4398989828125 0.49423961250000004 0.45481693125 0.4750593921875 0.4569480671875 0.4537480359375 0.45481693125 0.43883008749999997 0.44629239062500003 0.41964986875 0.43244000781249997 0.4100597578125 0.41858762812499994 0.4111253265625 0.403669678125 0.42604327499999994 0.3994074078125 0.4537480359375 0.40580081406249996 0.47932166406250004 0.4271121703125 0.49850188281249996 0.43350557656250005 0.6242388796875 0.43670227968750003 0.6338289890625 0.44735795781250004 0.6338289890625 0.4505546609375 0.6306322875
3 0.3546535609375 0.6412879640625 0.3557191296875 0.5975996859375 0.35678469687500003 0.62210774375 0.36211253593750004 0.6423535328125001 0.3685059421875 0.6231733125 0.3727682140625 0.640222396875 0.3759649171875 0.639156828125 0.3791616203125 0.6253044484375 0.3802271875 0.6348945578125 0.384489459375 0.63702569375 0.38662059531250004 0.5837473046875 0.384489459375 0.56882935625 0.3695715109375 0.5560425421875 0.3631781046875 0.39407624218750004 0.357850265625 0.38874840312500003 0.343997884375 0.3898139703125 0.3418667484375 0.408994190625 0.3546535609375 0.5368623234375 0.3546535609375 0.5603048140625 0.343997884375 0.5709604921875 0.343997884375 0.5901407109375 0.3482601546875 0.63702569375 0.351456859375 0.6423535328125001 0.3546535609375 0.6412879640625
3 0.4985052109375 0.6594026171875 0.5091608890625 0.6657960234375 0.5283411078125 0.6700582953125 0.5816194968749999 0.6679271578125 0.615717665625 0.6530092093750001 0.643422428125 0.6338289890625 0.6530125375 0.62210774375 0.6615370796875 0.6007963890625 0.6721927578125 0.545386865625 0.6743238921875 0.4537480359375 0.6721927578125 0.4175187328125 0.6636682140625 0.39407624218750004 0.656209240625 0.38448613125 0.643422428125 0.3759615890625 0.61145539375 0.3631747765625 0.561373709375 0.362109209375 0.5326033796874999 0.36743704843749997 0.4985052109375 0.38448613125 0.478259421875 0.4111253265625 0.471866015625 0.4473546296875 0.46973488124999996 0.551780271875 0.48252169375 0.6306322875 0.4889151 0.647681371875 0.4985052109375 0.6594026171875
3 1 0.4788510875 0.988666384375 0.473993825 0.914076640625 0.46546928281250005 0.8682572265624999 0.46653485000000006 0.8117821359375 0.46973155312500003 0.7457169328125001 0.482518365625 0.7222744421875 0.49317404375 0.7105531968750001 0.5070264250000001 0.6977663828125 0.5496491359375 0.6977663828125 0.5858784406249999 0.7062909265624999 0.6157143375 0.7148154671875 0.632763421875 0.7414546625 0.6657960234375 0.7670282890625 0.6764517015625 0.81604440625 0.680713971875 0.8714539296874999 0.680713971875 0.9119455046875 0.6764517015625 0.9780107062500001 0.6636648875 0.9971909265625 0.6530092093750001 1 0.6492086984375 1 0.4788510875
3 0.7425202296875 0.36424034375000003 0.7222744421875 0.3653059125 0.7190777390624999 0.37063375 0.7318645515625 0.37489602187500004 0.7244055781250001 0.3759615890625 0.7222744421875 0.382354996875 0.7393235265625 0.38448613125 0.798995321875 0.38448613125 0.8181755421875 0.36743704843749997 0.9780107062500001 0.36956818281250003 0.9833385453125001 0.362109209375 0.9812074109375001 0.35145353125 0.975879571875 0.348256828125 0.8117821359375 0.3525190984375 0.7968641859375001 0.3397322859375 0.7318645515625 0.340797853125 0.718012171875 0.3418634203125 0.7148154671875 0.345060125 0.7425202296875 0.35145353125 0.72014330625 0.3525190984375 0.716946603125 0.3578469375 0.7244055781250001 0.361043640625 0.7414546625 0.361043640625 0.7425202296875 0.36424034375000003
3 0.9268634546875001 0.45481360468750004 0.9609616234375 0.45268246875000007 0.979076275 0.443092359375 0.98546968125 0.43243668125 0.98546968125 0.41964986875 0.975879571875 0.4057974875 0.948174809375 0.3972729453125 0.927929021875 0.39833851249999996 0.914076640625 0.4036663515625 0.8970275578125 0.4207154359375 0.7393235265625 0.4143220296875 0.7339956875 0.421781003125 0.7393235265625 0.43350225 0.8991586921874999 0.43350225 0.9119455046875 0.448420196875 0.9268634546875001 0.45481360468750004
3 1 0.06549373750000001 0.9993220624999999 0.0648158 0.9907975203125 0.060553529687499996 0.9716172999999999 0.060553529687499996 0.9630927578125 0.0648158 0.94497810625 0.061619096875 0.9034209640625 0.07973375 0.8629293890625 0.103176240625 0.8139132703125 0.137274409375 0.7744872625 0.17243814531249999 0.772356128125 0.185224959375 0.75530704375 0.20227404375 0.751044771875 0.21079858593749998 0.751044771875 0.2214542625 0.75530704375 0.22997880468749998 0.7734216953125 0.25022459218750004 0.8053887281250001 0.2608802703125 0.8352246265625001 0.2608802703125 0.8501425749999999 0.2566179984375 0.941781403125 0.20547074687500003 1 0.1615514546875 1 0.06549373750000001
3 1 0.014274046874999998 0.975879571875 0.024324224999999998 0.8927652859374999 0.0115374125 0.8544048453125 0.007275140625 0.8341590578125 0.008340709375 0.8277656515625 0.014734115624999999 0.8277656515625 0.0232586578125 0.833093490625 0.028586496875 0.8799784734375 0.028586496875 0.969486165625 0.034979903125 0.9748140046874999 0.048832284375 0.9844041140625001 0.0541601234375 1 0.053120396874999996 1 0.014274046874999998
3 0.72866785 0.22465096562500003 0.737192390625 0.2203886953125 0.7467825015625 0.2065363140625 0.7467825015625 0.19801177187500002 0.7361268234375 0.1809626875 0.791536346875 0.0680125046875 0.791536346875 0.061619096875 0.7862085078125001 0.056291259375 0.7766183984375 0.0573568265625 0.7702249921875 0.0637502328125 0.7254711453125 0.1788315515625 0.7105531968750001 0.20227404375 0.7062909265624999 0.21932312812500002 0.6977663828125 0.225716534375 0.6988319515625 0.22891323749999998 0.711618765625 0.22465096562500003 0.72866785 0.22465096562500003
3 0.473510534375 0 0.4260466015625 0.01793081875 0.3876861625 0.0435044453125 0.3631781046875 0.06588136875 0.3312110703125 0.11276634999999999 0.3248176640625 0.13407770624999998 0.3248176640625 0.163913603125 0.32907993593749996 0.17243814531249999 0.3450634515625 0.1884216625 0.3685059421875 0.20547074687500003 0.4132597890625 0.23317550781250002 0.4601447703125 0.2544868640625 0.519816565625 0.27366708281249996 0.547521328125 0.2715359484375 0.5816194968749999 0.2608802703125 0.6306356140625 0.23317550781250002 0.6657993515625 0.19801177187500002 0.6721927578125 0.1830938234375 0.6721927578125 0.17456928124999999 0.6594059437500001 0.1404711125 0.6444879953125 0.117028621875 0.608258690625 0.0744059109375 0.5560458703125 0.028586496875 0.5155542953125 0.0030128703125 0.50500925 0 0.473510534375 0
3 0.1269420734375 0 0.12555649062500002 0.0008817343749999999 0.0744092375 0.0435044453125 0.047770043750000005 0.0701436390625 0.0008850609375000001 0.1276842984375 0 0.129246171875 0 0.2636623375 0.0339176625 0.29284730312499996 0.0935894578125 0.32481433593750003 0.119163084375 0.32268320156249997 0.1894905578125 0.27366708281249996 0.22571986093750002 0.24170005 0.282194953125 0.1830938234375 0.2992440375 0.1617824671875 0.3077685796875 0.1426022484375 0.3077685796875 0.11276634999999999 0.3035063078125 0.095717265625 0.288588359375 0.06588136875 0.27153927499999997 0.0424388765625 0.247031215625 0.01793081875 0.22358872500000002 0.0008817343749999999 0.221715040625 0 0.1269420734375 0