0 0.68828125 0.98125 0.096875 0.0375
0 0.76328125 0.91015625 0.184375 0.1796875
0 0.896875 0.971875 0.084375 0.05625
0 0.9484375 0.95234375 0.103125 0.0953125
0 0.98125 0.8578125 0.0375 0.2625
0 0.915625 0.5671875 0.16875 0.64375
0 0.85234375 0.559375 0.1625 0.2921875
0 0.8078125 0.68671875 0.190625 0.346875
0 0.77734375 0.7828125 0.1921875 0.296875
0 0.6265625 0.75 0.090625 0.2578125
0 0.634375 0.54609375 0.09375 0.228125
0 0.70546875 0.53515625 0.084375 0.3125
0 0.80390625 0.42265625 0.0765625 0.240625
0 0.64453125 0.12265625 0.115625 0.24375
0 0.57734375 0.1984375 0.0765625 0.21875
0 0.74609375 0.18984375 0.196875 0.378125
0 0.89375 0.12734375 0.1 0.2546875
0 0.9546875 0.096875 0.090625 0.19375