0 0.00625 0.17890625 0.0125 0.1984375
0 0.05546875 0.21015625 0.1109375 0.1109375
0 0.10703125 0.5796875 0.2140625 0.5203125
0 0.00625 0.49765625 0.0125 0.11875
0 0.015625 0.51640625 0.03125 0.06875
0 0.025 0.65390625 0.05 0.2046875
0 0.05078125 0.83671875 0.1015625 0.1984375
0 0.0296875 0.9546875 0.059375 0.090625
0 0.15625 0.9421875 0.178125 0.115625
0 0.1203125 0.9203125 0.153125 0.159375
0 0.13046875 0.8515625 0.059375 0.075
0 0.3 0.4984375 0.28125 0.2859375
0 0.28984375 0.39921875 0.234375 0.1390625
0 0.34140625 0.47265625 0.24375 0.240625
0 0.1984375 0.2203125 0.3 0.25
0 0.17421875 0.184375 0.19375 0.1875
0 0.07109375 0.13515625 0.1109375 0.06875
0 0.21171875 0.109375 0.134375 0.0796875
0 0.53359375 0.2375 0.5203125 0.2421875
0 0.63515625 0.1015625 0.1875 0.0640625
0 0.4171875 0.109375 0.26875 0.06875
0 0.8671875 0.24375 0.265625 0.346875
0 0.9546875 0.14453125 0.090625 0.15
0 0.89453125 0.3125 0.2109375 0.215625
0 0.87890625 0.3734375 0.2421875 0.35625
0 0.67265625 0.35859375 0.2625 0.128125
0 0.625 0.49453125 0.425 0.403125
0 0.34921875 0.61484375 0.359375 0.384375
0 0.28125 0.803125 0.134375 0.075
0 0.36875 0.7859375 0.0875 0.11875
0 0.51640625 0.71171875 0.234375 0.18125
0 0.67421875 0.76953125 0.240625 0.153125
0 0.67421875 0.6765625 0.275 0.21875
0 0.87890625 0.6125 0.2421875 0.60625
0 0.890625 0.60078125 0.21875 0.2734375
0 0.9640625 0.8671875 0.071875 0.265625
0 0.78828125 0.890625 0.309375 0.21875
0 0.63984375 0.9578125 0.2015625 0.084375
0 0.44765625 0.90625 0.5390625 0.1875
0 0.4375 0.9796875 0.275 0.040625