0 0.91796875 0.75390625 0.1640625 0.4359375
0 0.978125 0.959375 0.04375 0.08125
0 0.8125 0.95 0.2171875 0.1
0 0.71015625 0.7359375 0.246875 0.446875
0 0.56640625 0.965625 0.19375 0.06875
0 0.32265625 0.959375 0.196875 0.08125
0 0.090625 0.96171875 0.18125 0.0765625
0 0.46796875 0.7484375 0.2375 0.446875
0 0.2171875 0.7703125 0.234375 0.434375
0 0.04609375 0.7515625 0.0921875 0.440625
0 0.98359375 0.44609375 0.0328125 0.378125
0 0.928125 0.1578125 0.14375 0.315625
0 0.8421875 0.459375 0.24375 0.378125
0 0.596875 0.4703125 0.240625 0.365625
0 0.35234375 0.471875 0.234375 0.3828125
0 0.11328125 0.47109375 0.2265625 0.3734375
0 0.24375 0.1671875 0.2421875 0.334375
0 0.4875 0.1609375 0.234375 0.321875
0 0.73359375 0.15546875 0.2375 0.3109375
0 0.0625 0.1671875 0.125 0.334375