0 0.846875 0.9828125 0.196875 0.034375
0 0.81640625 0.934375 0.109375 0.13125
0 0.4484375 0.87421875 0.51875 0.215625
0 0.64453125 0.9859375 0.0796875 0.028125
0 0.5296875 0.9828125 0.11875 0.034375
0 0.51171875 0.971875 0.06875 0.046875
0 0.375 0.96484375 0.203125 0.0703125
0 0.19375 0.93984375 0.196875 0.1203125
0 0.06015625 0.96015625 0.1203125 0.0796875
0 0.0734375 0.82421875 0.146875 0.1765625
0 0.09765625 0.86015625 0.184375 0.1515625
0 0.178125 0.85 0.075 0.059375
0 0.5296875 0.68046875 0.284375 0.2796875
0 0.628125 0.69140625 0.1375 0.234375
0 0.55546875 0.63984375 0.2375 0.24375
0 0.80625 0.78203125 0.2484375 0.296875
0 0.8421875 0.80625 0.1875 0.1921875
0 0.89140625 0.90859375 0.06875 0.109375
0 0.91640625 0.76953125 0.0796875 0.1328125
0 0.78984375 0.4484375 0.240625 0.51875
0 0.92421875 0.34765625 0.0640625 0.1875
0 0.91640625 0.5640625 0.06875 0.2671875
0 0.78359375 0.12421875 0.346875 0.2484375
0 0.88203125 0.0375 0.1484375 0.075
0 0.715625 0.09765625 0.215625 0.19375
0 0.653125 0.1125 0.353125 0.225
0 0.66953125 0.31015625 0.128125 0.2625
0 0.53359375 0.3578125 0.4 0.4234375
0 0.4140625 0.63203125 0.38125 0.35625
0 0.2265625 0.7 0.075 0.134375
0 0.24375 0.6125 0.11875 0.0875
0 0.31796875 0.465625 0.1796875 0.234375
0 0.26015625 0.30859375 0.1515625 0.2375
0 0.35234375 0.30859375 0.21875 0.275
0 0.415625 0.1125 0.603125 0.225
0 0.428125 0.1015625 0.271875 0.203125
0 0.15625 0.028125 0.2765625 0.05625
0 0.12421875 0.19453125 0.2484375 0.3078125
0 0.0578125 0.34375 0.115625 0.2
0 0.11015625 0.534375 0.215625 0.5359375
0 0.0359375 0.54453125 0.071875 0.2734375