0 0.72578125 0.55546875 0.23046875 0.4515625
0 0.7953125 0.45546875 0.1875 0.37734375
0 0.8609375 0.38359375 0.16328125 0.3296875
0 0.47578125 0.55546875 0.23046875 0.4515625
0 0.228125 0.54453125 0.2453125 0.43984375
0 0.6765625 0.38359375 0.1515625 0.3296875
0 0.58203125 0.4484375 0.16796875 0.36328125
0 0.3796875 0.446875 0.1828125 0.3703125
0 0.1703125 0.4421875 0.1828125 0.3703125
0 0.31640625 0.37890625 0.1515625 0.31953125
0 0.5015625 0.3109375 0.146875 0.18515625
0 0.1265625 0.31640625 0.15625 0.19453125