0 0.85234375 0.33828125 0.0875 0.15625
0 0.7875 0.11640625 0.05 0.0609375
0 0.8484375 0.03046875 0.05 0.0609375
0 0.6640625 0.03046875 0.0453125 0.0609375
0 0.5609375 0.11640625 0.121875 0.05
0 0.5140625 0.071875 0.0375 0.0375
0 0.6578125 0.23203125 0.028125 0.0203125
0 0.5796875 0.38125 0.0375 0.05
0 0.546875 0.4359375 0.09375 0.0375
0 0.5453125 0.61640625 0.3078125 0.2828125
0 0.96953125 0.578125 0.0609375 0.140625
0 0.215625 0.86015625 0.0625 0.04375
0 0.346875 0.58984375 0.0328125 0.0328125
0 0.27109375 0.446875 0.2546875 0.23125
0 0.44453125 0.42890625 0.040625 0.05
0 0.36640625 0.34375 0.1765625 0.1375
0 0.284375 0.17578125 0.028125 0.103125
0 0.43046875 0.12890625 0.0578125 0.140625
0 0.45703125 0.196875 0.0203125 0.015625
0 0.3953125 0.078125 0.0734375 0.15625
0 0.02265625 0.21328125 0.0453125 0.0375
0 0.0734375 0.58984375 0.146875 0.28125
0 0.03515625 0.93203125 0.0703125 0.1328125