0 0.2890625 0.40234375 0.340625 0.2765625
0 0.153125 0.44609375 0.30625 0.409375
0 0.19140625 0.184375 0.3828125 0.171875
0 0.4890625 0.28671875 0.228125 0.3125
0 0.5078125 0.4359375 0.196875 0.3640625
0 0.628125 0.47578125 0.25625 0.19375
0 0.63046875 0.809375 0.578125 0.371875
0 0.809375 0.7890625 0.38125 0.321875
0 0.8390625 0.61171875 0.2109375 0.253125
0 0.8921875 0.9640625 0.215625 0.071875
0 0.4609375 0.828125 0.70625 0.34375
0 0.12734375 0.7890625 0.2546875 0.421875
0 0.09296875 0.58828125 0.1859375 0.28125