0 0.4703125 0.56796875 0.5671875 0.7671875
0 0.9828125 0.15390625 0.034375 0.3078125
0 0.90390625 0.1921875 0.128125 0.2296875
0 0.8140625 0.184375 0.0875 0.225
0 0.86328125 0.065625 0.059375 0.13125
0 0.93984375 0.04296875 0.040625 0.0859375
0 0.23828125 0.17890625 0.053125 0.2671875
0 0.296875 0.071875 0.06875 0.06875
0 0.37578125 0.0484375 0.1 0.096875
0 0.47421875 0.0484375 0.115625 0.096875
0 0.54765625 0.05859375 0.0953125 0.1171875
0 0.63125 0.05859375 0.1390625 0.1125
0 0.75390625 0.15078125 0.1390625 0.3015625
0 0.5 0.76171875 1 0.475