0 0.7015625 0.4703125 0.1109375 0.7328125
0 0.75625 0.4265625 0.06484375 0.68984375
0 0.6 0.52890625 0.12265625 0.71640625
0 0.4671875 0.509375 0.1421875 0.7984375
0 0.5203125 0.25703125 0.06484375 0.3265625
0 0.56875 0.2125 0.05078125 0.271875
0 0.61171875 0.0984375 0.05078125 0.0765625
0 0.53125 0.0796875 0.04296875 0.0484375
0 0.48671875 0.0921875 0.0359375 0.021875
0 0.43515625 0.22109375 0.0625 0.35546875
0 0.365625 0.234375 0.0671875 0.3390625
0 0.34140625 0.49140625 0.1203125 0.7671875
0 0.33203125 0.0765625 0.04296875 0.04296875
0 0.23203125 0.459375 0.11328125 0.72109375
0 0.17421875 0.42890625 0.0796875 0.6703125
0 0.2046875 0.08984375 0.0578125 0.05078125
0 0.25234375 0.171875 0.04296875 0.2234375