0 0.7765625 0.9390625 0.178125 0.11328125
0 0.9375 0.953125 0.1203125 0.084375
0 0.93984375 0.86875 0.115625 0.18046875
0 0.78125 0.83984375 0.2546875 0.17578125
0 0.92421875 0.75 0.1421875 0.14921875
0 0.83515625 0.74765625 0.2140625 0.16328125
0 0.5984375 0.9390625 0.1921875 0.11328125
0 0.48671875 0.91015625 0.146875 0.1703125
0 0.52734375 0.790625 0.24296875 0.2015625
0 0.70078125 0.82421875 0.103125 0.09140625
0 0.65625 0.7546875 0.10078125 0.08671875
0 0.63359375 0.6828125 0.2234375 0.14921875
0 0.75625 0.6828125 0.12734375 0.09609375
0 0.728125 0.5828125 0.1109375 0.084375
0 0.84375 0.58984375 0.134375 0.1703125
0 0.8890625 0.50703125 0.21640625 0.22109375
0 0.946875 0.6265625 0.10078125 0.11796875
0 0.7296875 0.4890625 0.19921875 0.165625
0 0.83203125 0.30625 0.10546875 0.1078125
0 0.875 0.35234375 0.15859375 0.11328125
0 0.94375 0.2859375 0.103125 0.1203125
0 0.9625 0.3578125 0.06953125 0.0671875
0 0.91484375 0.22734375 0.146875 0.12265625
0 0.94921875 0.12109375 0.09140625 0.1078125
0 0.8578125 0.1390625 0.115625 0.08203125
0 0.89921875 0.06015625 0.196875 0.1203125
0 0.06953125 0.7859375 0.1390625 0.27421875
0 0.203125 0.853125 0.17578125 0.28359375
0 0.27265625 0.94140625 0.12734375 0.1078125
0 0.353125 0.9203125 0.14921875 0.14921875
0 0.31015625 0.8265625 0.10078125 0.09609375
0 0.3921875 0.803125 0.15859375 0.1390625
0 0.07421875 0.91484375 0.1390625 0.1609375
0 0.03125 0.83984375 0.0625 0.18515625
0 0.3375 0.64453125 0.07421875 0.16328125
0 0.3796875 0.58046875 0.0765625 0.1703125
0 0.42890625 0.61875 0.084375 0.165625
0 0.49375 0.553125 0.12265625 0.134375
0 0.57578125 0.5953125 0.18515625 0.18984375
0 0.5765625 0.4703125 0.071875 0.11328125
0 0.69453125 0.47734375 0.1390625 0.18046875
0 0.353125 0.26796875 0.15859375 0.165625
0 0.47734375 0.2984375 0.103125 0.22109375
0 0.56015625 0.25390625 0.115625 0.103125
0 0.61796875 0.3609375 0.115625 0.134375
0 0.66015625 0.29296875 0.06953125 0.14453125
0 0.74140625 0.296875 0.084375 0.19921875
0 0.31875 0.37109375 0.165625 0.165625
0 0.22734375 0.4265625 0.165625 0.18046875
0 0.125 0.5890625 0.15390625 0.14453125
0 0.225 0.6265625 0.146875 0.18046875
0 0.02734375 0.57109375 0.0546875 0.1421875
0 0.03125 0.44609375 0.0625 0.2328125
0 0.0921875 0.3421875 0.1078125 0.1078125
0 0.4984375 0.4984375 0.996875 0.996875
0 0.203125 0.28125 0.103125 0.1203125
0 0.240625 0.20078125 0.10078125 0.15625
0 0.31953125 0.071875 0.134375 0.071875
0 0.34375 0.15 0.1390625 0.103125
0 0.43515625 0.0796875 0.09609375 0.08671875
0 0.44921875 0.1390625 0.10078125 0.09140625
0 0.52265625 0.09765625 0.0890625 0.11328125
0 0.62734375 0.12890625 0.1203125 0.17578125
0 0.728125 0.11875 0.1109375 0.18515625
0 0.72578125 0.046875 0.240625 0.09375
0 0.5375 0.0421875 0.18046875 0.084375
0 0.35546875 0.046875 0.23046875 0.09375
0 0.1734375 0.040625 0.134375 0.071875
0 0.140625 0.1421875 0.1421875 0.15859375
0 0.08515625 0.2453125 0.1609375 0.08671875
0 0.0375 0.13203125 0.07421875 0.14921875
0 0.0578125 0.02890625 0.115625 0.0578125