0 0.94921875 0.51328125 0.09140625 0.75703125
0 0.9109375 0.53125 0.0765625 0.7015625
0 0.87265625 0.57578125 0.0765625 0.603125
0 0.728125 0.61875 0.21171875 0.5359375
0 0.78359375 0.44609375 0.10078125 0.46875
0 0.65625 0.384375 0.0765625 0.41796875
0 0.57578125 0.51796875 0.13203125 0.728125
0 0.49609375 0.6546875 0.12734375 0.4640625
0 0.375 0.67578125 0.115625 0.4234375
0 0.375 0.44609375 0.115625 0.38671875
0 0.47109375 0.41484375 0.08671875 0.43984375
0 0.27421875 0.60078125 0.08671875 0.553125
0 0.21171875 0.66015625 0.134375 0.44453125
0 0.17578125 0.35546875 0.115625 0.3703125
0 0.06640625 0.61171875 0.13203125 0.540625
0 0.07578125 0.303125 0.0890625 0.29296875
0 0.015625 0.28828125 0.03125 0.15390625