0 0.02734375 0.0890625 0.0546875 0.175
0 0.021875 0.21953125 0.04375 0.096875
0 0.0890625 0.0359375 0.0671875 0.071875
0 0.0953125 0.11875 0.0796875 0.09375
0 0.075 0.215625 0.0796875 0.115625
0 0.06484375 0.3328125 0.1 0.11875
0 0.0203125 0.41875 0.040625 0.146875
0 0.0890625 0.4375 0.096875 0.1
0 0.040625 0.55703125 0.08125 0.109375
0 0.27578125 0.1265625 0.14375 0.175
0 0.284375 0.03828125 0.15 0.0765625
0 0.17421875 0.0578125 0.1171875 0.115625
0 0.165625 0.14296875 0.08125 0.0875
0 0.1578125 0.21796875 0.10625 0.109375
0 0.21015625 0.30390625 0.0546875 0.103125
0 0.159375 0.30625 0.0640625 0.153125
0 0.19375 0.38359375 0.103125 0.109375
0 0.19609375 0.471875 0.1328125 0.1484375
0 0.1515625 0.5421875 0.140625 0.1859375
0 0.08125 0.6328125 0.08125 0.1375
0 0.04453125 0.7140625 0.0890625 0.16875
0 0.1171875 0.73125 0.08125 0.1359375
0 0.09453125 0.86953125 0.16875 0.14375
0 0.0078125 0.8625 0.015625 0.0921875
0 0.06484375 0.94296875 0.1265625 0.1140625
0 0.13125 0.96171875 0.084375 0.0765625
0 0.21015625 0.9296875 0.06875 0.109375
0 0.27421875 0.96796875 0.13125 0.0640625
0 0.32890625 0.94609375 0.128125 0.096875
0 0.284375 0.8953125 0.084375 0.103125
0 0.32421875 0.78828125 0.103125 0.14375
0 0.25 0.7359375 0.1640625 0.246875
0 0.3546875 0.66484375 0.103125 0.115625
0 0.353125 0.54453125 0.175 0.171875
0 0.3109375 0.45390625 0.121875 0.153125
0 0.359375 0.30859375 0.0921875 0.146875
0 0.290625 0.2796875 0.128125 0.165625
0 0.39375 0.021875 0.175 0.04375
0 0.46328125 0.1609375 0.1 0.234375
0 0.375 0.1171875 0.103125 0.234375
0 0.56640625 0.0546875 0.14375 0.109375
0 0.66171875 0.1265625 0.1515625 0.165625
0 0.55234375 0.140625 0.1 0.103125
0 0.471875 0.08828125 0.0609375 0.11875
0 0.57890625 0.22578125 0.1171875 0.115625
0 0.49375 0.284375 0.1609375 0.11875
0 0.47421875 0.3890625 0.1796875 0.1859375
0 0.5203125 0.44375 0.178125 0.209375
0 0.471875 0.5609375 0.103125 0.146875
0 0.4359375 0.6328125 0.08125 0.146875
0 0.41328125 0.75546875 0.065625 0.096875
0 0.3953125 0.840625 0.1578125 0.09375
0 0.47421875 0.9515625 0.08125 0.096875
0 0.4734375 0.8953125 0.0796875 0.103125
0 0.41953125 0.92109375 0.04375 0.071875
0 0.42578125 0.978125 0.1078125 0.04375
0 0.5546875 0.91484375 0.09375 0.1
0 0.54609375 0.84453125 0.0609375 0.08125
0 0.528125 0.75546875 0.08125 0.096875
0 0.51015625 0.69765625 0.0875 0.125
0 0.58125 0.6515625 0.08125 0.109375
0 0.58828125 0.58046875 0.115625 0.1
0 0.6390625 0.52578125 0.0890625 0.1625
0 0.6796875 0.32265625 0.115625 0.175
0 0.765625 0.2484375 0.1328125 0.2015625
0 0.8109375 0.17578125 0.1484375 0.2203125
0 0.78203125 0.0625 0.13125 0.125
0 0.8765625 0.0828125 0.196875 0.165625
0 0.9578125 0.1046875 0.084375 0.209375
0 0.98125 0.17890625 0.0375 0.1578125
0 0.93359375 0.21328125 0.096875 0.11875
0 0.92578125 0.29375 0.103125 0.128125
0 0.82109375 0.3125 0.146875 0.0890625
0 0.8265625 0.36328125 0.146875 0.115625
0 0.7359375 0.4375 0.15625 0.1859375
0 0.7203125 0.51796875 0.0640625 0.1375
0 0.728125 0.59453125 0.115625 0.103125
0 0.79453125 0.55859375 0.1 0.1328125
0 0.87265625 0.48125 0.1328125 0.1203125
0 0.94609375 0.42109375 0.10625 0.153125
0 0.98359375 0.35234375 0.0328125 0.146875
0 0.9296875 0.52265625 0.13125 0.103125
0 0.85859375 0.56875 0.04375 0.0875
0 0.83671875 0.6734375 0.103125 0.0875
0 0.78046875 0.6671875 0.071875 0.109375
0 0.7203125 0.67890625 0.0640625 0.0875
0 0.6546875 0.6953125 0.075 0.1
0 0.61484375 0.75 0.065625 0.096875
0 0.6671875 0.7640625 0.075 0.1046875
0 0.8765625 0.978125 0.246875 0.04375
0 0.715625 0.9109375 0.2375 0.178125
0 0.5484375 0.9703125 0.146875 0.059375
0 0.7859375 0.86328125 0.10625 0.109375
0 0.71328125 0.86875 0.1 0.109375
0 0.74375 0.771875 0.115625 0.1
0 0.85625 0.7984375 0.0640625 0.096875
0 0.9640625 0.9296875 0.071875 0.0890625
0 0.89921875 0.72578125 0.2015625 0.365625
0 0.5 0.5 1 1