0 0.7671875 0.5671875 0.375 0.27421875
0 0.7484375 0.66484375 0.49296875 0.30078125
0 0.68515625 0.3390625 0.27421875 0.1921875
0 0.6609375 0.40859375 0.3703125 0.14921875
0 0.64296875 0.21640625 0.2234375 0.134375
0 0.6140625 0.27734375 0.2859375 0.1078125
0 0.24375 0.571875 0.396875 0.2546875
0 0.2453125 0.6921875 0.490625 0.2984375
0 0.31953125 0.36796875 0.28359375 0.196875
0 0.2953125 0.41953125 0.3609375 0.1515625
0 0.328125 0.2234375 0.2234375 0.125
0 0.31953125 0.27421875 0.28359375 0.0765625