0 0.5 0.4796875 1 0.959375
0 0.20234375 0.53515625 0.4046875 0.4125
0 0.60390625 0.74140625 0.45 0.221875
0 0.19140625 0.9015625 0.3828125 0.1
0 0.8390625 0.2828125 0.321875 0.3
0 0.3515625 0.3015625 0.61875 0.225
0 0.225 0.1796875 0.45 0.234375
0 0.7640625 0.5109375 0.321875 0.2125
0 0.5765625 0.0953125 0.275 0.190625
0 0.18828125 0.05 0.3734375 0.1
0 0.86796875 0.065625 0.2640625 0.13125
0 0.528125 0.0625 0.45625 0.125
0 0.39453125 0.46875 0.7890625 0.53125
0 0.1671875 0.84453125 0.334375 0.20625
0 0.8328125 0.77421875 0.334375 0.340625