0 0.5 0.5 1 1
0 0.8875 0.7984375 0.225 0.403125
0 0.59375 0.7890625 0.3625 0.421875
0 0.67734375 0.478125 0.31875 0.4921875
0 0.29375 0.66328125 0.234375 0.396875
0 0.47421875 0.53203125 0.346875 0.6
0 0.41328125 0.978125 0.565625 0.04375
0 0.30078125 0.80234375 0.2203125 0.325
0 0.26640625 0.575 0.3140625 0.2984375
0 0.25390625 0.22734375 0.365625 0.4546875
0 0.6234375 0.23125 0.3859375 0.303125
0 0.61796875 0.14375 0.2890625 0.2875
0 0.8453125 0.159375 0.309375 0.31875
0 0.95234375 0.24375 0.0953125 0.415625
0 0.89375 0.37109375 0.2125 0.7421875
0 0.10078125 0.5 0.2015625 1