0 0.91953125 0.6875 0.15625 0.321875
0 0.8734375 0.7921875 0.24765625 0.3484375
0 0.47265625 0.64765625 0.21875 0.31015625
0 0.45703125 0.7296875 0.28828125 0.2328125
0 0.884375 0.765625 0.22578125 0.25234375
0 0.46171875 0.76796875 0.40859375 0.31015625
0 0.09609375 0.66953125 0.1921875 0.36796875
0 0.1234375 0.746875 0.246875 0.4
0 0.334375 0.3859375 0.1921875 0.24765625
0 0.5421875 0.17890625 0.1609375 0.2234375
0 0.859375 0.1671875 0.2765625 0.24765625
0 0.8484375 0.24765625 0.2984375 0.196875
0 0.759375 0.41796875 0.3703125 0.28828125
0 0.74140625 0.50234375 0.4546875 0.28359375
0 0.31875 0.45078125 0.25703125 0.18046875
0 0.32421875 0.47265625 0.35546875 0.2671875
0 0.52890625 0.24140625 0.23046875 0.1421875
0 0.53515625 0.26796875 0.31953125 0.21875
0 0.11640625 0.19140625 0.2328125 0.25234375
0 0.13359375 0.2765625 0.2671875 0.22578125