0 0.3875 0.8625 0.05625 0.0484375
0 0.69609375 0.81796875 0.075 0.040625
0 0.84765625 0.78984375 0.075 0.0421875
0 0.14375 0.68046875 0.071875 0.034375
0 0.1484375 0.5703125 0.0515625 0.04375
0 0.05625 0.53359375 0.0671875 0.071875
0 0.03359375 0.43046875 0.05625 0.05625
0 0.07421875 0.465625 0.0765625 0.034375
0 0.08203125 0.42578125 0.0421875 0.05625
0 0.084375 0.3796875 0.05625 0.046875
0 0.13359375 0.3796875 0.05625 0.05625
0 0.1578125 0.334375 0.053125 0.0234375
0 0.16640625 0.315625 0.071875 0.071875
0 0.25 0.2640625 0.084375 0.05625
0 0.23046875 0.22578125 0.0765625 0.08125
0 0.21171875 0.20625 0.0484375 0.04375
0 0.25859375 0.1765625 0.05625 0.0625
0 0.2796875 0.21015625 0.065625 0.040625
0 0.28046875 0.13046875 0.06875 0.05625
0 0.33984375 0.16640625 0.084375 0.0625
0 0.384375 0.21796875 0.1078125 0.0875
0 0.4203125 0.1921875 0.0671875 0.0515625
0 0.465625 0.1921875 0.06875 0.08125
0 0.5265625 0.1875 0.06875 0.071875
0 0.565625 0.134375 0.04375 0.053125
0 0.56015625 0.08984375 0.053125 0.046875
0 0.615625 0.1484375 0.0671875 0.071875
0 0.66015625 0.184375 0.06875 0.0875
0 0.6984375 0.11796875 0.0703125 0.05625
0 0.72578125 0.1515625 0.0671875 0.0765625
0 0.7265625 0.21015625 0.06875 0.0515625
0 0.78984375 0.19609375 0.0625 0.06875
0 0.821875 0.21796875 0.06875 0.065625
0 0.86640625 0.24375 0.046875 0.0625
0 0.88359375 0.2515625 0.06875 0.046875
0 0.9859375 0.3015625 0.028125 0.053125
0 0.97578125 0.35234375 0.0484375 0.06875
0 0.9375 0.3359375 0.075 0.0765625
0 0.9859375 0.41015625 0.028125 0.0625
0 0.9921875 0.4703125 0.015625 0.034375
0 0.9921875 0.5640625 0.015625 0.0875
0 0.971875 0.66796875 0.05625 0.0375
0 0.415625 0.8125 0.0609375 0.0625
0 0.70546875 0.6921875 0.4359375 0.2109375
0 0.8859375 0.53046875 0.2078125 0.303125
0 0.84375 0.38359375 0.25625 0.1515625
0 0.7296875 0.31171875 0.284375 0.1515625
0 0.56796875 0.33046875 0.3421875 0.246875
0 0.584375 0.521875 0.1640625 0.403125
0 0.728125 0.51171875 0.11875 0.30625
0 0.45390625 0.49609375 0.1234375 0.540625
0 0.34140625 0.478125 0.134375 0.453125
0 0.24765625 0.4359375 0.1109375 0.3125
0 0.234375 0.421875 0.2125 0.1515625
0 0.30546875 0.471875 0.2515625 0.11875
0 0.32421875 0.5859375 0.15625 0.146875