0 0.9265625 0.54921875 0.13671875 0.8484375
0 0.77734375 0.53828125 0.1609375 0.84609375
0 0.9046875 0.26796875 0.12265625 0.3921875
0 0.890625 0.22734375 0.0890625 0.4109375
0 0.625 0.54296875 0.14921875 0.84609375
0 0.47265625 0.5484375 0.1515625 0.84140625
0 0.32578125 0.54296875 0.15625 0.83671875
0 0.1765625 0.54296875 0.1703125 0.83671875
0 0.05546875 0.54296875 0.1109375 0.8609375
0 0.05625 0.2828125 0.1125 0.428125
0 0.0734375 0.20546875 0.09375 0.37734375
0 0.20703125 0.28359375 0.1203125 0.428125
0 0.21875 0.23828125 0.10078125 0.4328125
0 0.3453125 0.27734375 0.103125 0.4203125
0 0.3609375 0.2125 0.10078125 0.3921875
0 0.4828125 0.25234375 0.134375 0.3609375
0 0.4828125 0.19921875 0.125 0.35546875
0 0.625 0.25390625 0.134375 0.37734375
0 0.75234375 0.2515625 0.125 0.38203125
0 0.603125 0.21640625 0.10078125 0.3890625
0 0.74375 0.2046875 0.11328125 0.365625