0 0.759375 0.83203125 0.2546875 0.29296875
0 0.8578125 0.58515625 0.2453125 0.209375
0 0.83671875 0.728125 0.1921875 0.1921875
0 0.8921875 0.46015625 0.20703125 0.2046875
0 0.5453125 0.61796875 0.26953125 0.25
0 0.55625 0.75390625 0.24765625 0.2046875
0 0.32578125 0.79921875 0.2671875 0.31484375
0 0.2359375 0.53984375 0.240625 0.2140625
0 0.2234375 0.665625 0.240625 0.15390625
0 0.12265625 0.42578125 0.22109375 0.178125
0 0.11328125 0.5484375 0.1921875 0.1875
0 0.52734375 0.36875 0.56015625 0.6078125