0 0.07890625 0.17578125 0.1578125 0.3515625
0 0.26875 0.18203125 0.26875 0.3640625
0 0.1296875 0.4875 0.24375 0.378125
0 0.07578125 0.82734375 0.1515625 0.3453125
0 0.278125 0.81875 0.240625 0.3625
0 0.38828125 0.47890625 0.234375 0.3703125
0 0.5171875 0.16953125 0.234375 0.3375
0 0.65703125 0.4828125 0.2390625 0.378125
0 0.5265625 0.8125 0.240625 0.375
0 0.76953125 0.82109375 0.2359375 0.3578125
0 0.94765625 0.82109375 0.1046875 0.3578125
0 0.89296875 0.48515625 0.2140625 0.3734375
0 0.94921875 0.1734375 0.1015625 0.346875
0 0.778125 0.17578125 0.246875 0.3515625