0 0.5453125 0.93203125 0.86875 0.1359375
0 0.534375 0.78203125 0.8671875 0.165625
0 0.25703125 0.9125 0.4015625 0.1265625
0 0.215625 0.89765625 0.421875 0.0921875
0 0.5390625 0.62578125 0.8671875 0.153125
0 0.54453125 0.46953125 0.8625 0.15625
0 0.5390625 0.31875 0.85625 0.159375
0 0.5390625 0.16640625 0.85625 0.175
0 0.5390625 0.04921875 0.88125 0.0984375
0 0.2734375 0.05078125 0.4375 0.1
0 0.19296875 0.059375 0.3859375 0.096875
0 0.2734375 0.196875 0.4375 0.1234375
0 0.2265625 0.209375 0.44375 0.103125
0 0.2671875 0.33828125 0.43125 0.10625
0 0.20078125 0.3546875 0.4015625 0.103125
0 0.24140625 0.48046875 0.36875 0.1375
0 0.1875 0.48046875 0.365625 0.128125
0 0.24296875 0.62578125 0.3875 0.1375
0 0.23984375 0.75625 0.390625 0.128125
0 0.2046875 0.603125 0.4 0.103125
0 0.1921875 0.74765625 0.375 0.115625