0 0.6203125 0.8640625 0.1703125 0.271875
0 0.621875 0.74453125 0.0484375 0.1203125
0 0.67578125 0.76796875 0.034375 0.090625
0 0.6421875 0.53984375 0.1765625 0.1625
0 0.70390625 0.68359375 0.228125 0.396875
0 0.871875 0.734375 0.071875 0.1671875
0 0.92421875 0.834375 0.059375 0.1359375
0 0.91015625 0.571875 0.0515625 0.096875
0 0.75625 0.39140625 0.159375 0.2375
0 0.84140625 0.39140625 0.046875 0.1625
0 0.87578125 0.35859375 0.053125 0.2109375
0 0.94453125 0.4296875 0.109375 0.1203125
0 0.91640625 0.27578125 0.0484375 0.1203125
0 0.97421875 0.31796875 0.046875 0.0515625
0 0.97265625 0.11875 0.0546875 0.090625
0 0.92421875 0.01796875 0.028125 0.0359375
0 0.9015625 0.05546875 0.034375 0.0375
0 0.85390625 0.1578125 0.05625 0.090625
0 0.79140625 0.10234375 0.028125 0.096875
0 0.81171875 0.02421875 0.075 0.0484375
0 0.7328125 0.05234375 0.05625 0.1046875
0 0.734375 0.20546875 0.053125 0.096875
0 0.65 0.22421875 0.034375 0.04375
0 0.66171875 0.03984375 0.03125 0.0796875
0 0.61171875 0.1640625 0.10625 0.103125
0 0.578125 0.3140625 0.09375 0.1203125
0 0.64140625 0.50546875 0.334375 0.25625
0 0.45390625 0.78984375 0.1640625 0.353125
0 0.3515625 0.8703125 0.05625 0.090625
0 0.43359375 0.5296875 0.1640625 0.284375
0 0.29765625 0.55234375 0.134375 0.2640625
0 0.471875 0.21796875 0.0671875 0.184375
0 0.515625 0.115625 0.0765625 0.096875
0 0.515625 0.04609375 0.1125 0.0921875
0 0.5921875 0.0140625 0.1375 0.028125
0 0.41015625 0.0203125 0.1234375 0.040625
0 0.33046875 0.078125 0.1640625 0.15625
0 0.24453125 0.01796875 0.0953125 0.0359375
0 0.31015625 0.1625 0.2203125 0.21875
0 0.38984375 0.1640625 0.0359375 0.0765625
0 0.2859375 0.20546875 0.171875 0.1484375
0 0.3625 0.31953125 0.171875 0.090625
0 0.315625 0.3515625 0.128125 0.103125
0 0.19609375 0.33359375 0.1515625 0.1234375
0 0.1125 0.47890625 0.225 0.0921875
0 0.08046875 0.59296875 0.1609375 0.2953125
0 0.06796875 0.61953125 0.13125 0.140625
0 0.24453125 0.84140625 0.1515625 0.2515625
0 0.0625 0.74453125 0.06875 0.06875
0 0.13046875 0.74375 0.0671875 0.0765625
0 0.09140625 0.8515625 0.1625 0.25625
0 0.06171875 0.8984375 0.0828125 0.196875
0 0.1296875 0.94375 0.0703125 0.1078125
0 0.1203125 0.3515625 0.190625 0.25625
0 0.04375 0.15625 0.0875 0.1796875
0 0.1203125 0.16640625 0.071875 0.071875
0 0.1484375 0.10859375 0.05625 0.0953125
0 0.13984375 0.03359375 0.1 0.0671875
0 0.0140625 0.0375 0.028125 0.075
0 0.5234375 0.34453125 0.0625 0.0375