0 0.26171875 0.32421875 0.31875 0.1640625
0 0.1171875 0.56796875 0.203125 0.1
0 0.2703125 0.69140625 0.209375 0.0609375
0 0.765625 0.30078125 0.46875 0.3640625
0 0.61640625 0.46015625 0.309375 0.15
0 0.375 0.50234375 0.1375 0.1125
0 0.24140625 0.49140625 0.15 0.1046875
0 0.4296875 0.57109375 0.134375 0.0609375
0 0.421875 0.6578125 0.06875 0.0359375
0 0.61640625 0.71015625 0.109375 0.1046875
0 0.72578125 0.6890625 0.134375 0.040625
0 0.825 0.64140625 0.134375 0.0890625
0 0.86328125 0.55703125 0.1453125 0.04375
0 0.6171875 0.58515625 0.1734375 0.0640625