0 0.275 0.65859375 0.3 0.153125
0 0.1390625 0.42890625 0.1921875 0.09375
0 0.28359375 0.3125 0.196875 0.0578125
0 0.75 0.68125 0.4421875 0.34375
0 0.609375 0.5296875 0.290625 0.1421875
0 0.38203125 0.490625 0.1296875 0.10625
0 0.25625 0.5015625 0.1421875 0.0984375
0 0.43359375 0.42578125 0.128125 0.0578125
0 0.4265625 0.34375 0.065625 0.034375
0 0.609375 0.29453125 0.103125 0.0984375
0 0.7125 0.31484375 0.128125 0.0375
0 0.80625 0.359375 0.128125 0.084375
0 0.8421875 0.4390625 0.1375 0.040625
0 0.6109375 0.4125 0.1625 0.059375