0 0.74765625 0.17578125 0.325 0.346875
0 0.4828125 0.19375 0.29375 0.284375
0 0.25703125 0.18671875 0.284375 0.2609375
0 0.19375 0.39375 0.3390625 0.20625
0 0.4625 0.31953125 0.1625 0.059375
0 0.5953125 0.5046875 0.175 0.140625
0 0.83203125 0.3484375 0.2875 0.1375
0 0.81484375 0.45234375 0.3515625 0.14375
0 0.47109375 0.471875 0.171875 0.090625
0 0.46796875 0.37578125 0.175 0.1265625
0 0.3265625 0.55703125 0.30625 0.14375
0 0.12578125 0.72890625 0.090625 0.1265625
0 0.1765625 0.67578125 0.084375 0.078125
0 0.1890625 0.75859375 0.084375 0.121875
0 0.26953125 0.7765625 0.090625 0.14375
0 0.32109375 0.7390625 0.0953125 0.13125
0 0.25703125 0.6890625 0.075 0.065625
0 0.615625 0.6484375 0.153125 0.103125
0 0.59765625 0.6828125 0.171875 0.0625
0 0.5234375 0.7546875 0.1484375 0.109375
0 0.5046875 0.790625 0.165625 0.059375
0 0.6625 0.82109375 0.153125 0.1046875
0 0.75234375 0.70703125 0.1484375 0.103125
0 0.8890625 0.7765625 0.1484375 0.1
0 0.7984375 0.8828125 0.1484375 0.103125
0 0.64609375 0.85390625 0.171875 0.0625
0 0.78203125 0.921875 0.1734375 0.0625
0 0.871875 0.8125 0.1625 0.059375
0 0.73671875 0.74140625 0.171875 0.0625