0 0.8796875 0.403125 0.1171875 0.090625
0 0.99140625 0.39921875 0.0171875 0.028125
0 0.9859375 0.36171875 0.021875 0.021875
0 0.928125 0.20625 0.025 0.040625
0 0.99140625 0.1265625 0.0171875 0.040625
0 0.840625 0.1765625 0.040625 0.06875
0 0.71796875 0.38828125 0.103125 0.075
0 0.48125 0.5015625 0.140625 0.096875
0 0.5140625 0.44375 0.0171875 0.0171875
0 0.23359375 0.45625 0.1046875 0.071875
0 0.30703125 0.4578125 0.05625 0.04375
0 0.2578125 0.33046875 0.0375 0.040625
0 0.3046875 0.35859375 0.0375 0.040625
0 0.15078125 0.1765625 0.0375 0.04375
0 0.10859375 0.128125 0.1171875 0.053125
0 0.1640625 0.0984375 0.01875 0.0171875
0 0.19375 0.1265625 0.025 0.040625
0 0.22421875 0.115625 0.01875 0.0625
0 0.32109375 0.01171875 0.0328125 0.0234375
0 0.04453125 0.5625 0.0890625 0.084375
0 0.0109375 0.60546875 0.021875 0.0453125
0 0.2859375 0.60234375 0.1140625 0.084375
0 0.24609375 0.5625 0.025 0.040625
0 0.3171875 0.52734375 0.053125 0.04375
0 0.72890625 0.53359375 0.01875 0.0171875
0 0.803125 0.60859375 0.059375 0.071875
0 0.81875 0.5296875 0.025 0.040625
0 0.81875 0.48984375 0.025 0.0296875
0 0.85234375 0.4828125 0.028125 0.040625
0 0.88046875 0.54140625 0.015625 0.028125
0 0.9203125 0.54140625 0.0546875 0.071875
0 0.92421875 0.6171875 0.05625 0.0546875
0 0.71875 0.5921875 0.0296875 0.0296875
0 0.7484375 0.58359375 0.0296875 0.03125
0 0.653125 0.665625 0.0375 0.053125
0 0.72890625 0.72890625 0.025 0.0796875
0 0.7515625 0.77890625 0.01875 0.0296875
0 0.78359375 0.76484375 0.015625 0.03125
0 0.821875 0.77109375 0.0125 0.040625
0 0.84453125 0.80703125 0.0375 0.028125
0 0.86328125 0.75234375 0.01875 0.021875
0 0.97265625 0.903125 0.0296875 0.040625
0 0.98046875 0.8234375 0.0296875 0.0296875
0 0.96171875 0.77890625 0.0421875 0.0296875
0 0.925 0.775 0.015625 0.021875
0 0.93046875 0.85859375 0.0296875 0.040625
0 0.89765625 0.89140625 0.009375 0.0171875
0 0.8859375 0.92265625 0.0296875 0.034375
0 0.19296875 0.83828125 0.0671875 0.090625
0 0.23515625 0.81484375 0.028125 0.021875
0 0.20546875 0.775 0.021875 0.021875
0 0.20390625 0.72890625 0.04375 0.04375
0 0.25234375 0.74375 0.0375 0.040625
0 0.26875 0.73046875 0.025 0.03125
0 0.23515625 0.696875 0.053125 0.034375
0 0.2265625 0.66796875 0.0296875 0.021875
0 0.334375 0.7078125 0.0671875 0.03125
0 0.4140625 0.82734375 0.0375 0.05625
0 0.48359375 0.83046875 0.046875 0.0796875
0 0.421875 0.77578125 0.021875 0.034375
0 0.0171875 0.7 0.034375 0.075
0 0.025 0.83203125 0.05 0.0671875
0 0.01015625 0.90078125 0.01875 0.0796875
0 0.03359375 0.903125 0.0375 0.05
0 0.0984375 0.81328125 0.0375 0.04375
0 0.1109375 0.8703125 0.0375 0.04375
0 0.1109375 0.9328125 0.03125 0.04375
0 0.13828125 0.8546875 0.028125 0.05625
0 0.2875 0.81875 0.021875 0.05
0 0.2875 0.8828125 0.021875 0.034375
0 0.3359375 0.915625 0.059375 0.04375
0 0.39921875 0.90078125 0.021875 0.034375
0 0.3703125 0.85234375 0.01875 0.0171875
0 0.440625 0.9078125 0.015625 0.05
0 0.46875 0.93671875 0.0171875 0.028125
0 0.5046875 0.890625 0.0296875 0.040625
0 0.53515625 0.93125 0.04375 0.0625
0 0.56953125 0.89921875 0.015625 0.021875
0 0.571875 0.865625 0.0296875 0.034375
0 0.596875 0.90078125 0.01875 0.04375
0 0.60234375 0.81875 0.0296875 0.05
0 0.634375 0.82578125 0.025 0.04375
0 0.65703125 0.7984375 0.01875 0.034375
0 0.7453125 0.8296875 0.08125 0.0625
0 0.803125 0.8609375 0.034375 0.0546875
0 0.71875 0.88828125 0.075 0.0796875
0 0.73515625 0.96796875 0.0671875 0.0546875
0 0.603125 0.97734375 0.0375 0.04375
0 0.3765625 0.6390625 0.021875 0.009375
0 0.49140625 0.57109375 0.0171875 0.021875
0 0.5015625 0.62578125 0.021875 0.0171875
0 0.52890625 0.6328125 0.0171875 0.021875
0 0.1265625 0.41640625 0.034375 0.053125