0 0.7796875 0.36015625 0.159375 0.2296875
0 0.5609375 0.19765625 0.253125 0.2203125
0 0.31015625 0.2078125 0.1859375 0.0953125
0 0.39609375 0.2984375 0.028125 0.0328125
0 0.23125 0.02890625 0.0671875 0.0578125
0 0.11015625 0.075 0.0609375 0.0703125
0 0.00234375 0.40234375 0.0046875 0.025
0 0.12734375 0.6125 0.1 0.0609375
0 0.16875 0.68515625 0.021875 0.0953125
0 0.14609375 0.75390625 0.0421875 0.0328125
0 0.125 0.67109375 0.025 0.0375
0 0.1296875 0.52890625 0.0203125 0.0328125
0 0.31875 0.47734375 0.028125 0.025
0 0.2984375 0.42109375 0.028125 0.0328125
0 0.24765625 0.3953125 0.084375 0.0546875
0 0.29375 0.3140625 0.153125 0.1078125
0 0.3375 0.34375 0.040625 0.028125
0 0.42890625 0.41015625 0.0921875 0.140625
0 0.4921875 0.5046875 0.0453125 0.0796875
0 0.54765625 0.44375 0.040625 0.053125
0 0.5 0.3515625 0.034375 0.0421875
0 0.66015625 0.34375 0.0203125 0.0375
0 0.86484375 0.49375 0.084375 0.1328125
0 0.9046875 0.4171875 0.034375 0.0796875
0 0.92890625 0.37890625 0.0078125 0.021875
0 0.98984375 0.61875 0.0203125 0.0328125
0 0.84140625 0.6765625 0.053125 0.028125
0 0.76875 0.5265625 0.0375 0.0578125
0 0.7984375 0.49375 0.053125 0.046875
0 0.6921875 0.52109375 0.0453125 0.0578125
0 0.6421875 0.53984375 0.065625 0.065625
0 0.60625 0.5609375 0.021875 0.0421875
0 0.58984375 0.49375 0.0546875 0.103125
0 0.55390625 0.5046875 0.0328125 0.059375
0 0.5890625 0.61640625 0.028125 0.0375
0 0.5875 0.7140625 0.040625 0.0578125
0 0.44140625 0.5984375 0.128125 0.203125
0 0.51015625 0.84140625 0.040625 0.0375
0 0.58125 0.8375 0.053125 0.0796875
0 0.33359375 0.8046875 0.0875 0.0703125
0 0.3421875 0.96484375 0.1453125 0.0703125
0 0.0390625 0.98125 0.078125 0.0375
0 0.45859375 0.91875 0.0328125 0.0421875
0 0.84140625 0.90390625 0.028125 0.0328125
0 0.74140625 0.88515625 0.0125 0.025
0 0.6875 0.88359375 0.040625 0.0375
0 0.75859375 0.8015625 0.021875 0.0328125
0 0.6953125 0.7625 0.025 0.025