0 0.94921875 0.48671875 0.0578125 0.09375
0 0.09765625 0.37109375 0.1703125 0.34375
0 0.25234375 0.4 0.1203125 0.2671875
0 0.38203125 0.41953125 0.09609375 0.21875
0 0.49140625 0.43359375 0.09375 0.18984375
0 0.59765625 0.43984375 0.07421875 0.16796875
0 0.69375 0.446875 0.0796875 0.16328125
0 0.7828125 0.45078125 0.06953125 0.146875
0 0.8703125 0.4640625 0.0578125 0.1296875
0 0.9421875 0.9265625 0.053125 0.084375
0 0.8703125 0.9109375 0.0578125 0.115625
0 0.78828125 0.9 0.0765625 0.146875
0 0.69609375 0.8953125 0.07421875 0.15625
0 0.6 0.8921875 0.0796875 0.1734375
0 0.4984375 0.87734375 0.0890625 0.1921875
0 0.384375 0.8640625 0.10078125 0.21875
0 0.25234375 0.85 0.1203125 0.2671875
0 0.09140625 0.8125 0.16328125 0.3609375