0 0.62109375 0.24453125 0.2375 0.165625
0 0.78828125 0.4703125 0.2265625 0.259375
0 0.778125 0.7296875 0.096875 0.190625
0 0.684375 0.640625 0.034375 0.028125
0 0.96640625 0.8109375 0.0671875 0.0703125
0 0.91484375 0.9359375 0.071875 0.0625
0 0.3609375 0.9171875 0.0625 0.103125
0 0.2859375 0.875 0.096875 0.0234375
0 0.21484375 0.8984375 0.034375 0.04375
0 0.3 0.9203125 0.0375 0.025
0 0.446875 0.91484375 0.034375 0.0203125
0 0.5 0.7203125 0.025 0.028125
0 0.5578125 0.740625 0.034375 0.028125
0 0.58515625 0.79375 0.05625 0.0875
0 0.66875 0.74609375 0.1109375 0.15625
0 0.6375 0.70078125 0.028125 0.040625
0 0.56953125 0.60703125 0.14375 0.0953125
0 0.471875 0.54140625 0.0828125 0.046875
0 0.53515625 0.484375 0.053125 0.040625
0 0.63046875 0.53359375 0.04375 0.0359375
0 0.6375 0.36875 0.0375 0.0203125
0 0.48359375 0.15703125 0.1375 0.0875
0 0.56171875 0.115625 0.0828125 0.0359375
0 0.6015625 0.09140625 0.0234375 0.0078125
0 0.3546875 0.0203125 0.034375 0.0359375
0 0.2953125 0.18203125 0.028125 0.053125
0 0.45 0.25625 0.059375 0.0375
0 0.48359375 0.22578125 0.05 0.053125
0 0.4546875 0.33515625 0.059375 0.046875
0 0.4359375 0.38671875 0.0671875 0.0671875
0 0.41328125 0.42421875 0.04375 0.0234375
0 0.48359375 0.440625 0.10625 0.05625
0 0.471875 0.478125 0.0625 0.034375
0 0.35703125 0.4421875 0.0375 0.028125
0 0.25625 0.44296875 0.059375 0.040625
0 0.375 0.59375 0.209375 0.13125
0 0.125 0.5234375 0.0375 0.040625
0 0.12890625 0.45 0.0828125 0.053125
0 0.1625 0.7046875 0.071875 0.090625
0 0.01640625 0.696875 0.0328125 0.15
0 0.0453125 0.57578125 0.04375 0.034375
0 0.0609375 0.18203125 0.034375 0.028125
0 0.0796875 0.28515625 0.025 0.0125
0 0.08125 0.33984375 0.0375 0.040625
0 0.16640625 0.26640625 0.034375 0.0234375
0 0.20625 0.3328125 0.025 0.025