0 0.76953125 0.6421875 0.15390625 0.22109375
0 0.55859375 0.7984375 0.24296875 0.21171875
0 0.3171875 0.78828125 0.178125 0.09140625
0 0.4 0.70078125 0.0265625 0.03125
0 0.24140625 0.9640625 0.06484375 0.0625
0 0.125 0.915625 0.0578125 0.0671875
0 0.00859375 0.734375 0.0171875 0.06953125
0 0.0140625 0.60078125 0.01953125 0.02421875
0 0.1421875 0.39921875 0.09609375 0.0578125
0 0.18125 0.3296875 0.021875 0.09140625
0 0.16015625 0.26328125 0.040625 0.03125
0 0.1390625 0.3421875 0.02421875 0.0359375
0 0.14453125 0.4796875 0.01953125 0.03125
0 0.32578125 0.52890625 0.0265625 0.02421875
0 0.30625 0.5828125 0.0265625 0.03125
0 0.25703125 0.6078125 0.08203125 0.053125
0 0.3015625 0.6859375 0.146875 0.103125
0 0.34375 0.6578125 0.03828125 0.0265625
0 0.43125 0.59375 0.0890625 0.134375
0 0.49296875 0.50234375 0.04296875 0.0765625
0 0.5453125 0.5609375 0.03828125 0.05078125
0 0.5 0.65 0.03359375 0.040625
0 0.65390625 0.6578125 0.01953125 0.0359375
0 0.85078125 0.51328125 0.08203125 0.12734375
0 0.8890625 0.58671875 0.03359375 0.0765625
0 0.9125 0.6234375 0.00703125 0.021875
0 0.978125 0.39296875 0.03359375 0.03125
0 0.828125 0.3375 0.05078125 0.0265625
0 0.75859375 0.48203125 0.0359375 0.05546875
0 0.7875 0.51328125 0.05078125 0.0453125
0 0.68515625 0.48671875 0.04296875 0.05546875
0 0.63671875 0.46875 0.0625 0.0625
0 0.60234375 0.4484375 0.021875 0.040625
0 0.58671875 0.51328125 0.053125 0.0984375
0 0.5515625 0.50234375 0.03125 0.0578125
0 0.58515625 0.3953125 0.0265625 0.0359375
0 0.584375 0.3015625 0.03828125 0.05546875
0 0.44375 0.4125 0.12265625 0.19453125
0 0.509375 0.17890625 0.03828125 0.0359375
0 0.578125 0.1828125 0.05078125 0.0765625
0 0.33984375 0.2140625 0.084375 0.0671875
0 0.3484375 0.04921875 0.1390625 0.0890625
0 0.046875 0.03125 0.09375 0.0625
0 0.52265625 0.015625 0.103125 0.03125
0 0.46015625 0.1046875 0.03125 0.040625
0 0.828125 0.11875 0.0265625 0.03125
0 0.73203125 0.13671875 0.01171875 0.02421875
0 0.68046875 0.13828125 0.03828125 0.0359375
0 0.7484375 0.2171875 0.021875 0.03125
0 0.6875 0.2546875 0.02421875 0.02421875