0 0.1515625 0.9609375 0.2359375 0.06875
0 0.38984375 0.9734375 0.13125 0.053125
0 0.1796875 0.784375 0.1546875 0.15
0 0.12578125 0.55625 0.1359375 0.0703125
0 0.1203125 0.3625 0.125 0.08125
0 0.10625 0.13515625 0.090625 0.0703125
0 0.2359375 0.1359375 0.0625 0.1875
0 0.28046875 0.31953125 0.125 0.140625
0 0.30625 0.56796875 0.1359375 0.23125
0 0.43828125 0.84140625 0.18125 0.15
0 0.61640625 0.88203125 0.2171875 0.2
0 0.871875 0.846875 0.215625 0.15
0 0.93046875 0.95390625 0.1390625 0.0921875
0 0.96171875 0.684375 0.075 0.14375
0 0.55 0.6453125 0.209375 0.096875
0 0.61875 0.50234375 0.2125 0.084375
0 0.47109375 0.378125 0.19375 0.159375
0 0.8625 0.51953125 0.221875 0.2703125
0 0.96171875 0.38125 0.075 0.165625
0 0.92109375 0.17578125 0.15625 0.13125
0 0.7234375 0.11796875 0.15 0.125
0 0.69609375 0.3140625 0.13125 0.109375
0 0.484375 0.1609375 0.184375 0.175