0 0.8640625 0.90390625 0.146875 0.1109375
0 0.93984375 0.84609375 0.1109375 0.1203125
0 0.96015625 0.91953125 0.06953125 0.0796875
0 0.709375 0.921875 0.1109375 0.09375
0 0.7015625 0.8421875 0.125 0.06484375
0 0.76953125 0.83046875 0.125 0.0984375
0 0.859375 0.7484375 0.1421875 0.13671875
0 0.94453125 0.775 0.10078125 0.09375
0 0.9265625 0.68046875 0.13671875 0.10546875
0 0.921875 0.5515625 0.146875 0.1609375
0 0.91796875 0.41796875 0.15390625 0.15859375
0 0.8453125 0.25703125 0.2046875 0.115625
0 0.96015625 0.2671875 0.06953125 0.16796875
0 0.8953125 0.12265625 0.15625 0.1109375
0 0.953125 0.13359375 0.084375 0.1609375
0 0.759375 0.165625 0.10546875 0.115625
0 0.77265625 0.07421875 0.0796875 0.1109375
0 0.890625 0.0421875 0.15625 0.06484375
0 0.69921875 0.31953125 0.125 0.15859375
0 0.69375 0.44140625 0.0984375 0.0890625
0 0.73671875 0.50859375 0.084375 0.07421875
0 0.8015625 0.51328125 0.084375 0.07421875
0 0.76796875 0.57109375 0.146875 0.07421875
0 0.8109375 0.63359375 0.103125 0.103125
0 0.73671875 0.6546875 0.084375 0.0890625
0 0.76328125 0.740625 0.09375 0.1109375
0 0.68984375 0.7546875 0.125 0.1203125
0 0.0265625 0.046875 0.053125 0.084375
0 0.08203125 0.053125 0.0671875 0.08203125
0 0.146875 0.04453125 0.08203125 0.0796875
0 0.225 0.03828125 0.084375 0.0578125
0 0.290625 0.0359375 0.0484375 0.04296875
0 0.3609375 0.0375 0.071875 0.05078125
0 0.41484375 0.04921875 0.0359375 0.06953125
0 0.46015625 0.03125 0.07421875 0.04296875
0 0.59375 0.178125 0.10078125 0.15859375
0 0.7015625 0.1359375 0.09609375 0.165625
0 0.515625 0.09609375 0.1421875 0.1203125
0 0.578125 0.04921875 0.1609375 0.0796875
0 0.725 0.05625 0.13203125 0.084375
0 0.4171875 0.1359375 0.084375 0.09375
0 0.35078125 0.1296875 0.115625 0.0625
0 0.33671875 0.1859375 0.1109375 0.06953125
0 0.4375 0.23046875 0.1296875 0.115625
0 0.515625 0.2171875 0.0890625 0.0890625
0 0.4390625 0.33515625 0.146875 0.084375
0 0.5796875 0.29296875 0.125 0.10546875
0 0.4796875 0.7546875 0.18515625 0.1203125
0 0.43125 0.83203125 0.1078125 0.0625
0 0.509375 0.87734375 0.1109375 0.1296875
0 0.44453125 0.89921875 0.125 0.125
0 0.37109375 0.8890625 0.103125 0.115625
0 0.48828125 0.61171875 0.1109375 0.146875
0 0.584375 0.5984375 0.1203125 0.1109375
0 0.6078125 0.515625 0.1203125 0.13203125
0 0.5578125 0.4265625 0.1203125 0.0890625
0 0.5109375 0.4625 0.1703125 0.1421875
0 0.3484375 0.459375 0.10078125 0.125
0 0.321875 0.5578125 0.0765625 0.1109375
0 0.40234375 0.6109375 0.084375 0.0765625
0 0.35078125 0.6703125 0.071875 0.10546875
0 0.2359375 0.109375 0.115625 0.084375
0 0.24140625 0.18359375 0.0890625 0.09375
0 0.03125 0.12890625 0.053125 0.1078125
0 0.11328125 0.1390625 0.1203125 0.0625
0 0.1578125 0.19375 0.103125 0.06484375
0 0.08203125 0.2171875 0.0484375 0.0890625
0 0.14453125 0.275 0.1203125 0.0984375
0 0.22109375 0.35 0.1828125 0.146875
0 0.32578125 0.3015625 0.1421875 0.13203125
0 0.1703125 0.3953125 0.125 0.0890625
0 0.2546875 0.47578125 0.125 0.09609375
0 0.15390625 0.4578125 0.0765625 0.06953125
0 0.078125 0.40234375 0.12734375 0.15625
0 0.0421875 0.47265625 0.084375 0.1515625
0 0.103125 0.515625 0.115625 0.0890625
0 0.12109375 0.5796875 0.1421875 0.115625
0 0.24765625 0.646875 0.1109375 0.1296875
0 0.209375 0.5578125 0.10546875 0.0671875
0 0.12265625 0.6671875 0.1296875 0.1421875
0 0.228125 0.7671875 0.10078125 0.0765625
0 0.3328125 0.78125 0.1421875 0.1203125
0 0.271875 0.8578125 0.134375 0.09609375
0 0.2859375 0.9109375 0.125 0.10546875
0 0.07109375 0.84609375 0.0796875 0.0578125
0 0.1109375 0.8765625 0.10546875 0.0890625
0 0.19921875 0.83984375 0.1203125 0.1078125
0 0.04921875 0.921875 0.0984375 0.084375
0 0.02890625 0.8171875 0.0578125 0.15859375
0 0.12890625 0.78984375 0.1421875 0.09375
0 0.02890625 0.69375 0.0578125 0.0984375
0 0.02890625 0.59609375 0.0578125 0.10546875
0 0.0421875 0.32578125 0.084375 0.1421875
0 0.0359375 0.2171875 0.071875 0.0796875
0 0.83203125 0.41953125 0.178125 0.165625