0 0.965625 0.1515625 0.06875 0.125
0 0.95859375 0.29609375 0.0828125 0.115625
0 0.97734375 0.390625 0.0453125 0.053125
0 0.9796875 0.44609375 0.040625 0.078125
0 0.8859375 0.8078125 0.078125 0.078125
0 0.8609375 0.878125 0.0828125 0.071875
0 0.8078125 0.93828125 0.053125 0.046875
0 0.78515625 0.99375 0.0875 0.0125
0 0.2453125 0.99375 0.0625 0.0125
0 0.1015625 0.7765625 0.078125 0.090625
0 0.05390625 0.9296875 0.078125 0.125
0 0.16796875 0.09453125 0.0453125 0.0625
0 0.08671875 0.26640625 0.103125 0.0859375
0 0.25859375 0.04140625 0.084375 0.071875
0 0.321875 0.07421875 0.084375 0.078125
0 0.3640625 0.02421875 0.084375 0.046875
0 0.42734375 0.04140625 0.115625 0.0828125
0 0.55546875 0.0265625 0.15 0.053125
0 0.63828125 0.02421875 0.1 0.046875
0 0.74609375 0.03671875 0.1265625 0.071875
0 0.79921875 0.0625 0.115625 0.115625
0 0.8609375 0.10390625 0.103125 0.103125
0 0.88671875 0.18984375 0.084375 0.06875
0 0.91796875 0.6140625 0.0828125 0.096875
0 0.93828125 0.559375 0.053125 0.071875
0 0.86328125 0.684375 0.0578125 0.09375
0 0.0890625 0.66796875 0.078125 0.115625
0 0.05625 0.57890625 0.0625 0.0625
0 0.09453125 0.559375 0.0984375 0.0734375
0 0.1078125 0.47890625 0.10625 0.0984375
0 0.0890625 0.3890625 0.0984375 0.090625
0 0.23515625 0.85390625 0.0625 0.13125
0 0.30625 0.9484375 0.10625 0.078125
0 0.3390625 0.975 0.075 0.05
0 0.328125 0.8859375 0.0828125 0.078125
0 0.33046875 0.825 0.096875 0.0625
0 0.4109375 0.93828125 0.0828125 0.1234375
0 0.46875 0.95 0.0625 0.1
0 0.50234375 0.96953125 0.090625 0.059375
0 0.70234375 0.98359375 0.06875 0.0328125
0 0.671875 0.94609375 0.09375 0.0625
0 0.6140625 0.95390625 0.09375 0.06875
0 0.64296875 0.89609375 0.15 0.0578125
0 0.775 0.89921875 0.06875 0.084375
0 0.72734375 0.84765625 0.0890625 0.078125
0 0.46640625 0.86796875 0.1078125 0.053125
0 0.40546875 0.825 0.071875 0.071875
0 0.47578125 0.815625 0.078125 0.0625
0 0.54375 0.83203125 0.0890625 0.084375
0 0.63828125 0.82890625 0.1203125 0.090625
0 0.32421875 0.7703125 0.090625 0.0578125
0 0.171875 0.70703125 0.0625 0.078125
0 0.23203125 0.7375 0.078125 0.0828125
0 0.36171875 0.6359375 0.171875 0.246875
0 0.51484375 0.66328125 0.2515625 0.240625
0 0.70859375 0.6328125 0.165625 0.2515625
0 0.7484375 0.73984375 0.140625 0.184375
0 0.80546875 0.5390625 0.19375 0.2296875
0 0.89296875 0.55625 0.053125 0.0578125
0 0.8765625 0.39921875 0.1359375 0.1515625
0 0.8203125 0.3 0.209375 0.2140625
0 0.6109375 0.4109375 0.2515625 0.309375
0 0.628125 0.18828125 0.3515625 0.2609375
0 0.41328125 0.21953125 0.234375 0.3140625
0 0.39453125 0.4734375 0.265625 0.3
0 0.18828125 0.62578125 0.1203125 0.115625
0 0.20234375 0.51015625 0.103125 0.1203125
0 0.2 0.39453125 0.1078125 0.1203125
0 0.23359375 0.2765625 0.1265625 0.1359375
0 0.21875 0.18125 0.125 0.1109375
0 0.23125 0.09453125 0.090625 0.0828125