0 0.87109375 0.584375 0.11328125 0.08671875
0 0.9828125 0.5875 0.02421875 0.0265625
0 0.975 0.6234375 0.021875 0.021875
0 0.91796875 0.77421875 0.02421875 0.03828125
0 0.9828125 0.85078125 0.02421875 0.03828125
0 0.834375 0.803125 0.03828125 0.0671875
0 0.71484375 0.5984375 0.0984375 0.071875
0 0.48671875 0.4890625 0.13671875 0.09375
0 0.51796875 0.54453125 0.0171875 0.0171875
0 0.24765625 0.5328125 0.10078125 0.06953125
0 0.31875 0.53125 0.05546875 0.04296875
0 0.2703125 0.65390625 0.0359375 0.03828125
0 0.31640625 0.62734375 0.0359375 0.03828125
0 0.1671875 0.803125 0.0359375 0.04296875
0 0.1265625 0.85 0.11328125 0.05078125
0 0.18046875 0.87890625 0.01953125 0.0171875
0 0.209375 0.85078125 0.02421875 0.03828125
0 0.23828125 0.86171875 0.01953125 0.06015625
0 0.3328125 0.9734375 0.03125 0.04296875
0 0.0609375 0.43046875 0.09375 0.08203125
0 0.02734375 0.3890625 0.03125 0.04296875
0 0.2984375 0.3921875 0.1109375 0.08203125
0 0.259375 0.43046875 0.02421875 0.03828125
0 0.328125 0.4640625 0.05078125 0.04296875
0 0.72578125 0.4578125 0.01953125 0.0171875
0 0.7984375 0.3859375 0.0578125 0.06953125
0 0.8125 0.46171875 0.02421875 0.03828125
0 0.8125 0.5 0.02421875 0.02890625
0 0.8453125 0.50703125 0.0265625 0.03828125
0 0.87265625 0.45078125 0.0140625 0.0265625
0 0.9109375 0.45078125 0.053125 0.06953125
0 0.91484375 0.37734375 0.05546875 0.053125
0 0.71640625 0.4015625 0.02890625 0.02890625
0 0.7453125 0.41015625 0.02890625 0.03125
0 0.65234375 0.33046875 0.0359375 0.05078125
0 0.72578125 0.26953125 0.02421875 0.0765625
0 0.74765625 0.22109375 0.01953125 0.02890625
0 0.77890625 0.234375 0.0140625 0.03125
0 0.81640625 0.228125 0.01171875 0.03828125
0 0.8375 0.19375 0.0359375 0.0265625
0 0.85546875 0.24609375 0.01953125 0.021875
0 0.96171875 0.10078125 0.02890625 0.03828125
0 0.96875 0.178125 0.02890625 0.02890625
0 0.95078125 0.22109375 0.040625 0.02890625
0 0.915625 0.225 0.0140625 0.021875
0 0.9203125 0.14453125 0.02890625 0.03828125
0 0.8890625 0.11171875 0.009375 0.0171875
0 0.87734375 0.08203125 0.02890625 0.03359375
0 0.2078125 0.16328125 0.06484375 0.08671875
0 0.2484375 0.1859375 0.0265625 0.021875
0 0.2203125 0.225 0.021875 0.021875
0 0.21875 0.26953125 0.04296875 0.04296875
0 0.265625 0.2546875 0.0359375 0.03828125
0 0.28125 0.26796875 0.02421875 0.03125
0 0.2484375 0.30078125 0.05078125 0.03359375
0 0.240625 0.328125 0.02890625 0.021875
0 0.3453125 0.28984375 0.06484375 0.03125
0 0.421875 0.17421875 0.0359375 0.05546875
0 0.4890625 0.1703125 0.0453125 0.0765625
0 0.42890625 0.2234375 0.021875 0.03359375
0 0.02734375 0.2984375 0.0546875 0.071875
0 0.03515625 0.16953125 0.06953125 0.06484375
0 0.0203125 0.103125 0.040625 0.0765625
0 0.05390625 0.10078125 0.0359375 0.0484375
0 0.11640625 0.1875 0.0359375 0.04296875
0 0.12890625 0.13203125 0.0359375 0.04296875
0 0.12890625 0.071875 0.03125 0.04296875
0 0.1546875 0.14765625 0.0265625 0.05546875
0 0.29921875 0.1828125 0.021875 0.0484375
0 0.29921875 0.1203125 0.021875 0.03359375
0 0.34609375 0.0890625 0.0578125 0.04296875
0 0.4078125 0.103125 0.021875 0.03359375
0 0.3796875 0.15 0.01953125 0.0171875
0 0.446875 0.09609375 0.0140625 0.0484375
0 0.475 0.06875 0.0171875 0.0265625
0 0.509375 0.11328125 0.02890625 0.03828125
0 0.53828125 0.0734375 0.04296875 0.06015625
0 0.571875 0.1046875 0.0140625 0.021875
0 0.57421875 0.13671875 0.02890625 0.03359375
0 0.5984375 0.103125 0.01953125 0.04296875
0 0.603125 0.1828125 0.02890625 0.0484375
0 0.634375 0.17578125 0.02421875 0.04296875
0 0.65625 0.2015625 0.01953125 0.03359375
0 0.74140625 0.171875 0.0796875 0.06015625
0 0.7984375 0.1421875 0.03359375 0.053125
0 0.71640625 0.115625 0.071875 0.0765625
0 0.73203125 0.03828125 0.06484375 0.053125
0 0.6046875 0.02890625 0.0359375 0.04296875
0 0.3859375 0.35546875 0.021875 0.009375
0 0.49609375 0.421875 0.0171875 0.021875
0 0.50625 0.36875 0.021875 0.0171875
0 0.5328125 0.36171875 0.0171875 0.021875
0 0.14453125 0.57109375 0.03359375 0.05078125