0 0.32734375 0.87578125 0.2109375 0.16875
0 0.2859375 0.7421875 0.1921875 0.0625
0 0.12890625 0.66640625 0.2578125 0.1421875
0 0.409375 0.68984375 0.15625 0.059375
0 0.465625 0.64609375 0.096875 0.1
0 0.53359375 0.6125 0.190625 0.0640625
0 0.5296875 0.76328125 0.08125 0.13125
0 0.7421875 0.7515625 0.146875 0.06875
0 0.79921875 0.6859375 0.15 0.1203125
0 0.91953125 0.74609375 0.159375 0.090625
0 0.78203125 0.53984375 0.35625 0.165625
0 0.6 0.471875 0.1375 0.146875
0 0.140625 0.50703125 0.2328125 0.1578125
0 0.02265625 0.30078125 0.0453125 0.1
0 0.0125 0.23984375 0.025 0.0640625
0 0.0125 0.125 0.025 0.171875
0 0.18828125 0.0171875 0.125 0.034375
0 0.19140625 0.121875 0.2703125 0.103125
0 0.38515625 0.140625 0.165625 0.071875
0 0.45078125 0.18984375 0.125 0.053125
0 0.26640625 0.23515625 0.2703125 0.0859375
0 0.1671875 0.29921875 0.1203125 0.06875
0 0.3328125 0.26328125 0.290625 0.1203125
0 0.4453125 0.29296875 0.146875 0.1
0 0.2953125 0.3703125 0.3078125 0.140625
0 0.1296875 0.38671875 0.13125 0.125
0 0.58671875 0.21640625 0.0453125 0.059375
0 0.51328125 0.2390625 0.08125 0.078125
0 0.425 0.04140625 0.234375 0.0828125
0 0.60546875 0.07734375 0.2859375 0.1546875
0 0.84609375 0.22578125 0.13125 0.078125
0 0.88125 0.33046875 0.2109375 0.1
0 0.68828125 0.3609375 0.140625 0.090625
0 0.95625 0.29140625 0.071875 0.03125
0 0.98515625 0.4625 0.0296875 0.053125
0 0.9078125 0.49609375 0.0453125 0.025
0 0.90234375 0.09765625 0.1953125 0.140625
0 0.7875 0.0765625 0.146875 0.140625