0 0.6921875 0.603125 0.334375 0.271875
0 0.8375 0.56015625 0.325 0.4015625
0 0.8 0.81796875 0.4 0.1671875
0 0.49609375 0.71640625 0.225 0.30625
0 0.478125 0.5703125 0.1921875 0.35625
0 0.359375 0.53046875 0.2515625 0.190625
0 0.35703125 0.2046875 0.565625 0.365625
0 0.184375 0.2234375 0.36875 0.315625
0 0.15234375 0.39765625 0.20625 0.2484375
0 0.103125 0.04375 0.20625 0.0875
0 0.5234375 0.17734375 0.6921875 0.3546875
0 0.86328125 0.215625 0.2734375 0.43125
0 0.89609375 0.4203125 0.2078125 0.275