0 0.28359375 0.77734375 0.178125 0.1625
0 0.32734375 0.89921875 0.08125 0.053125
0 0.35234375 0.81953125 0.0671875 0.021875
0 0.403125 0.83359375 0.05 0.065625
0 0.35859375 0.7671875 0.065625 0.053125
0 0.42265625 0.90546875 0.0546875 0.0296875
0 0.5 0.84609375 0.065625 0.059375
0 0.52734375 0.8296875 0.04375 0.053125
0 0.52734375 0.94140625 0.11875 0.071875
0 0.56875 0.865625 0.1375 0.175
0 0.66015625 0.84296875 0.08125 0.09375
0 0.609375 0.89765625 0.1 0.0546875
0 0.71875 0.78359375 0.04375 0.0796875
0 0.7328125 0.8359375 0.071875 0.040625
0 0.7671875 0.86796875 0.078125 0.075
0 0.66640625 0.75390625 0.040625 0.01875
0 0.61796875 0.76015625 0.0171875 0.0125
0 0.609375 0.69375 0.065625 0.0796875
0 0.55703125 0.73984375 0.059375 0.0671875
0 0.4703125 0.6828125 0.1140625 0.121875
0 0.31953125 0.61328125 0.20625 0.140625
0 0.26953125 0.53359375 0.0671875 0.046875
0 0.27734375 0.43046875 0.1375 0.134375
0 0.4375 0.4640625 0.1140625 0.15625
0 0.440625 0.50234375 0.175 0.278125
0 0.5609375 0.57578125 0.121875 0.3
0 0.2734375 0.2875 0.16875 0.1375
0 0.2265625 0.28828125 0.065625 0.0296875
0 0.3765625 0.17421875 0.25625 0.3484375
0 0.49765625 0.10546875 0.040625 0.028125
0 0.4875 0.25234375 0.0546875 0.1265625
0 0.50625 0.31953125 0.078125 0.0875
0 0.58203125 0.2515625 0.1640625 0.19375
0 0.58203125 0.37421875 0.1 0.13125
0 0.65703125 0.40546875 0.06875 0.153125
0 0.690625 0.434375 0.13125 0.190625
0 0.69765625 0.5140625 0.0671875 0.03125
0 0.66640625 0.571875 0.09375 0.084375
0 0.7265625 0.6171875 0.05 0.065625
0 0.7 0.696875 0.071875 0.09375
0 0.79375 0.77734375 0.09375 0.10625
0 0.82109375 0.665625 0.09375 0.1625
0 0.80078125 0.60859375 0.1 0.1125
0 0.79453125 0.50859375 0.078125 0.1125
0 0.853125 0.5421875 0.040625 0.015625
0 0.90546875 0.5625 0.0546875 0.05
0 0.95 0.60546875 0.05 0.0265625
0 0.871875 0.63671875 0.078125 0.1046875
0 0.88203125 0.475 0.0875 0.1
0 0.94765625 0.45546875 0.0546875 0.01875
0 0.840625 0.3546875 0.1046875 0.0921875
0 0.78359375 0.340625 0.0546875 0.06875
0 0.74375 0.4375 0.1046875 0.1390625
0 0.7875 0.24609375 0.0921875 0.09375
0 0.725 0.27890625 0.0421875 0.06875
0 0.68046875 0.25625 0.0421875 0.0796875
0 0.6890625 0.14765625 0.1140625 0.140625
0 0.7640625 0.10859375 0.04375 0.0625
0 0.63125 0.053125 0.13125 0.10625