0 0.04609375 0.53671875 0.0921875 0.9265625
0 0.0515625 0.25234375 0.103125 0.478125
0 0.06015625 0.21328125 0.1109375 0.4265625
0 0.17265625 0.540625 0.1609375 0.91875
0 0.19609375 0.24609375 0.1296875 0.4609375
0 0.215625 0.20390625 0.115625 0.4078125
0 0.33515625 0.53671875 0.1609375 0.915625
0 0.3515625 0.25 0.1234375 0.4734375
0 0.3671875 0.2015625 0.1078125 0.403125
0 0.50234375 0.53671875 0.1640625 0.915625
0 0.49609375 0.25390625 0.15625 0.45625
0 0.49921875 0.17734375 0.1453125 0.3546875
0 0.66953125 0.53671875 0.165625 0.915625
0 0.6421875 0.24765625 0.115625 0.46875
0 0.62734375 0.2015625 0.1078125 0.403125
0 0.834375 0.53671875 0.1796875 0.9265625
0 0.7984375 0.25625 0.140625 0.471875
0 0.78046875 0.21328125 0.11875 0.4265625
0 0.94375 0.19609375 0.103125 0.3921875
0 0.9515625 0.25546875 0.096875 0.4765625
0 0.95390625 0.53125 0.0921875 0.9375