0 0.70234375 0.53046875 0.1125 0.74375
0 0.75703125 0.57421875 0.065625 0.7
0 0.5984375 0.47109375 0.125 0.7265625
0 0.46484375 0.490625 0.14375 0.809375
0 0.51796875 0.74609375 0.065625 0.33125
0 0.5671875 0.79140625 0.0515625 0.275
0 0.6109375 0.90703125 0.0515625 0.078125
0 0.52890625 0.9265625 0.04375 0.0484375
0 0.484375 0.91328125 0.0375 0.021875
0 0.43203125 0.7828125 0.0625 0.3609375
0 0.3609375 0.76953125 0.06875 0.34375
0 0.33671875 0.50859375 0.121875 0.778125
0 0.3265625 0.92890625 0.04375 0.04375
0 0.22578125 0.54140625 0.115625 0.73125
0 0.1671875 0.571875 0.08125 0.68125
0 0.19765625 0.915625 0.059375 0.0515625
0 0.24609375 0.8328125 0.04375 0.2265625