0 0.5109375 0.95625 0.09375 0.059375
0 0.62734375 0.09609375 0.346875 0.171875
0 0.5984375 0.25234375 0.26875 0.121875
0 0.57890625 0.38359375 0.221875 0.096875
0 0.5640625 0.49375 0.190625 0.09375
0 0.55859375 0.60078125 0.16875 0.075
0 0.55078125 0.69765625 0.165625 0.08125
0 0.54765625 0.7875 0.1484375 0.0703125
0 0.53359375 0.8765625 0.13125 0.059375
0 0.06640625 0.94921875 0.084375 0.053125
0 0.0828125 0.8765625 0.115625 0.059375
0 0.09375 0.79375 0.1484375 0.078125
0 0.0984375 0.7 0.1578125 0.075
0 0.1015625 0.603125 0.175 0.08125
0 0.11640625 0.5015625 0.19375 0.090625
0 0.1296875 0.3859375 0.221875 0.1015625
0 0.14453125 0.25234375 0.26875 0.121875
0 0.18203125 0.08984375 0.3640625 0.165625