0 0.89453125 0.74609375 0.2015625 0.4109375
0 0.9515625 0.9484375 0.09140625 0.09375
0 0.7703125 0.93984375 0.2046875 0.1109375
0 0.67421875 0.7296875 0.2328125 0.4203125
0 0.53828125 0.9546875 0.1828125 0.08203125
0 0.30859375 0.9484375 0.18515625 0.09375
0 0.0875 0.95078125 0.175 0.0890625
0 0.44609375 0.74140625 0.2234375 0.4203125
0 0.209375 0.76171875 0.22109375 0.40859375
0 0.0453125 0.74375 0.090625 0.415625
0 0.95703125 0.45703125 0.08203125 0.35546875
0 0.9046875 0.1671875 0.18515625 0.334375
0 0.7984375 0.46875 0.23046875 0.35546875
0 0.5671875 0.4796875 0.22578125 0.34375
0 0.33671875 0.48046875 0.22109375 0.3609375
0 0.109375 0.48046875 0.21875 0.35078125
0 0.234375 0.17578125 0.228125 0.35078125
0 0.4640625 0.16953125 0.22109375 0.3390625
0 0.69609375 0.16484375 0.2234375 0.3296875
0 0.0609375 0.175 0.121875 0.35