0 0.8890625 0.1390625 0.0625 0.21640625
0 0.90390625 0.3578125 0.053125 0.1203125
0 0.72734375 0.16484375 0.13671875 0.1421875
0 0.51796875 0.115625 0.06484375 0.125
0 0.33984375 0.1109375 0.07421875 0.115625
0 0.13125 0.09765625 0.06484375 0.084375
0 0.13203125 0.21640625 0.1734375 0.0578125
0 0.30078125 0.25703125 0.1296875 0.115625
0 0.52890625 0.28125 0.21171875 0.125
0 0.7796875 0.40234375 0.13671875 0.165625
0 0.8171875 0.56640625 0.1828125 0.19921875
0 0.78515625 0.80078125 0.13671875 0.196875
0 0.89921875 0.86875 0.115625 0.15625
0 0.6359375 0.89296875 0.13203125 0.0890625
0 0.6 0.5046875 0.0890625 0.1921875
0 0.46875 0.56875 0.0765625 0.19453125
0 0.3546875 0.4328125 0.146875 0.178125
0 0.484375 0.7921875 0.24765625 0.2046875
0 0.35703125 0.89765625 0.1515625 0.0984375
0 0.16796875 0.85 0.1203125 0.1515625
0 0.115625 0.66484375 0.115625 0.13671875
0 0.2953125 0.6390625 0.10078125 0.1203125
0 0.1546875 0.44453125 0.1609375 0.16796875