0 0.9375 0.38125 0.10078125 0.56953125
0 0.87265625 0.4640625 0.1390625 0.59140625
0 0.74765625 0.56484375 0.14453125 0.6203125
0 0.61875 0.65390625 0.17578125 0.6390625
0 0.61328125 0.26953125 0.10078125 0.365625
0 0.70703125 0.35078125 0.09609375 0.35546875
0 0.77890625 0.28828125 0.09140625 0.384375
0 0.5 0.5625 0.14921875 0.625
0 0.5421875 0.2125 0.07421875 0.0984375
0 0.4359375 0.265625 0.084375 0.3484375
0 0.3703125 0.45703125 0.16328125 0.59609375
0 0.2703125 0.38828125 0.12734375 0.584375