0 0.8609375 0.94375 0.159375 0.1125
0 0.94140625 0.88515625 0.1171875 0.13125
0 0.96328125 0.9609375 0.071875 0.078125
0 0.6921875 0.9578125 0.11875 0.084375
0 0.68515625 0.88125 0.134375 0.0703125
0 0.7578125 0.86875 0.134375 0.10625
0 0.85546875 0.7796875 0.153125 0.1484375
0 0.94609375 0.80859375 0.1078125 0.1015625
0 0.9265625 0.7046875 0.146875 0.115625
0 0.921875 0.56640625 0.15625 0.175
0 0.91796875 0.421875 0.1640625 0.171875
0 0.83984375 0.24765625 0.221875 0.125
0 0.96328125 0.2578125 0.071875 0.18125
0 0.89453125 0.1015625 0.16875 0.11875
0 0.95546875 0.11328125 0.0875 0.175
0 0.74765625 0.1484375 0.115625 0.125
0 0.76171875 0.0546875 0.0859375 0.109375
0 0.8890625 0.025 0.16875 0.05
0 0.68203125 0.31484375 0.134375 0.171875
0 0.67578125 0.446875 0.10625 0.096875
0 0.72265625 0.51953125 0.090625 0.08125
0 0.79296875 0.525 0.090625 0.08125
0 0.75625 0.5875 0.159375 0.08125
0 0.803125 0.6546875 0.1125 0.1125
0 0.72265625 0.678125 0.090625 0.096875
0 0.7515625 0.77109375 0.1015625 0.11875
0 0.671875 0.78671875 0.134375 0.13125
0 0.025 0.03515625 0.05 0.0703125
0 0.0828125 0.0296875 0.0875 0.059375
0 0.16796875 0.02109375 0.090625 0.040625
0 0.23984375 0.015625 0.053125 0.03125
0 0.3140625 0.01796875 0.078125 0.0359375
0 0.37265625 0.0296875 0.0390625 0.059375
0 0.4234375 0.01328125 0.08125 0.025
0 0.56796875 0.16171875 0.109375 0.171875
0 0.68515625 0.115625 0.103125 0.1796875
0 0.4828125 0.07265625 0.153125 0.13125
0 0.55078125 0.0328125 0.175 0.065625
0 0.70859375 0.0375 0.1421875 0.075
0 0.3765625 0.115625 0.090625 0.1015625
0 0.3046875 0.109375 0.125 0.06875
0 0.2890625 0.1703125 0.11875 0.075
0 0.3984375 0.21875 0.140625 0.125
0 0.4828125 0.2046875 0.096875 0.096875
0 0.4 0.33203125 0.159375 0.090625
0 0.55234375 0.28671875 0.134375 0.115625
0 0.44375 0.78671875 0.2 0.13125
0 0.3921875 0.86953125 0.1171875 0.06875
0 0.4765625 0.91953125 0.11875 0.140625
0 0.40625 0.9375 0.134375 0.125
0 0.3265625 0.93203125 0.1125 0.125
0 0.453125 0.63125 0.11875 0.159375
0 0.55703125 0.6171875 0.13125 0.11875
0 0.58359375 0.52734375 0.13125 0.14375
0 0.52890625 0.43125 0.13125 0.096875
0 0.478125 0.4703125 0.184375 0.153125
0 0.30234375 0.46640625 0.109375 0.134375
0 0.2734375 0.57265625 0.084375 0.11875
0 0.3609375 0.63046875 0.090625 0.084375
0 0.3046875 0.6953125 0.078125 0.115625
0 0.1796875 0.0875 0.125 0.090625
0 0.1859375 0.16796875 0.096875 0.1015625
0 0.05625 0.11953125 0.1125 0.06875
0 0.0953125 0.178125 0.1125 0.0703125
0 0.01953125 0.2046875 0.0390625 0.096875
0 0.08046875 0.2671875 0.13125 0.10625
0 0.1640625 0.34765625 0.196875 0.159375
0 0.27734375 0.2953125 0.153125 0.14375
0 0.109375 0.396875 0.134375 0.096875
0 0.20078125 0.484375 0.134375 0.103125
0 0.09140625 0.46484375 0.084375 0.075
0 0.0390625 0.4046875 0.078125 0.16875
0 0.04921875 0.5265625 0.0984375 0.096875
0 0.06640625 0.59609375 0.1328125 0.125
0 0.19296875 0.66953125 0.11875 0.140625
0 0.15078125 0.57265625 0.115625 0.071875
0 0.0640625 0.69140625 0.128125 0.153125
0 0.171875 0.79921875 0.109375 0.084375
0 0.28515625 0.81484375 0.153125 0.13125
0 0.21875 0.8984375 0.146875 0.103125
0 0.234375 0.94921875 0.134375 0.1015625
0 0.021875 0.884375 0.04375 0.0625
0 0.05078125 0.91796875 0.1015625 0.096875
0 0.140625 0.87890625 0.13125 0.1171875
0 0.015625 0.9609375 0.03125 0.078125
0 0.0703125 0.82421875 0.140625 0.1015625
0 0.82578125 0.4234375 0.19375 0.1796875