0 0.1125 0.98359375 0.134375 0.0328125
0 0.2671875 0.97578125 0.121875 0.0484375
0 0.81171875 0.91875 0.0828125 0.0828125
0 0.88671875 0.89140625 0.078125 0.0875
0 0.95078125 0.8359375 0.05 0.05625
0 0.778125 0.084375 0.096875 0.0828125
0 0.9375 0.0375 0.125 0.075
0 0.05234375 0.15546875 0.0671875 0.0484375
0 0.23515625 0.06796875 0.090625 0.109375
0 0.0171875 0.2515625 0.034375 0.090625
0 0.0359375 0.31796875 0.071875 0.090625
0 0.0203125 0.43046875 0.040625 0.121875
0 0.01484375 0.7703125 0.0296875 0.134375
0 0.040625 0.82578125 0.08125 0.1234375
0 0.0625 0.89140625 0.109375 0.109375
0 0.15390625 0.91953125 0.071875 0.090625
0 0.60546875 0.953125 0.103125 0.0890625
0 0.546875 0.9734375 0.078125 0.053125
0 0.68046875 0.89453125 0.1 0.0625
0 0.66328125 0.07109375 0.121875 0.0828125
0 0.56796875 0.0359375 0.0671875 0.0671875
0 0.546875 0.0765625 0.078125 0.103125
0 0.4609375 0.090625 0.103125 0.1125
0 0.36640625 0.07109375 0.096875 0.103125
0 0.8609375 0.22578125 0.1390625 0.0671875
0 0.96015625 0.3015625 0.0796875 0.1125
0 0.98125 0.33671875 0.0375 0.08125
0 0.89453125 0.325 0.0828125 0.0875
0 0.83046875 0.32734375 0.0671875 0.103125
0 0.9421875 0.41328125 0.115625 0.0875
0 0.9546875 0.47421875 0.090625 0.0671875
0 0.97578125 0.5109375 0.0484375 0.096875
0 0.990625 0.7234375 0.01875 0.071875
0 0.95859375 0.69140625 0.0671875 0.1
0 0.965625 0.62890625 0.06875 0.0984375
0 0.90546875 0.66015625 0.0625 0.1609375
0 0.909375 0.80078125 0.090625 0.071875
0 0.85390625 0.75 0.0828125 0.09375
0 0.87578125 0.471875 0.05625 0.115625
0 0.83046875 0.4078125 0.078125 0.078125
0 0.81953125 0.4828125 0.0671875 0.0828125
0 0.83671875 0.5546875 0.090625 0.09375
0 0.834375 0.65546875 0.096875 0.128125
0 0.77109375 0.32109375 0.0625 0.096875
0 0.7046875 0.159375 0.0828125 0.0671875
0 0.73671875 0.2234375 0.0875 0.0828125
0 0.628125 0.3609375 0.2625 0.18125
0 0.6578125 0.52421875 0.25625 0.2671875
0 0.62578125 0.7296875 0.2671875 0.1765625
0 0.7390625 0.77265625 0.1953125 0.15
0 0.52578125 0.8328125 0.24375 0.20625
0 0.54375 0.9265625 0.0625 0.05625
0 0.37734375 0.909375 0.159375 0.1453125
0 0.27109375 0.84921875 0.228125 0.221875
0 0.3890625 0.62578125 0.328125 0.2671875
0 0.15234375 0.64453125 0.278125 0.375
0 0.1859375 0.415625 0.334375 0.2484375
0 0.45625 0.39609375 0.31875 0.284375
0 0.61796875 0.1765625 0.121875 0.128125
0 0.49453125 0.19140625 0.128125 0.109375
0 0.371875 0.18828125 0.128125 0.115625
0 0.24609375 0.22421875 0.14375 0.134375
0 0.14453125 0.20859375 0.11875 0.134375
0 0.05234375 0.221875 0.0875 0.096875