0 0.91484375 0.89296875 0.11875 0.15625
0 0.85234375 0.95703125 0.1296875 0.0859375
0 0.93125 0.97890625 0.084375 0.0421875
0 0.934375 0.7265625 0.1 0.11875
0 0.84921875 0.71875 0.06875 0.134375
0 0.83671875 0.79140625 0.10625 0.134375
0 0.7484375 0.8875 0.146875 0.153125
0 0.77734375 0.9625 0.1 0.075
0 0.675 0.94296875 0.1125 0.1140625
0 0.5375 0.93828125 0.171875 0.1234375
0 0.39453125 0.934375 0.1703125 0.13125
0 0.221875 0.87265625 0.1234375 0.21875
0 0.23125 0.97890625 0.18125 0.0421875
0 0.07734375 0.92109375 0.11875 0.15625
0 0.08828125 0.97109375 0.1734375 0.0578125
0 0.1234375 0.78125 0.1234375 0.1140625
0 0.0421875 0.79453125 0.084375 0.0859375
0 0.0125 0.91875 0.025 0.1625
0 0.28828125 0.71640625 0.1703125 0.134375
0 0.41875 0.71015625 0.0953125 0.10625
0 0.490625 0.75625 0.0796875 0.090625
0 0.49609375 0.82578125 0.0796875 0.090625
0 0.5578125 0.78984375 0.0796875 0.15625
0 0.625 0.83671875 0.1109375 0.1109375
0 0.6484375 0.75625 0.0953125 0.090625
0 0.73984375 0.78515625 0.11875 0.1
0 0.75546875 0.70625 0.128125 0.134375
0 0.0234375 0.05390625 0.046875 0.071875
0 0.01796875 0.1234375 0.0359375 0.0875
0 0.009375 0.2078125 0.01875 0.090625
0 0.00625 0.353125 0.0125 0.078125
0 0.01796875 0.4109375 0.0359375 0.0375
0 0.13671875 0.603125 0.1703125 0.109375
0 0.09140625 0.71875 0.178125 0.103125
0 0.05703125 0.51953125 0.1125 0.153125
0 0.0203125 0.5859375 0.040625 0.171875
0 0.02578125 0.74375 0.0515625 0.140625
0 0.09140625 0.41328125 0.1 0.090625
0 0.08515625 0.34296875 0.0671875 0.1234375
0 0.1453125 0.32734375 0.075 0.11875
0 0.19296875 0.4359375 0.1234375 0.1390625
0 0.17890625 0.51953125 0.0953125 0.0953125
0 0.30546875 0.43671875 0.090625 0.15625
0 0.26015625 0.5875 0.1125 0.134375
0 0.75546875 0.48046875 0.128125 0.1984375
0 0.8375 0.42890625 0.0671875 0.115625
0 0.88671875 0.5125 0.1390625 0.11875
0 0.91015625 0.44296875 0.134375 0.134375
0 0.89921875 0.36484375 0.1234375 0.1109375
0 0.6015625 0.48984375 0.15625 0.11875
0 0.5875 0.59296875 0.11875 0.128125
0 0.4984375 0.61875 0.140625 0.128125
0 0.403125 0.5640625 0.0953125 0.128125
0 0.4421875 0.5140625 0.153125 0.1828125
0 0.43828125 0.33984375 0.134375 0.109375
0 0.54375 0.31171875 0.11875 0.0828125
0 0.60078125 0.3984375 0.0828125 0.090625
0 0.66484375 0.34296875 0.1125 0.078125
0 0.06328125 0.21875 0.090625 0.1234375
0 0.14296875 0.22578125 0.1 0.0953125
0 0.08359375 0.0140625 0.115625 0.028125
0 0.0953125 0.0875 0.0671875 0.128125
0 0.153125 0.13515625 0.06875 0.1109375
0 0.17890625 0.05390625 0.0953125 0.0515625
0 0.240625 0.12109375 0.10625 0.128125
0 0.32109375 0.20390625 0.15625 0.196875
0 0.26953125 0.315625 0.140625 0.153125
0 0.36953125 0.14921875 0.0953125 0.134375
0 0.45625 0.23984375 0.103125 0.134375
0 0.43671875 0.13125 0.075 0.0828125
0 0.37734375 0.059375 0.1671875 0.11875
0 0.4515625 0.028125 0.1625 0.05625
0 0.4984375 0.07734375 0.0953125 0.1234375
0 0.5671875 0.096875 0.1234375 0.153125
0 0.6390625 0.23203125 0.1390625 0.11875
0 0.54375 0.190625 0.071875 0.1125
0 0.6609375 0.09765625 0.153125 0.1390625
0 0.76796875 0.21171875 0.0828125 0.109375
0 0.78359375 0.3234375 0.128125 0.153125
0 0.865625 0.2578125 0.103125 0.14375
0 0.92265625 0.2734375 0.1125 0.134375
0 0.85234375 0.0421875 0.0609375 0.084375
0 0.88515625 0.08515625 0.0953125 0.1125
0 0.846875 0.18046875 0.115625 0.128125
0 0.934375 0.0359375 0.090625 0.071875
0 0.821875 0.0140625 0.1703125 0.028125
0 0.7921875 0.1046875 0.1 0.153125
0 0.6890625 0.0140625 0.10625 0.028125
0 0.58515625 0.0140625 0.1125 0.028125
0 0.29453125 0.028125 0.1515625 0.05625
0 0.17890625 0.021875 0.084375 0.04375
0 0.3953125 0.85859375 0.178125 0.190625