0 0.69609375 0.79296875 0.18125 0.1640625
0 0.65234375 0.915625 0.0828125 0.053125
0 0.6265625 0.83515625 0.06875 0.021875
0 0.575 0.84921875 0.05 0.065625
0 0.6203125 0.7828125 0.065625 0.053125
0 0.55546875 0.921875 0.05625 0.03125
0 0.47734375 0.86171875 0.065625 0.059375
0 0.45 0.8453125 0.0453125 0.053125
0 0.45 0.95859375 0.1203125 0.0734375
0 0.40859375 0.88203125 0.1375 0.175
0 0.315625 0.859375 0.0828125 0.0953125
0 0.3671875 0.91484375 0.1 0.05625
0 0.25625 0.79921875 0.0453125 0.0796875
0 0.2421875 0.8515625 0.071875 0.040625
0 0.20703125 0.884375 0.078125 0.075
0 0.309375 0.76875 0.040625 0.0203125
0 0.3578125 0.775 0.01875 0.0125
0 0.3671875 0.70859375 0.065625 0.08125
0 0.41953125 0.7546875 0.059375 0.06875
0 0.5078125 0.696875 0.115625 0.1234375
0 0.659375 0.6265625 0.209375 0.14375
0 0.71015625 0.54609375 0.06875 0.046875
0 0.70234375 0.4421875 0.1375 0.1359375
0 0.53984375 0.47578125 0.115625 0.159375
0 0.5375 0.51484375 0.175 0.28125
0 0.415625 0.5890625 0.1234375 0.303125
0 0.70625 0.29765625 0.171875 0.1375
0 0.75390625 0.29921875 0.065625 0.03125
0 0.6015625 0.1796875 0.259375 0.359375
0 0.4796875 0.1140625 0.040625 0.028125
0 0.48984375 0.2625 0.05625 0.128125
0 0.47109375 0.33046875 0.078125 0.0875
0 0.39453125 0.2609375 0.165625 0.196875
0 0.39453125 0.3859375 0.1 0.1328125
0 0.31875 0.4171875 0.0703125 0.15625
0 0.28515625 0.44609375 0.1328125 0.19375
0 0.27734375 0.5265625 0.06875 0.0328125
0 0.309375 0.58515625 0.0953125 0.084375
0 0.2484375 0.63046875 0.05 0.065625
0 0.275 0.7109375 0.071875 0.0953125
0 0.18125 0.79296875 0.0953125 0.1078125
0 0.153125 0.6796875 0.0953125 0.1625
0 0.1734375 0.621875 0.1 0.1125
0 0.1796875 0.52109375 0.078125 0.1125
0 0.1203125 0.55546875 0.040625 0.015625
0 0.06796875 0.575 0.05625 0.05
0 0.02421875 0.61953125 0.046875 0.028125
0 0.1015625 0.65078125 0.078125 0.10625
0 0.09140625 0.4875 0.0875 0.1
0 0.0265625 0.4671875 0.053125 0.0203125
0 0.1328125 0.365625 0.10625 0.09375
0 0.190625 0.3515625 0.05625 0.0703125
0 0.23125 0.45 0.10625 0.140625
0 0.1875 0.25625 0.09375 0.0953125
0 0.25 0.2890625 0.04375 0.0703125
0 0.2953125 0.26640625 0.04375 0.08125
0 0.28671875 0.15703125 0.115625 0.14375
0 0.2109375 0.1171875 0.0453125 0.0625
0 0.3453125 0.0578125 0.1328125 0.115625