0 0.96875 0.9484375 0.053125 0.09375
0 0.921875 0.8140625 0.0453125 0.06484375
0 0.9 0.92890625 0.1078125 0.13203125
0 0.79921875 0.91015625 0.1703125 0.1703125
0 0.60703125 0.94609375 0.15625 0.0984375
0 0.7046875 0.91796875 0.08203125 0.15390625
0 0.453125 0.93515625 0.1609375 0.1203125
0 0.53828125 0.88671875 0.09609375 0.16328125
0 0.63203125 0.796875 0.134375 0.18046875
0 0.79296875 0.7359375 0.16328125 0.15859375
0 0.94375 0.7015625 0.1078125 0.125
0 0.8640625 0.63125 0.084375 0.09375
0 0.95078125 0.5796875 0.09375 0.16328125
0 0.9578125 0.453125 0.0796875 0.1421875
0 0.81875 0.4015625 0.146875 0.125
0 0.93984375 0.1390625 0.115625 0.16796875
0 0.8296875 0.19375 0.10078125 0.18046875
0 0.76953125 0.084375 0.10078125 0.15859375
0 0.72578125 0.13671875 0.1109375 0.196875
0 0.71875 0.4671875 0.10078125 0.18046875
0 0.76796875 0.553125 0.09375 0.0765625
0 0.7859375 0.62890625 0.115625 0.1078125
0 0.67890625 0.6046875 0.06953125 0.103125
0 0.59609375 0.66328125 0.1203125 0.125
0 0.509375 0.634375 0.09609375 0.1203125
0 0.4796875 0.80625 0.103125 0.2328125
0 0.39921875 0.68125 0.10078125 0.18046875
0 0.396875 0.77265625 0.0625 0.06953125
0 0.35234375 0.9265625 0.09375 0.13671875
0 0.296875 0.83046875 0.05078125 0.1078125
0 0.29921875 0.74296875 0.05546875 0.1203125
0 0.1734375 0.77421875 0.1921875 0.321875
0 0.02890625 0.38203125 0.0578125 0.16328125
0 0.19375 0.259375 0.25703125 0.4421875
0 0.36875 0.06875 0.18984375 0.13671875
0 0.50234375 0.06875 0.0671875 0.13671875
0 0.0640625 0.040625 0.071875 0.08125
0 0.025 0.18046875 0.05 0.0765625
0 0.03828125 0.62109375 0.0765625 0.13671875
0 0.146875 0.546875 0.178125 0.1515625
0 0.0109375 0.73203125 0.021875 0.05546875
0 0.25 0.5359375 0.02890625 0.0671875
0 0.28125 0.4640625 0.08203125 0.053125
0 0.33203125 0.57109375 0.09140625 0.13671875
0 0.3953125 0.47578125 0.0796875 0.1296875
0 0.396875 0.3796875 0.1203125 0.14921875
0 0.5109375 0.37734375 0.13203125 0.15390625
0 0.5 0.45703125 0.1390625 0.16796875
0 0.46484375 0.5296875 0.084375 0.0984375
0 0.6359375 0.47578125 0.15625 0.20703125
0 0.63671875 0.21640625 0.134375 0.09140625
0 0.646875 0.1109375 0.09609375 0.1203125