0 0.64453125 0.09140625 0.203125 0.1625
0 0.684375 0.21953125 0.184375 0.059375
0 0.85625 0.29140625 0.2875 0.1359375
0 0.56640625 0.26953125 0.1484375 0.05625
0 0.5125 0.31171875 0.0921875 0.09375
0 0.44765625 0.34375 0.18125 0.0625
0 0.4515625 0.1984375 0.0765625 0.125
0 0.24765625 0.21015625 0.140625 0.065625
0 0.1921875 0.2734375 0.14375 0.115625
0 0.0765625 0.215625 0.153125 0.0875
0 0.20859375 0.4125 0.340625 0.159375
0 0.38359375 0.478125 0.13125 0.140625
0 0.82421875 0.44453125 0.2234375 0.1515625
0 0.97578125 0.50625 0.0484375 0.1359375
0 0.9578125 0.6421875 0.084375 0.09375
0 0.96796875 0.7 0.0640625 0.0625
0 0.96796875 0.81015625 0.0640625 0.1640625
0 0.88359375 0.96796875 0.2078125 0.053125
0 0.778125 0.92578125 0.1203125 0.05625
0 0.77578125 0.8140625 0.259375 0.1
0 0.58984375 0.79609375 0.159375 0.06875
0 0.5265625 0.7484375 0.1203125 0.0515625
0 0.70390625 0.70546875 0.259375 0.08125
0 0.7984375 0.64375 0.115625 0.065625
0 0.63984375 0.678125 0.2796875 0.115625
0 0.53203125 0.65 0.140625 0.09375
0 0.67578125 0.57578125 0.29375 0.1359375
0 0.834375 0.56015625 0.125 0.1203125
0 0.39609375 0.7234375 0.04375 0.05625
0 0.46640625 0.7015625 0.0765625 0.075
0 0.5515625 0.91171875 0.225 0.1203125
0 0.378125 0.86640625 0.275 0.16875
0 0.14765625 0.7140625 0.125 0.075
0 0.1140625 0.6140625 0.203125 0.09375
0 0.2984375 0.584375 0.1359375 0.0875
0 0.0421875 0.6515625 0.06875 0.03125
0 0.0140625 0.4875 0.028125 0.0515625
0 0.08828125 0.45546875 0.04375 0.0234375
0 0.09375 0.8375 0.1875 0.1359375
0 0.20390625 0.8578125 0.140625 0.1359375
0 0.31015625 0.9859375 0.0921875 0.028125
0 0.08828125 0.97578125 0.1765625 0.0484375
0 0.0140625 0.9625 0.028125 0.0484375