0 0.725 0.65859375 0.30078125 0.15390625
0 0.8609375 0.42890625 0.1921875 0.09375
0 0.71640625 0.3125 0.196875 0.0578125
0 0.25 0.68125 0.4421875 0.34375
0 0.390625 0.5296875 0.290625 0.1421875
0 0.61796875 0.490625 0.1296875 0.10546875
0 0.74375 0.5015625 0.1421875 0.0984375
0 0.56640625 0.42578125 0.12734375 0.0578125
0 0.5734375 0.34375 0.06484375 0.03359375
0 0.390625 0.29453125 0.103125 0.0984375
0 0.2875 0.31484375 0.12734375 0.03828125
0 0.19375 0.359375 0.12734375 0.084375
0 0.1578125 0.4390625 0.13671875 0.040625
0 0.3890625 0.4125 0.16328125 0.06015625