0 0.30859375 0.4078125 0.3984375 0.125
0 0.33046875 0.56171875 0.39375 0.121875
0 0.353125 0.71796875 0.396875 0.13125
0 0.60859375 0.2484375 0.05625 0.0640625
0 0.6578125 0.24296875 0.04375 0.04375
0 0.696875 0.2390625 0.034375 0.0453125
0 0.62265625 0.35546875 0.053125 0.0484375
0 0.66953125 0.34609375 0.040625 0.040625
0 0.703125 0.34609375 0.0265625 0.01875
0 0.64296875 0.4625 0.05625 0.04375
0 0.678125 0.43984375 0.0453125 0.0296875
0 0.70859375 0.43203125 0.04375 0.034375
0 0.715625 0.55234375 0.0296875 0.034375
0 0.6828125 0.57109375 0.0453125 0.034375
0 0.640625 0.58984375 0.040625 0.05
0 0.65625 0.69921875 0.040625 0.034375
0 0.68046875 0.6671875 0.040625 0.040625
0 0.70078125 0.6375 0.06875 0.040625
0 0.69140625 0.73671875 0.0875 0.040625
0 0.6734375 0.7609375 0.06875 0.034375
0 0.65625 0.80078125 0.034375 0.040625