0 0.609375 0.69609375 0.11328125 0.3578125
0 0.47109375 0.6765625 0.1109375 0.353125
0 0.33046875 0.65625 0.11796875 0.35546875
0 0.75234375 0.4265625 0.0578125 0.05078125
0 0.75703125 0.38203125 0.03828125 0.03828125
0 0.7609375 0.34765625 0.040625 0.03125
0 0.65625 0.41328125 0.04296875 0.0484375
0 0.66484375 0.37109375 0.0359375 0.0359375
0 0.66484375 0.34140625 0.0171875 0.02421875
0 0.56015625 0.3953125 0.03828125 0.05078125
0 0.58046875 0.3640625 0.0265625 0.040625
0 0.5875 0.33671875 0.03125 0.03828125
0 0.4796875 0.33046875 0.03125 0.0265625
0 0.4625 0.359375 0.03125 0.040625
0 0.44609375 0.39765625 0.0453125 0.0359375
0 0.34765625 0.38359375 0.03125 0.0359375
0 0.3765625 0.36171875 0.0359375 0.0359375
0 0.40234375 0.34375 0.0359375 0.0625
0 0.3140625 0.35234375 0.0359375 0.0796875
0 0.2921875 0.36796875 0.03125 0.0625
0 0.25625 0.38359375 0.0359375 0.03125