0 0.41171875 0.28671875 0.165625 0.234375
0 0.56015625 0.3015625 0.19375 0.153125
0 0.540625 0.26328125 0.1 0.0609375
0 0.590625 0.38125 0.078125 0.090625
0 0.640625 0.334375 0.065625 0.071875
0 0.728125 0.3625 0.1625 0.15625
0 0.80546875 0.38125 0.140625 0.1203125
0 0.925 0.39921875 0.090625 0.1078125
0 0.94609375 0.465625 0.1078125 0.11875
0 0.73515625 0.58125 0.165625 0.3921875
0 0.3421875 0.73125 0.2625 0.296875
0 0.4671875 0.51875 0.221875 0.28125
0 0.41328125 0.540625 0.2328125 0.125
0 0.45078125 0.7890625 0.2453125 0.1375
0 0.54296875 0.94609375 0.140625 0.1078125
0 0.56015625 0.87109375 0.10625 0.0859375
0 0.53515625 0.73671875 0.25625 0.2671875
0 0.62734375 0.70859375 0.09375 0.153125
0 0.60625 0.55546875 0.14375 0.203125
0 0.6828125 0.71796875 0.115625 0.11875
0 0.73671875 0.84453125 0.14375 0.1453125
0 0.87109375 0.65546875 0.140625 0.1796875
0 0.8578125 0.546875 0.165625 0.23125
0 0.9421875 0.6125 0.115625 0.1765625
0 0.875 0.78671875 0.190625 0.2359375
0 0.82265625 0.87734375 0.2375 0.2453125
0 0.66953125 0.92421875 0.1765625 0.1515625
0 0.96171875 0.83125 0.075 0.29375