0 0.49765625 0.47734375 0.9953125 0.9546875
0 0.7828125 0.5484375 0.42578125 0.39453125
0 0.37890625 0.7453125 0.43046875 0.21171875
0 0.79296875 0.89921875 0.40390625 0.09609375
0 0.15390625 0.30625 0.3078125 0.2859375
0 0.6203125 0.32421875 0.59140625 0.21640625
0 0.7609375 0.2078125 0.46875 0.2234375
0 0.22578125 0.525 0.3078125 0.2046875
0 0.4046875 0.1234375 0.26171875 0.18984375
0 0.796875 0.07578125 0.396875 0.11328125
0 0.1265625 0.08046875 0.25234375 0.1609375
0 0.4515625 0.078125 0.4375 0.15625
0 0.5984375 0.484375 0.79296875 0.50703125
0 0.81640625 0.84375 0.3578125 0.196875
0 0.16015625 0.7765625 0.31953125 0.3265625