0 0.94921875 0.7828125 0.1 0.1859375
0 0.9640625 0.94453125 0.071875 0.1109375
0 0.88515625 0.946875 0.1890625 0.10625
0 0.8546875 0.7875 0.184375 0.26875
0 0.759375 0.93125 0.15625 0.1375
0 0.7578125 0.84453125 0.171875 0.225
0 0.94921875 0.59609375 0.1 0.203125
0 0.91875 0.478125 0.1625 0.153125
0 0.803125 0.52109375 0.2125 0.2546875
0 0.83828125 0.703125 0.096875 0.109375
0 0.76484375 0.65625 0.090625 0.10625
0 0.6890625 0.6328125 0.15625 0.234375
0 0.6890625 0.76171875 0.1 0.134375
0 0.584375 0.73203125 0.0875 0.115625
0 0.5921875 0.85390625 0.178125 0.140625
0 0.5046875 0.89375 0.23125 0.2125
0 0.6296875 0.9546875 0.1234375 0.090625
0 0.4859375 0.73359375 0.175 0.209375
0 0.29453125 0.840625 0.1125 0.1109375
0 0.3421875 0.88671875 0.11875 0.1671875
0 0.27265625 0.9515625 0.1265625 0.096875
0 0.3484375 0.97109375 0.071875 0.0578125
0 0.21015625 0.925 0.1296875 0.15
0 0.09921875 0.9578125 0.1140625 0.084375
0 0.11875 0.86875 0.0859375 0.121875
0 0.04921875 0.90390625 0.0984375 0.1921875
0 0.79765625 0.05703125 0.2875 0.1125
0 0.859375 0.1796875 0.28125 0.184375
0 0.9515625 0.253125 0.096875 0.134375
0 0.93046875 0.33828125 0.1390625 0.15625
0 0.840625 0.29296875 0.1 0.10625
0 0.815625 0.37890625 0.146875 0.165625
0 0.92421875 0.059375 0.1515625 0.11875
0 0.8546875 0.01640625 0.19375 0.0328125
0 0.64921875 0.321875 0.171875 0.078125
0 0.58203125 0.36640625 0.178125 0.08125
0 0.62265625 0.41796875 0.175 0.0875
0 0.553125 0.4859375 0.140625 0.128125
0 0.596875 0.571875 0.2 0.19375
0 0.465625 0.5734375 0.11875 0.075
0 0.4734375 0.696875 0.1890625 0.146875
0 0.25390625 0.33828125 0.175 0.165625
0 0.28515625 0.46875 0.23125 0.109375
0 0.23828125 0.55546875 0.109375 0.121875
0 0.35078125 0.61640625 0.140625 0.121875
0 0.28046875 0.66015625 0.1515625 0.0734375
0 0.284375 0.74609375 0.209375 0.0875
0 0.3625 0.3015625 0.175 0.175
0 0.4203125 0.20546875 0.1890625 0.175
0 0.590625 0.0984375 0.1515625 0.1625
0 0.6296875 0.203125 0.1890625 0.153125
0 0.571875 0.0125 0.15 0.025
0 0.440625 0.01640625 0.2453125 0.0328125
0 0.33203125 0.0640625 0.1125 0.1125
0 0.5 0.5 1 1
0 0.26796875 0.18046875 0.1265625 0.109375
0 0.1828125 0.21953125 0.1640625 0.10625
0 0.04765625 0.303125 0.075 0.140625
0 0.1296875 0.328125 0.109375 0.146875
0 0.05546875 0.42421875 0.090625 0.1
0 0.11875 0.4390625 0.096875 0.10625
0 0.07421875 0.51640625 0.11875 0.09375
0 0.10703125 0.6265625 0.184375 0.1265625
0 0.096875 0.73125 0.19375 0.115625
0 0.03515625 0.72890625 0.0703125 0.2515625
0 0.03046875 0.53125 0.0609375 0.1890625
0 0.03515625 0.33984375 0.0703125 0.2421875
0 0.0265625 0.14921875 0.053125 0.140625
0 0.12109375 0.11484375 0.165625 0.15
0 0.2296875 0.07109375 0.090625 0.140625
0 0.1109375 0.02265625 0.15625 0.0453125
0 0.01640625 0.04453125 0.0328125 0.0875