0 0.5 0.5 1 1
0 0.125 0.20546875 0.25 0.4109375
0 0.43125 0.21484375 0.3625 0.4296875
0 0.3484375 0.5296875 0.31875 0.4921875
0 0.73203125 0.34453125 0.234375 0.396875
0 0.55078125 0.47578125 0.346875 0.6
0 0.6125 0.02578125 0.565625 0.0515625
0 0.72421875 0.20546875 0.2203125 0.325
0 0.75859375 0.43203125 0.3140625 0.2984375
0 0.771875 0.7765625 0.365625 0.446875
0 0.4015625 0.7765625 0.3859375 0.303125
0 0.40703125 0.859375 0.2890625 0.28125
0 0.16953125 0.84453125 0.328125 0.3109375
0 0.06015625 0.7640625 0.1203125 0.415625
0 0.11875 0.6328125 0.2375 0.734375
0 0.91171875 0.5 0.175 1