0 0.2859375 0.46640625 0.29375 0.3
0 0.09140625 0.36875 0.1828125 0.15
0 0.08359375 0.47265625 0.090625 0.10625
0 0.0875 0.58515625 0.0671875 0.1390625
0 0.15859375 0.55 0.10625 0.115625
0 0.29609375 0.609375 0.1703125 0.1109375
0 0.46484375 0.690625 0.0953125 0.15
0 0.5640625 0.75546875 0.165625 0.1546875
0 0.67265625 0.7140625 0.196875 0.134375
0 0.6984375 0.59375 0.18125 0.15625
0 0.59921875 0.56328125 0.153125 0.296875
0 0.4640625 0.46875 0.071875 0.11875
0 0.4859375 0.6015625 0.0953125 0.115625
0 0.46875 0.3078125 0.1390625 0.203125
0 0.3453125 0.21796875 0.109375 0.115625
0 0.303125 0.25625 0.1265625 0.10625
0 0.20859375 0.2265625 0.109375 0.1234375
0 0.2 0.17421875 0.153125 0.0953125
0 0.153125 0.2578125 0.171875 0.1390625
0 0.353125 0.14140625 0.1125 0.078125
0 0.39140625 0.12109375 0.11875 0.134375
0 0.478125 0.12890625 0.146875 0.1390625
0 0.6546875 0.31328125 0.309375 0.2296875
0 0.75625 0.3171875 0.21875 0.1390625
0 0.7953125 0.40625 0.146875 0.25
0 0.675 0.18828125 0.2578125 0.1546875