0 0.06640625 0.9671875 0.1328125 0.065625
0 0.0875 0.8828125 0.175 0.190625
0 0.046875 0.66796875 0.09375 0.175
0 0.078125 0.7765625 0.15625 0.0921875
0 0.059375 0.49609375 0.11875 0.18125
0 0.1046875 0.59140625 0.1828125 0.1078125
0 0.20546875 0.69609375 0.2015625 0.1515625
0 0.27421875 0.8765625 0.178125 0.1828125
0 0.39140625 0.95390625 0.1046875 0.0921875
0 0.64765625 0.9046875 0.140625 0.1640625
0 0.88046875 0.91640625 0.2015625 0.1125
0 0.95703125 0.84921875 0.0859375 0.1140625
0 0.91640625 0.80078125 0.165625 0.1234375
0 0.57421875 0.79296875 0.2015625 0.1125
0 0.478125 0.8484375 0.0859375 0.1046875
0 0.39375 0.86796875 0.121875 0.128125
0 0.4203125 0.7484375 0.115625 0.078125
0 0.3546875 0.65625 0.140625 0.134375
0 0.38671875 0.559375 0.134375 0.1078125
0 0.19453125 0.52578125 0.2609375 0.115625
0 0.334375 0.43515625 0.2015625 0.1125
0 0.2328125 0.4328125 0.078125 0.06875
0 0.06875 0.3828125 0.1375 0.1046875
0 0.16796875 0.32109375 0.121875 0.05625
0 0.26640625 0.32421875 0.134375 0.0625
0 0.23125 0.1828125 0.359375 0.215625
0 0.66953125 0.0265625 0.1828125 0.053125
0 0.7796875 0.20546875 0.440625 0.2875
0 0.971875 0.4015625 0.05625 0.2125
0 0.971875 0.55078125 0.05625 0.075
0 0.8953125 0.02265625 0.0859375 0.0453125
0 0.4015625 0.0375 0.153125 0.075
0 0.48515625 0.153125 0.16875 0.2
0 0.278125 0.00703125 0.0625 0.0125
0 0.49765625 0.26875 0.075 0.03125
0 0.578125 0.30390625 0.059375 0.090625
0 0.45859375 0.36015625 0.153125 0.103125
0 0.56484375 0.43125 0.1453125 0.0890625
0 0.671875 0.4328125 0.165625 0.134375
0 0.675 0.56015625 0.171875 0.146875
0 0.5859375 0.5484375 0.1875 0.15625
0 0.50390625 0.509375 0.109375 0.09375
0 0.56484375 0.7 0.23125 0.175
0 0.8546875 0.7015625 0.103125 0.1515625
0 0.953125 0.7125 0.09375 0.1078125