0 0.0640625 0.6796875 0.128125 0.334375
0 0.11171875 0.7890625 0.2234375 0.3625
0 0.5109375 0.6390625 0.228125 0.321875
0 0.52734375 0.7234375 0.3 0.2421875
0 0.1 0.7609375 0.2 0.2625
0 0.52265625 0.7640625 0.425 0.321875
0 0.9015625 0.66015625 0.196875 0.3828125
0 0.87265625 0.7421875 0.2546875 0.415625
0 0.6546875 0.36640625 0.2 0.2578125
0 0.4390625 0.1515625 0.1671875 0.2328125
0 0.1265625 0.1390625 0.253125 0.2578125
0 0.1375 0.22265625 0.275 0.2046875
0 0.2125 0.4 0.3859375 0.3
0 0.23359375 0.4875 0.4671875 0.2953125
0 0.67109375 0.43359375 0.2671875 0.1875
0 0.66484375 0.45625 0.3703125 0.278125
0 0.45234375 0.21640625 0.240625 0.146875
0 0.44609375 0.24375 0.3328125 0.228125
0 0.8796875 0.1640625 0.240625 0.2625
0 0.8625 0.25234375 0.275 0.2359375