0 0.3546875 0.94140625 0.203125 0.1171875
0 0.29296875 0.92265625 0.090625 0.06875
0 0.48984375 0.87890625 0.0859375 0.140625
0 0.5796875 0.8703125 0.184375 0.175
0 0.590625 0.90390625 0.071875 0.08125
0 0.6625 0.88515625 0.0734375 0.053125
0 0.6265625 0.91015625 0.0453125 0.0421875
0 0.73515625 0.8734375 0.0453125 0.0609375
0 0.71953125 0.921875 0.0859375 0.065625
0 0.784375 0.8953125 0.134375 0.0640625
0 0.7890625 0.92890625 0.053125 0.025
0 0.82734375 0.83828125 0.184375 0.15625
0 0.78046875 0.784375 0.08125 0.0734375
0 0.709375 0.81171875 0.075 0.084375
0 0.70078125 0.7546875 0.1125 0.0609375
0 0.46328125 0.7171875 0.3109375 0.2125
0 0.25859375 0.76875 0.240625 0.209375
0 0.17265625 0.715625 0.1390625 0.11875
0 0.2125 0.778125 0.08125 0.0859375
0 0.14140625 0.7625 0.05 0.03125
0 0.13984375 0.8484375 0.0625 0.08125
0 0.2125 0.8375 0.1625 0.1046875
0 0.41015625 0.84453125 0.11875 0.0734375
0 0.46875 0.7421875 0.14375 0.096875
0 0.45703125 0.67578125 0.13125 0.06875
0 0.56328125 0.69609375 0.05625 0.0625
0 0.6375 0.684375 0.0328125 0.03125
0 0.64296875 0.73359375 0.06875 0.04375
0 0.77265625 0.73828125 0.075 0.0625
0 0.778125 0.6828125 0.040625 0.021875
0 0.79296875 0.7109375 0.05625 0.0328125
0 0.8171875 0.66796875 0.0625 0.1390625
0 0.74375 0.6453125 0.053125 0.053125
0 0.7578125 0.6578125 0.071875 0.0625
0 0.6890625 0.64375 0.090625 0.075
0 0.72578125 0.584375 0.0734375 0.0625
0 0.83203125 0.58046875 0.1125 0.1109375
0 0.1890625 0.61328125 0.1625 0.0859375
0 0.29921875 0.596875 0.0578125 0.0875
0 0.334375 0.56796875 0.0625 0.115625
0 0.39765625 0.58984375 0.109375 0.0875
0 0.62265625 0.22109375 0.396875 0.2046875
0 0.62734375 0.3140625 0.109375 0.0734375
0 0.7296875 0.14375 0.2171875 0.115625
0 0.85078125 0.209375 0.0859375 0.0609375
0 0.81328125 0.16640625 0.13125 0.0859375
0 0.7046875 0.1859375 0.1265625 0.084375
0 0.82734375 0.2296875 0.09375 0.025
0 0.840625 0.29921875 0.0859375 0.0875
0 0.81328125 0.3703125 0.0859375 0.078125
0 0.7578125 0.33359375 0.090625 0.05625
0 0.72890625 0.4015625 0.103125 0.071875
0 0.6890625 0.3703125 0.08125 0.0375
0 0.66953125 0.409375 0.05 0.03125
0 0.6375 0.4421875 0.06875 0.090625
0 0.6921875 0.51875 0.15625 0.153125
0 0.76875 0.50234375 0.265625 0.2171875
0 0.5515625 0.553125 0.1125 0.0859375
0 0.56328125 0.61328125 0.1375 0.0453125
0 0.209375 0.9140625 0.075 0.040625
0 0.16640625 0.53125 0.090625 0.0734375
0 0.18046875 0.4984375 0.0734375 0.103125
0 0.26171875 0.4859375 0.0734375 0.0578125
0 0.2703125 0.534375 0.1265625 0.053125
0 0.41953125 0.49140625 0.2421875 0.09375
0 0.39375 0.45078125 0.121875 0.053125
0 0.39375 0.54296875 0.05 0.025
0 0.45546875 0.5578125 0.0625 0.05
0 0.459375 0.6 0.071875 0.0375
0 0.46484375 0.41640625 0.05625 0.034375
0 0.55078125 0.46484375 0.1265625 0.1
0 0.528125 0.36640625 0.090625 0.1
0 0.4421875 0.34609375 0.171875 0.146875
0 0.35078125 0.40546875 0.090625 0.0375
0 0.421875 0.31953125 0.075 0.0984375
0 0.453125 0.26171875 0.1125 0.103125
0 0.3734375 0.23359375 0.034375 0.04375
0 0.3421875 0.20078125 0.0984375 0.1125
0 0.35859375 0.1625 0.0859375 0.109375
0 0.44609375 0.0984375 0.178125 0.0859375
0 0.6046875 0.16171875 0.109375 0.05625
0 0.178125 0.3234375 0.1390625 0.0453125
0 0.19609375 0.36328125 0.1125 0.08125
0 0.15390625 0.415625 0.08125 0.0375
0 0.2234375 0.434375 0.0328125 0.015625
0 0.26796875 0.4 0.096875 0.084375
0 0.31953125 0.33828125 0.053125 0.0453125
0 0.23203125 0.30703125 0.203125 0.103125
0 0.23125 0.27109375 0.1890625 0.11875
0 0.25 0.16640625 0.165625 0.075
0 0.25625 0.1515625 0.11875 0.140625
0 0.190625 0.10859375 0.0625 0.08125