0 0.4984375 0.49765625 0.996875 0.9953125
0 0.8640625 0.7984375 0.2671875 0.39453125
0 0.56015625 0.78984375 0.34140625 0.4109375
0 0.63828125 0.4890625 0.30078125 0.4640625
0 0.2765625 0.66328125 0.22109375 0.375
0 0.446875 0.53984375 0.3265625 0.56484375
0 0.3890625 0.9671875 0.53359375 0.05546875
0 0.28359375 0.79453125 0.20703125 0.30546875
0 0.2515625 0.58046875 0.2953125 0.28125
0 0.2390625 0.2484375 0.34375 0.43515625
0 0.5875 0.25625 0.36328125 0.2859375
0 0.5828125 0.1546875 0.271875 0.309375
0 0.80625 0.16953125 0.31015625 0.3390625
0 0.92578125 0.26796875 0.14453125 0.3921875
0 0.86953125 0.36875 0.2546875 0.7375
0 0.0953125 0.49765625 0.18984375 0.9953125