0 0.8140625 0.275 0.2046875 0.2859375
0 0.69921875 0.3796875 0.33203125 0.4234375
0 0.66953125 0.453125 0.24296875 0.2765625
0 0.7140625 0.6828125 0.35078125 0.33203125
0 0.55078125 0.678125 0.1828125 0.40390625
0 0.43125 0.66953125 0.1515625 0.19921875
0 0.49140625 0.45546875 0.209375 0.28125
0 0.43125 0.4484375 0.1703125 0.25703125
0 0.3609375 0.2515625 0.28359375 0.13671875
0 0.2671875 0.4109375 0.34609375 0.34140625
0 0.27734375 0.58203125 0.15625 0.125
0 0.26796875 0.76171875 0.2046875 0.27890625