0 0.61875 0.8640625 0.18984375 0.1515625
0 0.65625 0.74375 0.1734375 0.05546875
0 0.8390625 0.6765625 0.3125 0.12734375
0 0.5453125 0.696875 0.1390625 0.053125
0 0.4953125 0.6578125 0.08671875 0.0890625
0 0.43359375 0.62734375 0.1703125 0.0578125
0 0.4375 0.76328125 0.071875 0.11796875
0 0.24609375 0.75234375 0.13203125 0.0625
0 0.19453125 0.69375 0.134375 0.1078125
0 0.0796875 0.74765625 0.15859375 0.08203125
0 0.21015625 0.5625 0.31953125 0.14921875
0 0.3734375 0.5015625 0.12265625 0.13203125
0 0.7875 0.5328125 0.209375 0.1421875
0 0.95078125 0.475 0.0890625 0.12734375
0 0.93359375 0.34765625 0.12265625 0.0890625
0 0.94375 0.29296875 0.103125 0.0578125
0 0.94375 0.18984375 0.103125 0.15390625
0 0.8421875 0.0421875 0.19453125 0.05078125
0 0.74375 0.08203125 0.11328125 0.053125
0 0.74140625 0.1859375 0.24296875 0.09375
0 0.5671875 0.203125 0.14921875 0.06484375
0 0.50859375 0.24765625 0.11328125 0.0484375
0 0.67421875 0.28828125 0.24296875 0.0765625
0 0.76328125 0.34609375 0.1078125 0.0625
0 0.6140625 0.3140625 0.26171875 0.1078125
0 0.51328125 0.33984375 0.13203125 0.0890625
0 0.64765625 0.41015625 0.2765625 0.12734375
0 0.796875 0.42421875 0.11796875 0.11328125
0 0.3859375 0.271875 0.040625 0.053125
0 0.4515625 0.2921875 0.071875 0.06953125
0 0.53125 0.0953125 0.21171875 0.11328125
0 0.36875 0.13671875 0.25703125 0.15859375
0 0.15234375 0.2796875 0.11796875 0.06953125
0 0.12109375 0.3734375 0.18984375 0.0890625
0 0.29453125 0.4015625 0.12734375 0.08203125
0 0.05390625 0.3390625 0.06484375 0.02890625
0 0.025 0.49296875 0.03125 0.0484375
0 0.09765625 0.52265625 0.040625 0.021875
0 0.0953125 0.16484375 0.18984375 0.12734375
0 0.20546875 0.1453125 0.13203125 0.12734375
0 0.30546875 0.01953125 0.08671875 0.03828125
0 0.08984375 0.02890625 0.1796875 0.0578125
0 0.0203125 0.046875 0.040625 0.0453125