0 0.33828125 0.825 0.153125 0.0875
0 0.11953125 0.7609375 0.059375 0.05
0 0.03203125 0.8203125 0.0640625 0.05
0 0.0046875 0.865625 0.009375 0.05
0 0.03203125 0.63828125 0.0640625 0.0453125
0 0.11953125 0.5375 0.05 0.11875
0 0.07578125 0.49140625 0.0375 0.0375
0 0.23359375 0.6328125 0.01875 0.028125
0 0.38046875 0.55625 0.05 0.0375
0 0.434375 0.5234375 0.0375 0.0921875
0 0.61171875 0.52265625 0.278125 0.303125
0 0.57421875 0.9546875 0.1390625 0.090625
0 0.85234375 0.19765625 0.0421875 0.0625
0 0.5859375 0.32734375 0.03125 0.03125
0 0.4453125 0.25234375 0.228125 0.2515625
0 0.428125 0.42265625 0.05 0.040625
0 0.34296875 0.34609375 0.134375 0.175
0 0.178125 0.26484375 0.103125 0.028125
0 0.13203125 0.409375 0.1390625 0.05625
0 0.19921875 0.43515625 0.015625 0.01875
0 0.0796875 0.37421875 0.159375 0.071875
0 0.21484375 0.01484375 0.0375 0.0296875
0 0.5859375 0.06484375 0.275 0.1296875
0 0.92421875 0.02734375 0.13125 0.0546875