0 0.2484375 0.63359375 0.43984375 0.31953125
0 0.72578125 0.615625 0.2984375 0.14453125
0 0.8578125 0.4 0.1921875 0.084375
0 0.71875 0.290625 0.1921875 0.0578125
0 0.571875 0.3234375 0.0671875 0.0265625
0 0.73671875 0.46171875 0.1421875 0.09609375
0 0.60703125 0.45703125 0.11796875 0.10546875
0 0.55859375 0.396875 0.12265625 0.0578125
0 0.3890625 0.49296875 0.29296875 0.1296875
0 0.3890625 0.3859375 0.15859375 0.05078125
0 0.39453125 0.27421875 0.09609375 0.09140625
0 0.2859375 0.296875 0.1296875 0.03125
0 0.1984375 0.33671875 0.11328125 0.0765625
0 0.15234375 0.4078125 0.13671875 0.0265625