0 0.23671875 0.25390625 0.25703125 0.50703125
0 0.54921875 0.44609375 0.49296875 0.88203125
0 0.07421875 0.22578125 0.1484375 0.4515625
0 0.11328125 0.03828125 0.08671875 0.0765625
0 0.521875 0.2203125 0.22578125 0.30078125
0 0.80859375 0.41015625 0.37734375 0.603125
0 0.8921875 0.20703125 0.21171875 0.3703125
0 0.90390625 0.0796875 0.1875 0.15859375
0 0.6453125 0.084375 0.271875 0.16796875
0 0.9265625 0.87890625 0.1421875 0.2328125
0 0.953125 0.7953125 0.0890625 0.21171875
0 0.6421875 0.81640625 0.53359375 0.3578125
0 0.1578125 0.80390625 0.31484375 0.32421875
0 0.11796875 0.9546875 0.1828125 0.08203125
0 0.29453125 0.78828125 0.2671875 0.259375
0 0.18125 0.57109375 0.3625 0.2859375
0 0.4984375 0.49765625 0.996875 0.9953125