0 0.02578125 0.9875 0.0515625 0.025
0 0.10390625 0.93671875 0.2078125 0.065625
0 0.1203125 0.98359375 0.165625 0.0328125
0 0.2515625 0.95703125 0.096875 0.0859375
0 0.0546875 0.86796875 0.1 0.065625
0 0.15078125 0.86171875 0.09375 0.078125
0 0.24765625 0.88203125 0.1140625 0.078125
0 0.3640625 0.8921875 0.11875 0.1
0 0.44921875 0.94921875 0.146875 0.065625
0 0.39609375 0.9734375 0.146875 0.053125
0 0.46796875 0.86796875 0.1 0.096875
0 0.5875 0.9265625 0.109375 0.1015625
0 0.15859375 0.6828125 0.175 0.1421875
0 0.0546875 0.67421875 0.109375 0.15
0 0.0734375 0.784375 0.146875 0.1171875
0 0.175 0.7921875 0.0859375 0.08125
0 0.25 0.79921875 0.109375 0.10625
0 0.33515625 0.74765625 0.1015625 0.053125
0 0.3375 0.7984375 0.153125 0.0640625
0 0.41484375 0.7640625 0.109375 0.1015625
0 0.50234375 0.76171875 0.146875 0.13125
0 0.57265625 0.80546875 0.184375 0.140625
0 0.6625 0.87578125 0.1375 0.08125
0 0.74375 0.9125 0.1671875 0.0890625
0 0.696875 0.9734375 0.109375 0.053125
0 0.80078125 0.9734375 0.11875 0.053125
0 0.76015625 0.83984375 0.134375 0.08125
0 0.8984375 0.86328125 0.1421875 0.1671875
0 0.89140625 0.9703125 0.0921875 0.059375
0 0.95703125 0.91484375 0.0859375 0.1703125
0 0.97578125 0.82578125 0.0484375 0.084375
0 0.9515625 0.74765625 0.096875 0.06875
0 0.98203125 0.684375 0.034375 0.1296875
0 0.96328125 0.6296875 0.0734375 0.1265625
0 0.92421875 0.67421875 0.1015625 0.084375
0 0.8171875 0.634375 0.1421875 0.1015625
0 0.76484375 0.7078125 0.246875 0.1625
0 0.69453125 0.60390625 0.1140625 0.1015625
0 0.575 0.60546875 0.1703125 0.175
0 0.48515625 0.646875 0.153125 0.121875
0 0.33984375 0.59921875 0.146875 0.090625
0 0.3109375 0.6671875 0.165625 0.1265625
0 0.03828125 0.56484375 0.075 0.175
0 0.19296875 0.49609375 0.234375 0.1
0 0.15 0.58359375 0.234375 0.1015625
0 0.07109375 0.39375 0.1421875 0.1421875
0 0.15859375 0.2984375 0.165625 0.15
0 0.17265625 0.40703125 0.1015625 0.1
0 0.1203125 0.4875 0.11875 0.0609375
0 0.2578125 0.38046875 0.1140625 0.115625
0 0.315625 0.465625 0.11875 0.159375
0 0.4203125 0.48515625 0.184375 0.178125
0 0.475 0.4390625 0.2078125 0.178125
0 0.59140625 0.4875 0.146875 0.1015625
0 0.6625 0.52265625 0.146875 0.08125
0 0.784375 0.5453125 0.096875 0.065625
0 0.86953125 0.56328125 0.09375 0.15625
0 0.965625 0.48515625 0.06875 0.08125
0 0.92421875 0.4859375 0.1015625 0.078125
0 0.94921875 0.5390625 0.071875 0.04375
0 0.9921875 0.5328125 0.015625 0.10625
0 0.94296875 0.4046875 0.1 0.09375
0 0.8734375 0.4140625 0.08125 0.0609375
0 0.784375 0.43125 0.096875 0.08125
0 0.72734375 0.44921875 0.125 0.0859375
0 0.68125 0.378125 0.109375 0.08125
0 0.61015625 0.371875 0.1 0.1140625
0 0.55546875 0.32109375 0.1625 0.0890625
0 0.35390625 0.28046875 0.175 0.1140625
0 0.28046875 0.1953125 0.2 0.13125
0 0.2078125 0.15 0.21875 0.146875
0 0.07890625 0.17890625 0.15625 0.1296875
0 0.09921875 0.09140625 0.196875 0.1828125
0 0.12578125 0.02265625 0.23125 0.0453125
0 0.2453125 0.03828125 0.11875 0.075
0 0.325 0.04296875 0.1265625 0.0859375
0 0.34375 0.13984375 0.0890625 0.146875
0 0.39453125 0.134375 0.1140625 0.146875
0 0.46796875 0.225 0.184375 0.1546875
0 0.5484375 0.23984375 0.1375 0.0625
0 0.62421875 0.23203125 0.1015625 0.1140625
0 0.5890625 0.16640625 0.13125 0.1
0 0.51171875 0.0890625 0.11875 0.13125
0 0.4515625 0.034375 0.153125 0.06875
0 0.553125 0.0484375 0.1015625 0.096875
0 0.59921875 0.103125 0.0859375 0.04375
0 0.703125 0.12421875 0.0859375 0.1015625
0 0.696875 0.18046875 0.109375 0.071875
0 0.7078125 0.23984375 0.0859375 0.0625
0 0.725 0.30546875 0.1 0.0734375
0 0.77890625 0.3453125 0.096875 0.065625
0 0.79296875 0.29296875 0.103125 0.0734375
0 0.9921875 0.10390625 0.015625 0.2078125
0 0.925 0.2453125 0.15 0.2359375
0 0.98515625 0.4109375 0.0296875 0.146875
0 0.8921875 0.175 0.109375 0.10625
0 0.896875 0.24765625 0.109375 0.1
0 0.80078125 0.2171875 0.1 0.1140625
0 0.82734375 0.10546875 0.096875 0.0625
0 0.95703125 0.01640625 0.0859375 0.0328125
0 0.7546875 0.08125 0.3625 0.1625
0 0.5 0.5 1 1