0 0.109375 0.1 0.21875 0.065625
0 0.33671875 0.084375 0.128125 0.05625
0 0.13125 0.271875 0.15 0.1453125
0 0.07890625 0.49375 0.1328125 0.06875
0 0.07421875 0.68203125 0.121875 0.078125
0 0.06015625 0.9046875 0.0890625 0.06875
0 0.1859375 0.903125 0.0609375 0.184375
0 0.2296875 0.72421875 0.121875 0.1375
0 0.25546875 0.48203125 0.1328125 0.225
0 0.38359375 0.215625 0.175 0.1453125
0 0.55703125 0.17578125 0.2125 0.19375
0 0.80625 0.21015625 0.209375 0.1453125
0 0.87890625 0.0890625 0.165625 0.121875
0 0.9046875 0.36875 0.09375 0.140625
0 0.4921875 0.40703125 0.203125 0.09375
0 0.56015625 0.54609375 0.20625 0.08125
0 0.415625 0.6671875 0.1890625 0.15625
0 0.796875 0.5296875 0.2171875 0.2625
0 0.909375 0.66484375 0.1046875 0.1609375
0 0.85859375 0.86484375 0.1609375 0.128125
0 0.66171875 0.92109375 0.1453125 0.1234375
0 0.63515625 0.7296875 0.128125 0.10625
0 0.42890625 0.87890625 0.178125 0.171875