0 0.45234375 0.9328125 0.8609375 0.134375
0 0.46328125 0.784375 0.859375 0.1640625
0 0.7375 0.91328125 0.396875 0.125
0 0.77890625 0.8984375 0.4171875 0.090625
0 0.45859375 0.62890625 0.859375 0.1515625
0 0.45390625 0.47421875 0.853125 0.153125
0 0.45859375 0.32578125 0.8484375 0.159375
0 0.45859375 0.17421875 0.8484375 0.1734375
0 0.45859375 0.05390625 0.8734375 0.10625
0 0.721875 0.0546875 0.434375 0.109375
0 0.8015625 0.06953125 0.3828125 0.0953125
0 0.721875 0.2046875 0.434375 0.121875
0 0.76796875 0.2171875 0.4390625 0.103125
0 0.728125 0.3453125 0.4265625 0.1046875
0 0.79375 0.3609375 0.396875 0.103125
0 0.75390625 0.48515625 0.365625 0.1375
0 0.80703125 0.48515625 0.3609375 0.1265625
0 0.75234375 0.62890625 0.3828125 0.1375
0 0.7546875 0.75859375 0.3875 0.1265625
0 0.790625 0.60703125 0.3953125 0.103125
0 0.80234375 0.75 0.371875 0.115625