0 0.82578125 0.3484375 0.084375 0.14921875
0 0.7640625 0.13671875 0.0484375 0.0578125
0 0.821875 0.0421875 0.0484375 0.084375
0 0.865625 0.015625 0.0484375 0.03125
0 0.646875 0.0421875 0.04296875 0.084375
0 0.5484375 0.13671875 0.115625 0.0484375
0 0.50390625 0.0953125 0.0359375 0.0359375
0 0.640625 0.24765625 0.0265625 0.01953125
0 0.56640625 0.3890625 0.0359375 0.0484375
0 0.53515625 0.44140625 0.0890625 0.0359375
0 0.53359375 0.61328125 0.29296875 0.26953125
0 0.953125 0.5765625 0.0890625 0.134375
0 0.2203125 0.8453125 0.06015625 0.040625
0 0.3453125 0.5875 0.03125 0.03125
0 0.27265625 0.4515625 0.24296875 0.22109375
0 0.4375 0.43515625 0.03828125 0.0484375
0 0.36328125 0.353125 0.16796875 0.1296875
0 0.28515625 0.19375 0.0265625 0.0984375
0 0.42421875 0.14921875 0.05546875 0.134375
0 0.44921875 0.2140625 0.01953125 0.0140625
0 0.38984375 0.0875 0.0703125 0.175
0 0.0328125 0.2296875 0.05078125 0.0359375
0 0.0765625 0.58671875 0.153125 0.2671875
0 0.040625 0.9140625 0.08125 0.128125