0 0.5078125 0.73125 0.30625 0.3
0 0.40703125 0.91796875 0.1515625 0.1640625
0 0.51484375 0.93828125 0.1078125 0.0921875
0 0.62890625 0.934375 0.1421875 0.06875
0 0.59375 0.86171875 0.11875 0.1078125
0 0.65390625 0.72109375 0.1125 0.1734375
0 0.73671875 0.5484375 0.153125 0.096875
0 0.80234375 0.44765625 0.1578125 0.16875
0 0.76015625 0.33671875 0.1375 0.2
0 0.63828125 0.31015625 0.159375 0.184375
0 0.60625 0.41171875 0.303125 0.15625
0 0.51015625 0.55 0.121875 0.0734375
0 0.64609375 0.52734375 0.11875 0.096875
0 0.34609375 0.54453125 0.2078125 0.1421875
0 0.25390625 0.67109375 0.11875 0.109375
0 0.29375 0.71484375 0.1078125 0.128125
0 0.26328125 0.81015625 0.1265625 0.109375
0 0.209375 0.81953125 0.096875 0.1546875
0 0.29453125 0.8671875 0.1421875 0.1765625
0 0.1765625 0.66328125 0.078125 0.115625
0 0.15546875 0.6234375 0.1375 0.121875
0 0.16328125 0.53515625 0.1421875 0.15
0 0.3515625 0.35546875 0.234375 0.315625
0 0.35546875 0.2515625 0.1421875 0.2234375
0 0.44609375 0.21171875 0.25625 0.15
0 0.2234375 0.334375 0.1578125 0.2625