0 0.37734375 0.16015625 0.053125 0.0453125
0 0.6671875 0.2015625 0.06953125 0.03828125
0 0.80859375 0.228125 0.06953125 0.03828125
0 0.14921875 0.33046875 0.0671875 0.03125
0 0.15390625 0.43359375 0.0484375 0.040625
0 0.0671875 0.46875 0.0625 0.0671875
0 0.0453125 0.56484375 0.053125 0.053125
0 0.084375 0.5328125 0.071875 0.03125
0 0.09140625 0.56953125 0.03828125 0.053125
0 0.09375 0.61328125 0.053125 0.04296875
0 0.1390625 0.61328125 0.053125 0.053125
0 0.1625 0.6546875 0.05078125 0.021875
0 0.1703125 0.6734375 0.0671875 0.0671875
0 0.2484375 0.72109375 0.0796875 0.053125
0 0.23046875 0.75703125 0.071875 0.0765625
0 0.2125 0.775 0.0453125 0.040625
0 0.25703125 0.803125 0.053125 0.0578125
0 0.2765625 0.771875 0.0625 0.03828125
0 0.27734375 0.84609375 0.06484375 0.053125
0 0.3328125 0.8125 0.0796875 0.0578125
0 0.375 0.7640625 0.10078125 0.08203125
0 0.40859375 0.78828125 0.0625 0.0484375
0 0.45078125 0.78828125 0.06484375 0.0765625
0 0.50859375 0.79296875 0.06484375 0.0671875
0 0.54453125 0.8421875 0.040625 0.05078125
0 0.53984375 0.884375 0.05078125 0.04296875
0 0.59140625 0.8296875 0.0625 0.0671875
0 0.63359375 0.7953125 0.06484375 0.08203125
0 0.66953125 0.8578125 0.06484375 0.053125
0 0.69453125 0.8265625 0.0625 0.071875
0 0.69609375 0.771875 0.06484375 0.0484375
0 0.7546875 0.78515625 0.0578125 0.06484375
0 0.78515625 0.7640625 0.06484375 0.0625
0 0.8265625 0.740625 0.04296875 0.0578125
0 0.8421875 0.7328125 0.06484375 0.04296875
0 0.95703125 0.6859375 0.0625 0.05078125
0 0.9734375 0.6421875 0.04296875 0.03828125
0 0.9375 0.63828125 0.0625 0.06484375
0 0.89296875 0.65390625 0.06953125 0.071875
0 0.96015625 0.584375 0.06953125 0.0578125
0 0.96015625 0.52734375 0.0453125 0.03125
0 0.96640625 0.43984375 0.0578125 0.08203125
0 0.97109375 0.365625 0.0484375 0.053125
0 0.93125 0.3421875 0.06484375 0.0359375
0 0.40390625 0.20703125 0.0578125 0.0578125
0 0.67578125 0.31953125 0.40859375 0.196875
0 0.8453125 0.47109375 0.19453125 0.28359375
0 0.80546875 0.609375 0.240625 0.1421875
0 0.6984375 0.6765625 0.2671875 0.1421875
0 0.546875 0.65859375 0.31953125 0.23046875
0 0.5625 0.4796875 0.15390625 0.37734375
0 0.696875 0.4890625 0.1109375 0.2859375
0 0.43984375 0.50390625 0.115625 0.50703125
0 0.334375 0.5203125 0.125 0.42578125
0 0.24609375 0.56015625 0.103125 0.29296875
0 0.234375 0.5734375 0.19921875 0.1421875
0 0.30078125 0.5265625 0.2359375 0.1109375
0 0.31875 0.41953125 0.146875 0.13671875