0 0.6734375 0.49296875 0.27421875 0.27890625
0 0.8578125 0.4015625 0.178125 0.1390625
0 0.86171875 0.4984375 0.084375 0.0984375
0 0.8578125 0.603125 0.0625 0.1296875
0 0.7921875 0.57109375 0.0984375 0.1078125
0 0.66328125 0.6265625 0.15859375 0.103125
0 0.50625 0.7015625 0.0890625 0.1390625
0 0.41328125 0.76171875 0.15390625 0.14453125
0 0.3125 0.7234375 0.1828125 0.125
0 0.28828125 0.61171875 0.16796875 0.146875
0 0.38125 0.5828125 0.1421875 0.2765625
0 0.50703125 0.4953125 0.0671875 0.1109375
0 0.48671875 0.61875 0.0890625 0.1078125
0 0.50234375 0.3453125 0.1296875 0.18984375
0 0.61796875 0.2609375 0.10078125 0.1078125
0 0.6578125 0.296875 0.11796875 0.0984375
0 0.7453125 0.26953125 0.10078125 0.115625
0 0.75390625 0.2203125 0.1421875 0.0890625
0 0.796875 0.2984375 0.1609375 0.1296875
0 0.6109375 0.18984375 0.10546875 0.071875
0 0.57421875 0.1703125 0.1109375 0.125
0 0.49375 0.178125 0.13671875 0.1296875
0 0.3296875 0.35 0.28828125 0.2140625
0 0.234375 0.353125 0.2046875 0.1296875
0 0.1984375 0.4359375 0.13671875 0.2328125
0 0.31015625 0.2328125 0.240625 0.14453125