0 0.61953125 0.43046875 0.7609375 0.5640625
0 0.18046875 0.9609375 0.3609375 0.078125
0 0.24765625 0.86171875 0.228125 0.128125
0 0.2390625 0.77265625 0.2234375 0.0875
0 0.10234375 0.821875 0.1671875 0.059375
0 0.0796875 0.89765625 0.121875 0.040625
0 0.234375 0.19921875 0.265625 0.053125
0 0.12734375 0.2578125 0.06875 0.06875
0 0.09453125 0.33671875 0.1140625 0.0984375
0 0.096875 0.43515625 0.109375 0.1140625
0 0.109375 0.5078125 0.128125 0.096875
0 0.1140625 0.590625 0.1125 0.1375
0 0.2046875 0.7125 0.303125 0.1390625
0 0.78828125 0.5 0.421875 1