0 0.97265625 0.22265625 0.0546875 0.19375
0 0.98828125 0.05625 0.0234375 0.1125
0 0.91640625 0.05390625 0.1671875 0.10625
0 0.89921875 0.2171875 0.190625 0.278125
0 0.80078125 0.06953125 0.1625 0.1390625
0 0.7984375 0.15859375 0.178125 0.2328125
0 0.97265625 0.41640625 0.0546875 0.209375
0 0.940625 0.5390625 0.11875 0.159375
0 0.8453125 0.49375 0.21875 0.2640625
0 0.88203125 0.3046875 0.1 0.1125
0 0.80625 0.353125 0.09375 0.109375
0 0.728125 0.378125 0.1625 0.24375
0 0.728125 0.24453125 0.1046875 0.1390625
0 0.61875 0.275 0.090625 0.1203125
0 0.62734375 0.14921875 0.1859375 0.146875
0 0.53671875 0.10859375 0.240625 0.2171875
0 0.66640625 0.04609375 0.128125 0.090625
0 0.5171875 0.2734375 0.18125 0.2171875
0 0.31796875 0.1625 0.11875 0.115625
0 0.36796875 0.11484375 0.121875 0.171875
0 0.29609375 0.0484375 0.13125 0.096875
0 0.37421875 0.02890625 0.0734375 0.0578125
0 0.23203125 0.07578125 0.134375 0.1515625
0 0.11640625 0.0421875 0.11875 0.084375
0 0.1359375 0.13359375 0.0890625 0.125
0 0.0578125 0.0984375 0.115625 0.196875
0 0.840625 0.9578125 0.2984375 0.084375
0 0.8796875 0.846875 0.240625 0.1921875
0 0.975 0.77109375 0.05 0.1390625
0 0.95234375 0.684375 0.0953125 0.1625
0 0.88515625 0.73046875 0.1046875 0.1109375
0 0.85859375 0.64140625 0.1515625 0.1734375
0 0.94609375 0.95546875 0.10625 0.0890625
0 0.6859375 0.7 0.178125 0.08125
0 0.61640625 0.6546875 0.1859375 0.084375
0 0.65859375 0.60078125 0.18125 0.090625
0 0.58671875 0.53046875 0.146875 0.134375
0 0.63203125 0.44140625 0.20625 0.2015625
0 0.49609375 0.43984375 0.121875 0.078125
0 0.50390625 0.31171875 0.196875 0.1515625
0 0.2765625 0.68359375 0.18125 0.171875
0 0.30859375 0.5484375 0.240625 0.1125
0 0.26015625 0.4578125 0.1125 0.125
0 0.37734375 0.3953125 0.146875 0.125
0 0.30390625 0.34921875 0.15625 0.075
0 0.3078125 0.26015625 0.2171875 0.090625
0 0.3890625 0.72109375 0.18125 0.18125
0 0.44921875 0.8203125 0.196875 0.18125
0 0.62578125 0.92421875 0.15625 0.1515625
0 0.66640625 0.8234375 0.196875 0.159375
0 0.35703125 0.95390625 0.11875 0.0921875
0 0.5 0.5 1 1
0 0.290625 0.846875 0.13125 0.1125
0 0.203125 0.80625 0.1703125 0.1109375
0 0.0625 0.71953125 0.078125 0.146875
0 0.14765625 0.69375 0.1125 0.1515625
0 0.0703125 0.59453125 0.09375 0.1046875
0 0.1359375 0.57890625 0.1 0.109375
0 0.090625 0.4984375 0.121875 0.096875
0 0.12421875 0.38515625 0.190625 0.13125
0 0.1140625 0.275 0.2015625 0.1203125
0 0.04296875 0.278125 0.0859375 0.2625
0 0.03828125 0.4828125 0.075 0.196875
0 0.04296875 0.68046875 0.0859375 0.2515625
0 0.034375 0.8796875 0.06875 0.146875
0 0.1390625 0.91484375 0.171875 0.1546875
0 0.2515625 0.94375 0.09375 0.1125
0 0.0234375 0.97109375 0.046875 0.0578125