0 0.2296875 0.5203125 0.3296875 0.31484375
0 0.765625 0.22734375 0.353125 0.2953125
0 0.63828125 0.1890625 0.084375 0.1609375
0 0.8109375 0.51796875 0.12734375 0.165625
0 0.5 0.5359375 0.23046875 0.14921875
0 0.41015625 0.63203125 0.24765625 0.134375
0 0.22265625 0.34609375 0.2140625 0.1390625
0 0.7296875 0.40625 0.17578125 0.08671875
0 0.56875 0.39453125 0.25234375 0.15390625
0 0.49296875 0.26328125 0.1921875 0.30546875
0 0.375 0.39921875 0.09140625 0.125
0 0.35703125 0.27421875 0.30078125 0.196875