0 0.27109375 0.6859375 0.4890625 0.35625
0 0.80234375 0.665625 0.33125 0.159375
0 0.92109375 0.4265625 0.1578125 0.09375
0 0.79375 0.3046875 0.2140625 0.0640625
0 0.63125 0.340625 0.075 0.0296875
0 0.8140625 0.49453125 0.1578125 0.10625
0 0.66953125 0.4890625 0.13125 0.11875
0 0.61640625 0.42265625 0.1375 0.0640625
0 0.428125 0.5296875 0.3265625 0.14375
0 0.428125 0.41015625 0.1765625 0.05625
0 0.4328125 0.2859375 0.10625 0.1015625
0 0.3125 0.31171875 0.14375 0.034375
0 0.215625 0.35546875 0.125 0.0859375
0 0.1640625 0.434375 0.153125 0.0296875