0 0.01875 0.03046875 0.0375 0.059375
0 0.059375 0.15234375 0.046875 0.06875
0 0.0828125 0.05078125 0.1125 0.1015625
0 0.1875 0.0703125 0.178125 0.140625
0 0.38828125 0.0328125 0.1625 0.065625
0 0.28671875 0.06171875 0.084375 0.1234375
0 0.55 0.04453125 0.16875 0.0890625
0 0.46015625 0.08046875 0.1 0.1609375
0 0.36171875 0.16953125 0.140625 0.1875
0 0.19375 0.23359375 0.171875 0.165625
0 0.046875 0.26953125 0.09375 0.1296875
0 0.11953125 0.34296875 0.0875 0.096875
0 0.0390625 0.396875 0.078125 0.171875
0 0.03125 0.52890625 0.0625 0.1484375
0 0.1671875 0.5828125 0.153125 0.13125
0 0.05078125 0.8578125 0.1015625 0.175
0 0.15546875 0.8 0.10625 0.1875
0 0.21875 0.91484375 0.10625 0.165625
0 0.2640625 0.859375 0.115625 0.20625
0 0.27109375 0.5140625 0.10625 0.1875
0 0.21953125 0.425 0.096875 0.08125
0 0.20078125 0.3453125 0.1203125 0.1125
0 0.3125 0.3703125 0.071875 0.1078125
0 0.39921875 0.309375 0.125 0.13125
0 0.48984375 0.3390625 0.1 0.125
0 0.52109375 0.159375 0.1078125 0.24375
0 0.60546875 0.28984375 0.10625 0.1875
0 0.6078125 0.19453125 0.065625 0.071875
0 0.6546875 0.053125 0.096875 0.10625
0 0.7125 0.134375 0.053125 0.1125
0 0.71015625 0.22578125 0.0578125 0.125
0 0.84140625 0.19375 0.2 0.3375
0 0.98125 0.603125 0.0375 0.171875
0 0.8203125 0.73125 0.26875 0.4625
0 0.63671875 0.9296875 0.1984375 0.140625
0 0.49765625 0.9296875 0.0703125 0.140625
0 0.9546875 0.95859375 0.075 0.0828125
0 0.98515625 0.81484375 0.0296875 0.0796875
0 0.97109375 0.353125 0.0578125 0.14375
0 0.86953125 0.43125 0.1859375 0.159375
0 0.7609375 0.4421875 0.03125 0.0703125
0 0.72890625 0.51796875 0.084375 0.05625
0 0.67578125 0.40546875 0.0953125 0.14375
0 0.609375 0.5046875 0.0828125 0.1359375
0 0.6078125 0.60546875 0.125 0.15625
0 0.4890625 0.6078125 0.1375 0.1609375
0 0.5 0.525 0.146875 0.175
0 0.53671875 0.4484375 0.0875 0.103125
0 0.3578125 0.5046875 0.1625 0.215625
0 0.35703125 0.7765625 0.140625 0.0953125
0 0.346875 0.88671875 0.1 0.125