0 0.35859375 0.92421875 0.2 0.121875
0 0.2984375 0.9015625 0.090625 0.0671875
0 0.4921875 0.85859375 0.084375 0.1390625
0 0.58046875 0.84921875 0.18125 0.171875
0 0.5921875 0.8828125 0.06875 0.0796875
0 0.66328125 0.8640625 0.071875 0.053125
0 0.6265625 0.8890625 0.04375 0.0421875
0 0.73359375 0.853125 0.04375 0.059375
0 0.71875 0.90078125 0.084375 0.065625
0 0.78203125 0.87421875 0.13125 0.0625
0 0.7875 0.9078125 0.053125 0.025
0 0.825 0.81875 0.18125 0.1546875
0 0.77890625 0.76484375 0.0796875 0.071875
0 0.70859375 0.7921875 0.075 0.0828125
0 0.7 0.7359375 0.1125 0.059375
0 0.46640625 0.69921875 0.30625 0.209375
0 0.26484375 0.75 0.2359375 0.20625
0 0.18046875 0.69765625 0.1375 0.1171875
0 0.21875 0.75859375 0.0796875 0.084375
0 0.14921875 0.74375 0.05 0.0296875
0 0.14765625 0.828125 0.0625 0.0796875
0 0.21875 0.8171875 0.159375 0.1015625
0 0.4140625 0.825 0.1171875 0.071875
0 0.47109375 0.72421875 0.140625 0.09375
0 0.46015625 0.6578125 0.1296875 0.0671875
0 0.56484375 0.678125 0.0546875 0.0625
0 0.63828125 0.66640625 0.03125 0.0296875
0 0.64296875 0.71484375 0.0671875 0.0421875
0 0.77109375 0.7203125 0.075 0.0625
0 0.77578125 0.665625 0.040625 0.021875
0 0.79140625 0.69296875 0.0546875 0.03125
0 0.81484375 0.65078125 0.0625 0.1375
0 0.7421875 0.628125 0.053125 0.053125
0 0.75625 0.640625 0.06875 0.0625
0 0.6890625 0.6265625 0.090625 0.075
0 0.725 0.56875 0.071875 0.0625
0 0.8296875 0.56484375 0.1125 0.109375
0 0.196875 0.596875 0.159375 0.084375
0 0.3046875 0.58046875 0.05625 0.0875
0 0.33984375 0.55234375 0.0625 0.1140625
0 0.4015625 0.5734375 0.10625 0.0875
0 0.6234375 0.21015625 0.390625 0.2015625
0 0.628125 0.30234375 0.10625 0.071875
0 0.72890625 0.134375 0.2140625 0.1140625
0 0.8484375 0.19921875 0.084375 0.059375
0 0.8109375 0.15703125 0.1296875 0.084375
0 0.70390625 0.175 0.125 0.08125
0 0.825 0.21875 0.0921875 0.025
0 0.83828125 0.2875 0.084375 0.0875
0 0.8109375 0.35703125 0.084375 0.078125
0 0.75625 0.32109375 0.090625 0.0546875
0 0.72734375 0.38828125 0.103125 0.06875
0 0.6890625 0.35703125 0.0796875 0.0375
0 0.66953125 0.3953125 0.05 0.0296875
0 0.63828125 0.428125 0.0671875 0.090625
0 0.69140625 0.50390625 0.153125 0.1515625
0 0.7671875 0.4875 0.2609375 0.2140625
0 0.553125 0.5375 0.1125 0.084375
0 0.56484375 0.596875 0.134375 0.04375
0 0.21640625 0.89296875 0.075 0.040625
0 0.17421875 0.51640625 0.090625 0.071875
0 0.1875 0.48359375 0.071875 0.103125
0 0.2671875 0.47109375 0.071875 0.05625
0 0.27578125 0.51875 0.125 0.053125
0 0.42265625 0.4765625 0.2390625 0.0921875
0 0.39765625 0.43671875 0.11875 0.053125
0 0.39765625 0.52734375 0.05 0.025
0 0.45859375 0.5421875 0.0625 0.05
0 0.4625 0.58359375 0.06875 0.0375
0 0.46796875 0.403125 0.0546875 0.034375
0 0.55234375 0.45 0.125 0.1
0 0.5296875 0.353125 0.090625 0.1
0 0.4453125 0.33359375 0.16875 0.14375
0 0.35546875 0.39140625 0.090625 0.0375
0 0.425 0.30703125 0.075 0.096875
0 0.45625 0.25 0.1125 0.103125
0 0.378125 0.22265625 0.034375 0.0421875
0 0.346875 0.190625 0.096875 0.1125
0 0.36328125 0.153125 0.084375 0.10625
0 0.44921875 0.08984375 0.1765625 0.084375
0 0.60546875 0.1515625 0.10625 0.0546875
0 0.18515625 0.3109375 0.1375 0.04375
0 0.203125 0.35078125 0.1125 0.0796875
0 0.16171875 0.4015625 0.0796875 0.0375
0 0.23046875 0.4203125 0.03125 0.015625
0 0.2734375 0.38671875 0.09375 0.08125
0 0.325 0.32578125 0.053125 0.04375
0 0.2390625 0.29453125 0.2 0.103125
0 0.2375 0.26015625 0.1875 0.1171875
0 0.25625 0.15703125 0.1640625 0.075
0 0.2625 0.14140625 0.1171875 0.1390625
0 0.19765625 0.09921875 0.0625 0.0796875