0 0.4890625 0.04296875 0.76875 0.084375
0 0.47109375 0.078125 0.7125 0.078125
0 0.42578125 0.1171875 0.6125 0.078125
0 0.38203125 0.26328125 0.54375 0.215625
0 0.55703125 0.20703125 0.475 0.103125
0 0.61953125 0.33671875 0.425 0.078125
0 0.484375 0.41796875 0.7390625 0.134375
0 0.3453125 0.4984375 0.471875 0.128125
0 0.32421875 0.621875 0.428125 0.1171875
0 0.55703125 0.621875 0.39375 0.1171875
0 0.5890625 0.52421875 0.446875 0.0875
0 0.4 0.72421875 0.5609375 0.0875
0 0.340625 0.7875 0.4515625 0.1375
0 0.6484375 0.82421875 0.375 0.1171875
0 0.38984375 0.934375 0.5484375 0.13125
0 0.70234375 0.92578125 0.296875 0.090625
0 0.7171875 0.98515625 0.15625 0.0296875