0 0.55234375 0.0734375 0.8703125 0.146875
0 0.284375 0.0921875 0.446875 0.1296875
0 0.22890625 0.11796875 0.434375 0.103125
0 0.55390625 0.221875 0.8578125 0.15
0 0.278125 0.24375 0.428125 0.1203125
0 0.2203125 0.2625 0.415625 0.1078125
0 0.54921875 0.3734375 0.853125 0.15
0 0.28203125 0.38828125 0.440625 0.115625
0 0.21796875 0.403125 0.4125 0.1
0 0.54921875 0.5296875 0.853125 0.153125
0 0.28515625 0.5234375 0.425 0.14375
0 0.19609375 0.52578125 0.36875 0.134375
0 0.54921875 0.68515625 0.853125 0.1546875
0 0.2796875 0.659375 0.4359375 0.1078125
0 0.21796875 0.64609375 0.4125 0.1015625
0 0.54921875 0.83828125 0.8625 0.1671875
0 0.28828125 0.80546875 0.4390625 0.1296875
0 0.23125 0.78828125 0.428125 0.1109375
0 0.215625 0.93984375 0.396875 0.0953125
0 0.28828125 0.95078125 0.44375 0.0984375
0 0.54765625 0.953125 0.8796875 0.09375