0 0.9125 0.6421875 0.11796875 0.1921875
0 0.890625 0.69921875 0.06484375 0.08671875
0 0.8484375 0.51171875 0.134375 0.08203125
0 0.83984375 0.4265625 0.165625 0.17578125
0 0.87265625 0.415625 0.0765625 0.0671875
0 0.8546875 0.34765625 0.05078125 0.06953125
0 0.87890625 0.38203125 0.040625 0.04296875
0 0.84375 0.27890625 0.0578125 0.04296875
0 0.8890625 0.29296875 0.0625 0.08203125
0 0.8640625 0.23203125 0.06015625 0.12734375
0 0.896875 0.22734375 0.02421875 0.05078125
0 0.81015625 0.19140625 0.14921875 0.17578125
0 0.75859375 0.2359375 0.06953125 0.0765625
0 0.78515625 0.303125 0.0796875 0.071875
0 0.73046875 0.3109375 0.0578125 0.1078125
0 0.69453125 0.5375 0.2015625 0.2953125
0 0.74375 0.73203125 0.19921875 0.228125
0 0.69375 0.8140625 0.11328125 0.13203125
0 0.75234375 0.7765625 0.08203125 0.0765625
0 0.73828125 0.84375 0.02890625 0.0484375
0 0.81953125 0.8453125 0.0765625 0.06015625
0 0.80859375 0.7765625 0.0984375 0.15390625
0 0.81640625 0.5875 0.06953125 0.11328125
0 0.71875 0.5328125 0.09140625 0.13671875
0 0.6546875 0.54296875 0.06484375 0.125
0 0.67421875 0.4421875 0.06015625 0.053125
0 0.66328125 0.37109375 0.02890625 0.03125
0 0.71015625 0.36640625 0.040625 0.06484375
0 0.71484375 0.24296875 0.06015625 0.071875
0 0.6625 0.23828125 0.021875 0.03828125
0 0.6890625 0.2234375 0.03125 0.053125
0 0.64765625 0.20078125 0.13203125 0.06015625
0 0.6265625 0.2703125 0.05078125 0.05078125
0 0.63828125 0.25703125 0.06015625 0.0671875
0 0.625 0.321875 0.071875 0.08671875
0 0.56875 0.2875 0.06015625 0.06953125
0 0.56484375 0.1859375 0.10546875 0.1078125
0 0.59609375 0.7984375 0.08203125 0.15390625
0 0.58046875 0.69375 0.084375 0.05546875
0 0.553125 0.66015625 0.1109375 0.06015625
0 0.5734375 0.6 0.084375 0.103125
0 0.22265625 0.3859375 0.19453125 0.37734375
0 0.3109375 0.38125 0.06953125 0.103125
0 0.14921875 0.28359375 0.1109375 0.20703125
0 0.21171875 0.16796875 0.0578125 0.08203125
0 0.1703125 0.2046875 0.08203125 0.125
0 0.1890625 0.3078125 0.0796875 0.1203125
0 0.23046875 0.19140625 0.02421875 0.0890625
0 0.296875 0.178125 0.084375 0.08203125
0 0.3640625 0.2046875 0.07421875 0.08203125
0 0.3296875 0.25703125 0.053125 0.08671875
0 0.39453125 0.28515625 0.0671875 0.0984375
0 0.3640625 0.321875 0.0359375 0.0765625
0 0.4015625 0.34140625 0.02890625 0.0484375
0 0.4328125 0.37109375 0.08671875 0.06484375
0 0.50625 0.31953125 0.146875 0.14921875
0 0.490625 0.24609375 0.20703125 0.25234375
0 0.53828125 0.453125 0.08203125 0.1078125
0 0.59609375 0.4421875 0.04296875 0.1296875
0 0.88203125 0.77890625 0.03828125 0.071875
0 0.51796875 0.81953125 0.06953125 0.08671875
0 0.48671875 0.80625 0.0984375 0.06953125
0 0.475 0.7296875 0.05546875 0.06953125
0 0.5203125 0.72109375 0.05078125 0.1203125
0 0.4796875 0.5796875 0.0890625 0.23046875
0 0.44140625 0.603125 0.05078125 0.115625
0 0.52890625 0.603125 0.02421875 0.0484375
0 0.54296875 0.54453125 0.0484375 0.06015625
0 0.5828125 0.540625 0.0359375 0.0671875
0 0.40859375 0.5359375 0.03359375 0.053125
0 0.4546875 0.4546875 0.09609375 0.1203125
0 0.3609375 0.47578125 0.09609375 0.08671875
0 0.34140625 0.5578125 0.1390625 0.16328125
0 0.39765625 0.64453125 0.0359375 0.08671875
0 0.31640625 0.5765625 0.09375 0.071875
0 0.2609375 0.546875 0.0984375 0.1078125
0 0.234375 0.62265625 0.040625 0.03359375
0 0.203125 0.65234375 0.1078125 0.09375
0 0.1671875 0.63671875 0.103125 0.08203125
0 0.10546875 0.55390625 0.08203125 0.1703125
0 0.165625 0.40234375 0.053125 0.103125
0 0.31953125 0.80859375 0.04296875 0.13203125
0 0.3578125 0.7921875 0.0765625 0.1078125
0 0.4078125 0.83203125 0.0359375 0.0765625
0 0.42578125 0.765625 0.0140625 0.03125
0 0.39296875 0.7234375 0.0796875 0.09140625
0 0.334375 0.67421875 0.04296875 0.05078125
0 0.30390625 0.75703125 0.0984375 0.1921875
0 0.2703125 0.75859375 0.11328125 0.18046875
0 0.1703125 0.740625 0.071875 0.15859375
0 0.15625 0.734375 0.134375 0.11328125
0 0.115625 0.796875 0.0765625 0.06015625