0 0.9234375 0.546875 0.14453125 0.853125
0 0.9046875 0.28359375 0.12734375 0.4375
0 0.8796875 0.2296875 0.10078125 0.42578125
0 0.77734375 0.5484375 0.146875 0.84140625
0 0.75625 0.27734375 0.11796875 0.4203125
0 0.73828125 0.22109375 0.10546875 0.40859375
0 0.62890625 0.54296875 0.146875 0.83671875
0 0.6140625 0.28125 0.11328125 0.4328125
0 0.6 0.21875 0.0984375 0.40390625
0 0.47578125 0.54296875 0.14921875 0.83671875
0 0.48203125 0.28515625 0.1421875 0.415625
0 0.4796875 0.196875 0.13203125 0.3609375
0 0.3234375 0.54296875 0.1515625 0.83671875
0 0.3484375 0.27890625 0.10546875 0.428125
0 0.36171875 0.21875 0.0984375 0.40390625
0 0.1734375 0.54296875 0.16328125 0.84609375
0 0.20546875 0.2875 0.12734375 0.43046875
0 0.22265625 0.23203125 0.1078125 0.4203125
0 0.0734375 0.21640625 0.09375 0.3890625
0 0.05546875 0.2875 0.1109375 0.43515625
0 0.053125 0.5421875 0.10546875 0.86328125