0 0.62890625 0.23359375 0.1828125 0.2578125
0 0.46640625 0.25 0.2125 0.165625
0 0.48828125 0.20859375 0.109375 0.0671875
0 0.4328125 0.3375 0.0859375 0.1
0 0.37734375 0.2859375 0.071875 0.078125
0 0.28203125 0.3171875 0.178125 0.171875
0 0.19765625 0.3375 0.153125 0.13125
0 0.065625 0.3578125 0.1 0.11875
0 0.05078125 0.43125 0.1015625 0.128125
0 0.27421875 0.55625 0.1828125 0.43125
0 0.70546875 0.721875 0.2875 0.325
0 0.56875 0.48828125 0.24375 0.309375
0 0.62734375 0.51171875 0.25625 0.1375
0 0.5859375 0.78515625 0.26875 0.1515625
0 0.484375 0.94921875 0.153125 0.1015625
0 0.46640625 0.875 0.115625 0.09375
0 0.49296875 0.72734375 0.28125 0.29375
0 0.3921875 0.69609375 0.103125 0.165625
0 0.415625 0.528125 0.159375 0.2234375
0 0.33203125 0.70703125 0.1265625 0.128125
0 0.27265625 0.8453125 0.159375 0.159375
0 0.125 0.63828125 0.153125 0.196875
0 0.13984375 0.51875 0.1828125 0.253125
0 0.05546875 0.59140625 0.109375 0.19375
0 0.12109375 0.78203125 0.209375 0.2578125
0 0.17890625 0.8734375 0.2609375 0.253125
0 0.346875 0.925 0.19375 0.15
0 0.03359375 0.83046875 0.0671875 0.321875