0 0.8703125 0.7296875 0.1109375 0.36796875
0 0.72734375 0.72578125 0.1078125 0.3796875
0 0.58046875 0.7140625 0.1078125 0.3890625
0 0.42890625 0.71484375 0.1078125 0.3921875
0 0.275 0.72265625 0.11328125 0.38203125
0 0.12734375 0.7234375 0.10546875 0.3890625
0 0.8609375 0.26328125 0.1109375 0.37265625
0 0.7078125 0.271875 0.146875 0.35546875
0 0.55390625 0.26953125 0.11328125 0.35078125
0 0.4171875 0.26328125 0.103125 0.37265625
0 0.2796875 0.25703125 0.11328125 0.3796875
0 0.13125 0.25234375 0.13671875 0.384375