0 0.81328125 0.93203125 0.3734375 0.1359375
0 0.80703125 0.75234375 0.3859375 0.2671875
0 0.48984375 0.884375 0.3765625 0.23125
0 0.1625 0.934375 0.325 0.13125
0 0.17109375 0.74375 0.340625 0.240625
0 0.4984375 0.63359375 0.36875 0.2328125
0 0.81875 0.50390625 0.3625 0.2328125
0 0.4953125 0.36640625 0.3765625 0.2375
0 0.17734375 0.49609375 0.353125 0.240625
0 0.16796875 0.253125 0.3359375 0.234375
0 0.16796875 0.0640625 0.3359375 0.128125
0 0.4921875 0.11875 0.371875 0.2375
0 0.815625 0.06328125 0.36875 0.1265625
0 0.81328125 0.24609375 0.3734375 0.2453125