0 0.92421875 0.7296875 0.1421875 0.46875
0 0.7296875 0.71875 0.209375 0.48046875
0 0.89921875 0.51796875 0.1921875 0.51171875
0 0.9046875 0.19140625 0.18515625 0.23828125
0 0.68046875 0.17578125 0.2546875 0.21640625
0 0.66484375 0.51328125 0.2765625 0.521875
0 0.5109375 0.703125 0.2234375 0.478125
0 0.27734375 0.6984375 0.2328125 0.46875
0 0.38359375 0.56484375 0.2859375 0.40859375
0 0.4203125 0.27421875 0.26953125 0.21640625
0 0.140625 0.25703125 0.2671875 0.21640625
0 0.1203125 0.54921875 0.240625 0.415625