0 0.91796875 0.8125 0.15390625 0.365625
0 0.7328125 0.80625 0.259375 0.37734375
0 0.86796875 0.49765625 0.2359375 0.365625
0 0.92109375 0.16796875 0.1515625 0.3359375
0 0.725 0.1765625 0.2328125 0.353125
0 0.61796875 0.50625 0.22578125 0.3578125
0 0.49296875 0.81875 0.22578125 0.353125
0 0.3578125 0.50234375 0.23046875 0.365625
0 0.484375 0.1828125 0.2328125 0.365625
0 0.2484375 0.17421875 0.228125 0.3484375
0 0.0640625 0.17421875 0.12734375 0.3484375
0 0.11640625 0.5 0.2328125 0.3609375
0 0.0625 0.81484375 0.125 0.3609375
0 0.24140625 0.8125 0.23828125 0.365625