0 0.634375 0.86796875 0.15859375 0.2546875
0 0.6359375 0.75625 0.0453125 0.11328125
0 0.6859375 0.77734375 0.03125 0.084375
0 0.6546875 0.5640625 0.165625 0.1515625
0 0.7125 0.6984375 0.2140625 0.37265625
0 0.8703125 0.74609375 0.0671875 0.15625
0 0.91953125 0.83984375 0.05546875 0.12734375
0 0.90625 0.59375 0.0484375 0.09140625
0 0.76171875 0.42421875 0.14921875 0.2234375
0 0.84140625 0.42421875 0.04296875 0.1515625
0 0.8734375 0.39453125 0.05078125 0.196875
0 0.9390625 0.46015625 0.103125 0.11328125
0 0.9125 0.31640625 0.0453125 0.11328125
0 0.96640625 0.35546875 0.04296875 0.0484375
0 0.96875 0.16953125 0.0578125 0.084375
0 0.91953125 0.0671875 0.0265625 0.0484375
0 0.89765625 0.109375 0.03125 0.0359375
0 0.853125 0.20546875 0.053125 0.084375
0 0.79453125 0.15390625 0.0265625 0.09140625
0 0.8140625 0.0515625 0.06953125 0.103125
0 0.740625 0.078125 0.053125 0.15625
0 0.74140625 0.25 0.05078125 0.09140625
0 0.6625 0.26796875 0.03125 0.040625
0 0.6734375 0.0875 0.02890625 0.0890625
0 0.6265625 0.21171875 0.0984375 0.09609375
0 0.5953125 0.35234375 0.0890625 0.11328125
0 0.65390625 0.53125 0.3125 0.240625
0 0.478125 0.7984375 0.15390625 0.33203125
0 0.38203125 0.8734375 0.053125 0.084375
0 0.459375 0.55390625 0.15390625 0.2671875
0 0.33203125 0.57578125 0.125 0.24765625
0 0.4953125 0.26171875 0.0625 0.1734375
0 0.5359375 0.165625 0.071875 0.09140625
0 0.53515625 0.071875 0.1046875 0.14375
0 0.6078125 0.0421875 0.1296875 0.084375
0 0.4375 0.0484375 0.115625 0.09609375
0 0.36328125 0.1234375 0.15390625 0.1609375
0 0.2828125 0.0609375 0.0890625 0.06015625
0 0.34375 0.21015625 0.20703125 0.2046875
0 0.41796875 0.21171875 0.03359375 0.071875
0 0.32109375 0.25 0.1609375 0.1390625
0 0.39296875 0.35703125 0.1609375 0.084375
0 0.3484375 0.38671875 0.1203125 0.09609375
0 0.23671875 0.3703125 0.1421875 0.115625
0 0.13203125 0.50703125 0.2640625 0.08671875
0 0.10234375 0.6140625 0.2046875 0.2765625
0 0.11640625 0.63828125 0.12265625 0.13203125
0 0.2828125 0.84609375 0.1421875 0.2359375
0 0.11171875 0.75625 0.06484375 0.06484375
0 0.17578125 0.7546875 0.0625 0.071875
0 0.13828125 0.85546875 0.1515625 0.240625
0 0.1109375 0.9 0.0765625 0.18515625
0 0.17421875 0.9421875 0.06484375 0.10078125
0 0.165625 0.38671875 0.178125 0.240625
0 0.07109375 0.2046875 0.12734375 0.16796875
0 0.165625 0.2140625 0.0671875 0.0671875
0 0.1921875 0.16015625 0.053125 0.0890625
0 0.18359375 0.06015625 0.09375 0.1203125
0 0.0453125 0.09140625 0.0671875 0.071875
0 0.54296875 0.38125 0.0578125 0.0359375