0 0.70703125 0.59140625 0.23046875 0.16328125
0 0.6921875 0.44609375 0.14921875 0.18984375
0 0.7296875 0.46484375 0.06015625 0.0984375
0 0.6140625 0.415625 0.0890625 0.0765625
0 0.66015625 0.36640625 0.06953125 0.06484375
0 0.63203125 0.28125 0.15390625 0.15859375
0 0.6140625 0.20546875 0.11796875 0.13671875
0 0.59609375 0.0875 0.10546875 0.0890625
0 0.53125 0.06015625 0.115625 0.1203125
0 0.41796875 0.27421875 0.384375 0.16328125
0 0.2703125 0.66015625 0.290625 0.25703125
0 0.4796875 0.5375 0.2765625 0.21875
0 0.4578125 0.58984375 0.12265625 0.228125
0 0.2140625 0.553125 0.134375 0.240625
0 0.05625 0.46171875 0.1125 0.1359375
0 0.13359375 0.44609375 0.084375 0.103125
0 0.265625 0.4703125 0.26171875 0.25234375
0 0.29296875 0.3796875 0.14921875 0.09140625
0 0.44375 0.4 0.19921875 0.1421875
0 0.28359375 0.32578125 0.115625 0.11328125
0 0.16015625 0.27265625 0.1421875 0.1421875
0 0.3453125 0.140625 0.17578125 0.13671875
0 0.4515625 0.15390625 0.22578125 0.16328125
0 0.38671875 0.0640625 0.1734375 0.12734375
0 0.21640625 0.13671875 0.23046875 0.1875
0 0.1234375 0.18828125 0.246875 0.2328125
0 0.078125 0.3390625 0.15625 0.1734375
0 0.1734375 0.04453125 0.28828125 0.0890625