0 0.23125 0.25625 0.2625 0.5125
0 0.55 0.45 0.503125 0.9
0 0.07109375 0.228125 0.1421875 0.45625
0 0.10546875 0.03671875 0.0890625 0.0734375
0 0.521875 0.21953125 0.23125 0.30625
0 0.8109375 0.41328125 0.378125 0.615625
0 0.8953125 0.20546875 0.209375 0.3765625
0 0.90703125 0.078125 0.1828125 0.15625
0 0.6484375 0.08359375 0.278125 0.165625
0 0.93125 0.8859375 0.1375 0.228125
0 0.9578125 0.80625 0.084375 0.215625
0 0.64375 0.821875 0.54375 0.35625
0 0.15546875 0.81484375 0.3109375 0.33125
0 0.11015625 0.96328125 0.1859375 0.0734375
0 0.290625 0.79921875 0.271875 0.265625
0 0.18046875 0.57734375 0.3609375 0.2921875
0 0.5 0.5 1 1