0 0.37421875 0.7 0.125 0.39375
0 0.5265625 0.67890625 0.121875 0.3890625
0 0.68125 0.65625 0.1296875 0.390625
0 0.2171875 0.403125 0.0625 0.05625
0 0.21171875 0.3546875 0.0421875 0.0421875
0 0.2078125 0.31640625 0.0453125 0.034375
0 0.32265625 0.3890625 0.046875 0.053125
0 0.31328125 0.34296875 0.040625 0.040625
0 0.31328125 0.309375 0.01875 0.0265625
0 0.42890625 0.36875 0.0421875 0.05625
0 0.40625 0.334375 0.028125 0.0453125
0 0.3984375 0.30390625 0.034375 0.0421875
0 0.5171875 0.29765625 0.034375 0.028125
0 0.5359375 0.3296875 0.034375 0.0453125
0 0.55390625 0.371875 0.05 0.040625
0 0.6625 0.35546875 0.034375 0.040625
0 0.63125 0.33203125 0.040625 0.040625
0 0.6015625 0.3125 0.040625 0.06875
0 0.7 0.32109375 0.040625 0.0875
0 0.7234375 0.33828125 0.034375 0.06875
0 0.76328125 0.35546875 0.040625 0.034375