0 0.50625 0.3078125 0.7703125 0.115625
0 0.5515625 0.2515625 0.725 0.06875
0 0.44453125 0.415625 0.753125 0.128125
0 0.46484375 0.55390625 0.8375 0.15
0 0.7296875 0.4984375 0.34375 0.06875
0 0.7765625 0.4484375 0.284375 0.053125
0 0.89609375 0.403125 0.08125 0.053125
0 0.91640625 0.4875 0.05 0.0453125
0 0.903125 0.534375 0.021875 0.0375
0 0.76796875 0.58828125 0.3734375 0.065625
0 0.75390625 0.66171875 0.35625 0.071875
0 0.48359375 0.68671875 0.80625 0.1265625
0 0.91953125 0.696875 0.0453125 0.0453125
0 0.51796875 0.8015625 0.7578125 0.11875
0 0.54921875 0.8625 0.7046875 0.084375
0 0.90546875 0.83046875 0.053125 0.0609375
0 0.81953125 0.78046875 0.234375 0.0453125