0 0.2390625 0.096875 0.4234375 0.19375
0 0.03984375 0.03828125 0.078125 0.0765625
0 0.0484375 0.21640625 0.096875 0.209375
0 0.25625 0.315625 0.4328125 0.240625
0 0.03359375 0.45546875 0.0671875 0.1875
0 0.03984375 0.6921875 0.078125 0.190625
0 0.03828125 0.91484375 0.0734375 0.1703125
0 0.24375 0.55078125 0.4328125 0.23125
0 0.22265625 0.79453125 0.421875 0.228125
0 0.24140625 0.9578125 0.428125 0.084375
0 0.5375 0.03359375 0.365625 0.0671875
0 0.83203125 0.08671875 0.3359375 0.1734375
0 0.525 0.18828125 0.365625 0.2375
0 0.51328125 0.42578125 0.353125 0.2328125
0 0.5125 0.66328125 0.371875 0.228125
0 0.5125 0.8921875 0.3625 0.215625
0 0.82265625 0.76875 0.353125 0.234375
0 0.82890625 0.53203125 0.340625 0.228125
0 0.834375 0.29375 0.33125 0.23125
0 0.8234375 0.9421875 0.353125 0.115625