0 0.7796875 0.7359375 0.271875 0.528125
0 0.44765625 0.534375 0.5234375 0.93125
0 0.93671875 0.765625 0.1265625 0.46875
0 0.9109375 0.9640625 0.0921875 0.071875
0 0.47734375 0.7765625 0.240625 0.31875
0 0.18671875 0.575 0.3734375 0.640625
0 0.0984375 0.790625 0.196875 0.39375
0 0.0859375 0.92109375 0.171875 0.1578125
0 0.3453125 0.915625 0.2890625 0.16875
0 0.06171875 0.10078125 0.1234375 0.2015625
0 0.03359375 0.16640625 0.0671875 0.2234375
0 0.34921875 0.1671875 0.5671875 0.334375
0 0.8484375 0.165625 0.303125 0.328125
0 0.9046875 0.0203125 0.190625 0.040625
0 0.71796875 0.1734375 0.2828125 0.275
0 0.82265625 0.4046875 0.3546875 0.3046875
0 0.5 0.5 1 1