0 0.8703125 0.696875 0.1828125 0.1203125
0 0.80390625 0.49296875 0.18515625 0.1828125
0 0.5890625 0.4625 0.16328125 0.1078125
0 0.4109375 0.30078125 0.16328125 0.10078125
0 0.4046875 0.43984375 0.1515625 0.08203125
0 0.5796875 0.609375 0.125 0.1078125
0 0.7078125 0.64921875 0.1421875 0.115625
0 0.4640625 0.75234375 0.1921875 0.115625
0 0.2984375 0.63359375 0.16796875 0.09375
0 0.19921875 0.478125 0.178125 0.1203125
0 0.1109375 0.63359375 0.1734375 0.103125
0 0.43515625 0.57109375 0.10546875 0.06484375