0 0.4953125 0.97421875 0.8 0.0515625
0 0.51484375 0.95703125 0.740625 0.08125
0 0.5625 0.91640625 0.6375 0.08125
0 0.6078125 0.7640625 0.565625 0.2234375
0 0.425 0.82265625 0.4953125 0.10625
0 0.36015625 0.6875 0.440625 0.08125
0 0.5015625 0.603125 0.76875 0.140625
0 0.64609375 0.51875 0.490625 0.134375
0 0.6671875 0.390625 0.446875 0.121875
0 0.425 0.390625 0.409375 0.121875
0 0.3921875 0.4921875 0.465625 0.090625
0 0.5890625 0.284375 0.584375 0.090625
0 0.65078125 0.21796875 0.46875 0.1421875
0 0.3296875 0.18046875 0.390625 0.121875
0 0.6 0.0671875 0.571875 0.134375
0 0.27421875 0.075 0.309375 0.09375
0 0.25859375 0.0140625 0.1625 0.028125