0 0.775 0.70703125 0.15625 0.1734375
0 0.89296875 0.66484375 0.05078125 0.0796875
0 0.81640625 0.640625 0.021875 0.06484375
0 0.8296875 0.59140625 0.0625 0.0484375
0 0.765625 0.634375 0.05078125 0.0625
0 0.89921875 0.571875 0.02890625 0.053125
0 0.84140625 0.49765625 0.0578125 0.0625
0 0.82578125 0.47109375 0.05078125 0.04296875
0 0.93359375 0.47109375 0.06953125 0.115625
0 0.8609375 0.43125 0.16796875 0.13203125
0 0.8390625 0.3421875 0.09140625 0.0796875
0 0.8921875 0.3921875 0.053125 0.09609375
0 0.78125 0.2859375 0.0765625 0.04296875
0 0.83203125 0.27265625 0.03828125 0.06953125
0 0.86328125 0.2390625 0.071875 0.07421875
0 0.75234375 0.33671875 0.01953125 0.03828125
0 0.75859375 0.38359375 0.01171875 0.0171875
0 0.69453125 0.3921875 0.0765625 0.0625
0 0.7390625 0.4421875 0.06484375 0.0578125
0 0.68359375 0.5265625 0.11796875 0.1109375
0 0.61640625 0.671875 0.13671875 0.19921875
0 0.53984375 0.7203125 0.0453125 0.06484375
0 0.43984375 0.7125 0.1296875 0.13203125
0 0.47265625 0.5578125 0.1515625 0.1109375
0 0.509375 0.55546875 0.26953125 0.16796875
0 0.58046875 0.4390625 0.290625 0.11796875
0 0.3015625 0.71640625 0.13203125 0.16328125
0 0.303125 0.76171875 0.02890625 0.0625
0 0.18046875 0.61640625 0.3609375 0.24765625
0 0.1265625 0.5 0.0265625 0.03828125
0 0.26796875 0.509375 0.12265625 0.053125
0 0.3328125 0.49140625 0.084375 0.07421875
0 0.2671875 0.41796875 0.1875 0.15859375
0 0.3859375 0.41796875 0.12734375 0.09609375
0 0.415625 0.34609375 0.14921875 0.0671875
0 0.44375 0.3140625 0.18515625 0.12734375
0 0.5203125 0.30625 0.03125 0.06484375
0 0.5765625 0.33671875 0.08203125 0.09140625
0 0.6203125 0.27890625 0.0625 0.0484375
0 0.696875 0.30390625 0.09140625 0.06953125
0 0.775 0.2140625 0.103125 0.09140625
0 0.6671875 0.1875 0.15625 0.09140625
0 0.61171875 0.20703125 0.1078125 0.09609375
0 0.515625 0.2125 0.1078125 0.07421875
0 0.5484375 0.15625 0.0140625 0.03828125
0 0.5671875 0.10546875 0.0484375 0.053125
0 0.609375 0.0625 0.0265625 0.0484375
0 0.6390625 0.13828125 0.10078125 0.07421875
0 0.4828125 0.12890625 0.09609375 0.084375
0 0.4640625 0.06484375 0.01953125 0.053125
0 0.36640625 0.16796875 0.0890625 0.10078125
0 0.353125 0.2234375 0.0671875 0.053125
0 0.446875 0.26171875 0.134375 0.10078125
0 0.26171875 0.2203125 0.09140625 0.0890625
0 0.29296875 0.2796875 0.0671875 0.040625
0 0.271875 0.3234375 0.0765625 0.040625
0 0.1671875 0.31484375 0.13671875 0.1109375
0 0.12890625 0.24296875 0.06015625 0.04296875
0 0.0671875 0.37109375 0.1203125 0.12734375