0 0.9671875 0.81640625 0.05546875 0.18515625
0 0.915625 0.7875 0.134375 0.103125
0 0.853125 0.4421875 0.2015625 0.4859375
0 0.9703125 0.6265625 0.05078125 0.07421875
0 0.9671875 0.51953125 0.05546875 0.1109375
0 0.94453125 0.5015625 0.04296875 0.06484375
0 0.95078125 0.3734375 0.0890625 0.18984375
0 0.9265625 0.203125 0.13671875 0.18515625
0 0.94609375 0.0671875 0.0984375 0.134375
0 0.80625 0.0796875 0.165625 0.15859375
0 0.83984375 0.11328125 0.1421875 0.1734375
0 0.83046875 0.1890625 0.05546875 0.06953125
0 0.671875 0.51796875 0.26171875 0.2671875
0 0.68125 0.6109375 0.21875 0.1296875
0 0.63359375 0.5421875 0.228125 0.2234375
0 0.7671875 0.77734375 0.27890625 0.2328125
0 0.78984375 0.8109375 0.18046875 0.17578125
0 0.8859375 0.85703125 0.103125 0.06484375
0 0.7546875 0.88125 0.125 0.07421875
0 0.4546875 0.76171875 0.4859375 0.22578125
0 0.359375 0.88828125 0.17578125 0.06015625
0 0.5625 0.88125 0.25 0.06484375
0 0.1421875 0.75625 0.25 0.32421875
0 0.0515625 0.8484375 0.103125 0.1390625
0 0.1078125 0.69140625 0.215625 0.2015625
0 0.125 0.634375 0.240625 0.33203125
0 0.32421875 0.64921875 0.2453125 0.1203125
0 0.36875 0.521875 0.396875 0.375
0 0.6265625 0.41015625 0.334375 0.3578125
0 0.68984375 0.234375 0.125 0.06953125
0 0.6078125 0.25 0.08203125 0.1109375
0 0.4703125 0.31953125 0.21875 0.16796875
0 0.3234375 0.265625 0.2234375 0.1421875
0 0.3234375 0.35234375 0.25703125 0.2046875
0 0.13125 0.4125 0.228125 0.56484375
0 0.11171875 0.4234375 0.2234375 0.2546875
0 0.04296875 0.1671875 0.0859375 0.259375
0 0.21640625 0.12734375 0.28828125 0.2546875
0 0.35546875 0.0671875 0.1875 0.125
0 0.53515625 0.125 0.50234375 0.2015625
0 0.54453125 0.04453125 0.25703125 0.0890625