0 0.078125 0.309375 0.15625 0.325
0 0.12421875 0.20234375 0.2484375 0.3515625
0 0.528125 0.3484375 0.221875 0.3125
0 0.54375 0.265625 0.2921875 0.234375
0 0.11328125 0.23046875 0.2265625 0.2546875
0 0.5390625 0.2265625 0.4125 0.3125
0 0.90546875 0.3265625 0.1890625 0.371875
0 0.87734375 0.24765625 0.2453125 0.403125
0 0.6671875 0.6125 0.19375 0.25
0 0.4578125 0.821875 0.1625 0.225
0 0.13828125 0.83359375 0.2765625 0.25
0 0.14921875 0.75234375 0.2984375 0.2
0 0.2375 0.58046875 0.3734375 0.2921875
0 0.25625 0.4953125 0.459375 0.2875
0 0.68359375 0.54765625 0.259375 0.18125
0 0.67734375 0.52578125 0.359375 0.26875
0 0.47109375 0.75859375 0.2328125 0.14375
0 0.46484375 0.73203125 0.321875 0.221875
0 0.884375 0.809375 0.23125 0.2546875
0 0.86796875 0.7234375 0.2640625 0.228125