0 0.51953125 0.5 0.959375 1
0 0.46015625 0.21171875 0.4078125 0.421875
0 0.25625 0.6203125 0.21875 0.4453125
0 0.09765625 0.20078125 0.0984375 0.4015625
0 0.71015625 0.846875 0.296875 0.30625
0 0.69140625 0.3703125 0.225 0.6125
0 0.8125 0.234375 0.23125 0.46875
0 0.48359375 0.77890625 0.2125 0.31875
0 0.89921875 0.59296875 0.196875 0.271875
0 0.9453125 0.196875 0.109375 0.39375
0 0.93046875 0.87578125 0.1390625 0.2484375
0 0.9328125 0.54453125 0.134375 0.453125
0 0.52578125 0.4015625 0.525 0.803125
0 0.15390625 0.1765625 0.203125 0.353125
0 0.22421875 0.840625 0.3375 0.31875