0 0.98203125 0.96875 0.03125 0.053125
0 0.93046875 0.89453125 0.0625 0.2015625
0 0.978125 0.8765625 0.03828125 0.15625
0 0.953125 0.75234375 0.0890625 0.09140625
0 0.865625 0.9390625 0.0625 0.09375
0 0.859375 0.84765625 0.07421875 0.0890625
0 0.87890625 0.75625 0.07421875 0.1078125
0 0.88828125 0.6453125 0.09375 0.11328125
0 0.9421875 0.56484375 0.0625 0.1390625
0 0.96875 0.615625 0.0578125 0.1390625
0 0.865625 0.546875 0.09140625 0.09375
0 0.9203125 0.43359375 0.09609375 0.103125
0 0.68984375 0.83984375 0.134375 0.165625
0 0.68125 0.94140625 0.1421875 0.1078125
0 0.7859375 0.9234375 0.1109375 0.14453125
0 0.79296875 0.82421875 0.0765625 0.08203125
0 0.80078125 0.75390625 0.10078125 0.103125
0 0.7515625 0.6734375 0.05078125 0.09609375
0 0.79921875 0.6703125 0.06015625 0.14453125
0 0.7671875 0.59765625 0.09609375 0.103125
0 0.7640625 0.5140625 0.125 0.1390625
0 0.80625 0.4484375 0.13203125 0.17578125
0 0.87265625 0.36328125 0.0765625 0.1296875
0 0.9078125 0.2859375 0.084375 0.15859375
0 0.96875 0.33046875 0.0578125 0.103125
0 0.96875 0.23203125 0.0578125 0.11328125
0 0.8390625 0.2703125 0.0765625 0.12734375
0 0.8609375 0.1390625 0.15859375 0.134375
0 0.96484375 0.146875 0.06015625 0.08671875
0 0.91328125 0.0625 0.16796875 0.125
0 0.82578125 0.04453125 0.0796875 0.0890625
0 0.7515625 0.0828125 0.06484375 0.103125
0 0.69140625 0.03828125 0.12265625 0.0765625
0 0.6390625 0.0671875 0.1203125 0.09140625
0 0.68125 0.115625 0.0796875 0.09609375
0 0.64453125 0.21640625 0.09609375 0.134375
0 0.7140625 0.265625 0.15390625 0.2328125
0 0.615625 0.3328125 0.09609375 0.1078125
0 0.61640625 0.44609375 0.165625 0.1609375
0 0.65625 0.53125 0.115625 0.14453125
0 0.6109375 0.66796875 0.08671875 0.1390625
0 0.67578125 0.69609375 0.1203125 0.15625
0 0.578125 0.95703125 0.165625 0.0765625
0 0.51328125 0.8078125 0.09375 0.22109375
0 0.59609375 0.8484375 0.09609375 0.22109375
0 0.415625 0.92578125 0.134375 0.1390625
0 0.32578125 0.83984375 0.1421875 0.15625
0 0.42890625 0.8265625 0.09375 0.09609375
0 0.5046875 0.8765625 0.0578125 0.11328125
0 0.40390625 0.74609375 0.1109375 0.1078125
0 0.484375 0.69140625 0.1515625 0.11328125
0 0.50234375 0.5921875 0.16796875 0.17578125
0 0.459375 0.540625 0.16796875 0.196875
0 0.5046875 0.43046875 0.09609375 0.1390625
0 0.53828125 0.36328125 0.0765625 0.1390625
0 0.56015625 0.24765625 0.0625 0.09140625
0 0.5765625 0.1671875 0.14921875 0.0890625
0 0.50234375 0.05859375 0.0765625 0.0984375
0 0.50390625 0.115625 0.07421875 0.09609375
0 0.55390625 0.09140625 0.040625 0.0671875
0 0.5484375 0.02890625 0.10078125 0.0578125
0 0.4265625 0.09765625 0.0890625 0.09375
0 0.43515625 0.16328125 0.0578125 0.0765625
0 0.4515625 0.24765625 0.0765625 0.09140625
0 0.46875 0.3015625 0.08203125 0.11796875
0 0.4015625 0.3453125 0.0765625 0.103125
0 0.3953125 0.4125 0.1078125 0.09375
0 0.34765625 0.4640625 0.084375 0.15390625
0 0.30859375 0.6546875 0.1078125 0.165625
0 0.228125 0.725 0.125 0.18984375
0 0.18515625 0.79296875 0.1390625 0.20703125
0 0.2125 0.915625 0.12265625 0.14921875
0 0.1234375 0.89921875 0.18515625 0.1921875
0 0.04296875 0.8703125 0.0859375 0.21875
0 0.021875 0.790625 0.04296875 0.14921875
0 0.06953125 0.75859375 0.09140625 0.11328125
0 0.0765625 0.6828125 0.09609375 0.1203125
0 0.17578125 0.66484375 0.1390625 0.084375
0 0.1703125 0.61640625 0.1390625 0.1078125
0 0.25625 0.546875 0.146875 0.17578125
0 0.2703125 0.47109375 0.06015625 0.1296875
0 0.26328125 0.39921875 0.1078125 0.09609375
0 0.20078125 0.4328125 0.09375 0.125
0 0.12734375 0.50625 0.125 0.11328125
0 0.05625 0.5625 0.103125 0.14453125
0 0.01953125 0.62734375 0.03828125 0.1390625
0 0.0734375 0.46640625 0.12265625 0.09609375
0 0.140625 0.4234375 0.040625 0.08203125
0 0.1609375 0.32421875 0.09609375 0.08203125
0 0.2140625 0.33046875 0.0671875 0.103125
0 0.2703125 0.31953125 0.06015625 0.08203125
0 0.3328125 0.30390625 0.06953125 0.09375
0 0.3703125 0.25234375 0.0625 0.09140625
0 0.32109375 0.2390625 0.06953125 0.0984375
0 0.1203125 0.02890625 0.240625 0.0578125
0 0.27421875 0.0921875 0.2234375 0.184375
0 0.4328125 0.0359375 0.1390625 0.071875
0 0.209375 0.1453125 0.10078125 0.103125
0 0.27734375 0.140625 0.09375 0.103125
0 0.2484375 0.23203125 0.1078125 0.09375
0 0.14296875 0.20703125 0.06015625 0.09140625
0 0.0375 0.0828125 0.07421875 0.084375
0 0.0984375 0.275 0.196875 0.34375
0 0.4984375 0.4984375 0.996875 0.996875