0 0.6296875 0.76875 0.35 0.4625
0 0.61015625 0.25546875 0.1578125 0.3265625
0 0.375 0.11015625 0.0921875 0.209375
0 0.25546875 0.26328125 0.0625 0.209375
0 0.290625 0.4234375 0.028125 0.0734375
0 0.4421875 0.24375 0.10625 0.15625
0 0.43671875 0.38515625 0.115625 0.128125
0 0.37109375 0.43828125 0.0625 0.134375
0 0.4765625 0.6234375 0.1421875 0.321875
0 0.359375 0.6234375 0.05625 0.1734375
0 0.23671875 0.61875 0.1 0.10625
0 0.26171875 0.73671875 0.034375 0.1421875
0 0.30546875 0.8328125 0.084375 0.1234375
0 0.3828125 0.8828125 0.028125 0.15