0 0.12578125 0.36328125 0.2515625 0.1609375
0 0.23515625 0.3625 0.115625 0.046875
0 0.21328125 0.3109375 0.084375 0.03125
0 0.43046875 0.34296875 0.153125 0.16875
0 0.29375 0.284375 0.378125 0.2171875
0 0.2453125 0.12421875 0.159375 0.06875
0 0.15 0.07421875 0.128125 0.05625
0 0.4 0.0875 0.09375 0.0484375
0 0.571875 0.234375 0.2265625 0.1515625
0 0.571875 0.15390625 0.153125 0.04375
0 0.60234375 0.12109375 0.2 0.0515625
0 0.53515625 0.0546875 0.115625 0.1046875
0 0.68203125 0.08203125 0.115625 0.046875
0 0.64140625 0.0265625 0.0484375 0.04375
0 0.83125 0.02734375 0.084375 0.0546875
0 0.934375 0.07421875 0.0484375 0.0265625
0 0.89140625 0.09609375 0.0375 0.03125
0 0.79375 0.14140625 0.084375 0.053125
0 0.84609375 0.2015625 0.09375 0.0265625
0 0.9484375 0.18203125 0.103125 0.071875
0 0.921875 0.25625 0.15625 0.053125
0 0.7484375 0.2546875 0.09375 0.0515625
0 0.73046875 0.33515625 0.040625 0.03125
0 0.91328125 0.32421875 0.090625 0.028125
0 0.7875 0.371875 0.096875 0.1
0 0.6453125 0.40390625 0.115625 0.090625
0 0.46328125 0.34375 0.24375 0.3171875
0 0.19296875 0.521875 0.3375 0.15625
0 0.115625 0.61953125 0.084375 0.0546875
0 0.440625 0.54140625 0.271875 0.15625
0 0.41796875 0.67109375 0.2515625 0.1265625
0 0.73671875 0.5046875 0.175 0.0625
0 0.834375 0.46328125 0.09375 0.0734375
0 0.928125 0.46328125 0.14375 0.10625
0 0.95859375 0.390625 0.0828125 0.13125
0 0.95234375 0.56328125 0.0953125 0.1171875
0 0.8765625 0.6390625 0.1625 0.15625
0 0.940625 0.72109375 0.0609375 0.090625
0 0.7890625 0.65859375 0.20625 0.209375
0 0.7875 0.5828125 0.0734375 0.034375
0 0.7484375 0.68203125 0.140625 0.1625
0 0.640625 0.60859375 0.084375 0.1625
0 0.609375 0.65390625 0.096875 0.121875
0 0.6265625 0.7671875 0.1171875 0.14375
0 0.4875 0.86953125 0.0875 0.2609375
0 0.37890625 0.9 0.28125 0.2
0 0.3546875 0.8890625 0.134375 0.125
0 0.14375 0.72109375 0.2390625 0.14375
0 0.23515625 0.89375 0.065625 0.065625
0 0.23671875 0.82890625 0.0734375 0.0640625
0 0.134375 0.8671875 0.24375 0.1546875
0 0.09140625 0.8953125 0.1828125 0.078125
0 0.04921875 0.83125 0.0984375 0.065625
0 0.609375 0.8390625 0.24375 0.18125
0 0.7953125 0.93515625 0.171875 0.128125
0 0.78515625 0.8390625 0.06875 0.06875
0 0.840625 0.8125 0.090625 0.0546875
0 0.940625 0.82109375 0.11875 0.0953125
0 0.909375 0.9609375 0.0734375 0.06875
0 0.615625 0.45625 0.0375 0.059375