0 0.15859375 0.6375 0.046875 0.0546875
0 0.20234375 0.3359375 0.040625 0.071875
0 0.2296875 0.1890625 0.040625 0.071875
0 0.3359375 0.875 0.0328125 0.0703125
0 0.44375 0.8703125 0.0421875 0.05
0 0.4796875 0.96015625 0.0703125 0.065625
0 0.5796875 0.97734375 0.0546875 0.0453125
0 0.54609375 0.9421875 0.0328125 0.075
0 0.58515625 0.93515625 0.0546875 0.040625
0 0.6296875 0.9328125 0.0453125 0.0546875
0 0.6296875 0.88515625 0.0546875 0.0546875
0 0.6734375 0.8609375 0.021875 0.053125
0 0.6921875 0.85234375 0.0703125 0.0703125
0 0.7421875 0.77109375 0.0546875 0.0828125
0 0.7796875 0.78984375 0.0796875 0.075
0 0.7984375 0.80859375 0.0421875 0.046875
0 0.82734375 0.7625 0.059375 0.0546875
0 0.7953125 0.7421875 0.040625 0.065625
0 0.87265625 0.74140625 0.0546875 0.0671875
0 0.8375 0.68359375 0.059375 0.0828125
0 0.7875 0.63984375 0.084375 0.1046875
0 0.8125 0.6046875 0.05 0.065625
0 0.8125 0.5609375 0.0796875 0.0671875
0 0.8171875 0.5015625 0.0703125 0.0671875
0 0.86875 0.4640625 0.053125 0.0421875
0 0.9125 0.46875 0.0453125 0.053125
0 0.8546875 0.41484375 0.0703125 0.065625
0 0.8203125 0.37109375 0.084375 0.0671875
0 0.88515625 0.33359375 0.0546875 0.0671875
0 0.85234375 0.3078125 0.075 0.065625
0 0.7953125 0.30625 0.05 0.0671875
0 0.80859375 0.2453125 0.0671875 0.059375
0 0.7875 0.2140625 0.065625 0.0671875
0 0.7625 0.1703125 0.059375 0.0453125
0 0.7546875 0.15390625 0.0453125 0.0671875
0 0.70625 0.03515625 0.053125 0.065625
0 0.66015625 0.0203125 0.040625 0.040625
0 0.65625 0.0546875 0.0671875 0.065625
0 0.67265625 0.1015625 0.075 0.071875
0 0.6 0.03359375 0.059375 0.0671875
0 0.54140625 0.03125 0.0328125 0.046875
0 0.45 0.02734375 0.084375 0.0546875
0 0.37265625 0.02265625 0.0546875 0.0453125
0 0.3484375 0.0609375 0.0375 0.0671875
0 0.2078125 0.61015625 0.059375 0.059375
0 0.325 0.32734375 0.2046875 0.425
0 0.4828125 0.1515625 0.2953125 0.203125
0 0.6265625 0.1921875 0.146875 0.25
0 0.69609375 0.30390625 0.146875 0.278125
0 0.67734375 0.4609375 0.240625 0.3328125
0 0.49140625 0.4453125 0.3921875 0.159375
0 0.5015625 0.3046875 0.296875 0.115625
0 0.51640625 0.57265625 0.528125 0.1203125
0 0.53359375 0.6828125 0.4421875 0.1296875
0 0.575 0.7734375 0.3046875 0.1078125
0 0.5890625 0.7859375 0.146875 0.2078125
0 0.53984375 0.7171875 0.115625 0.2453125
0 0.42890625 0.6984375 0.1421875 0.153125