0 0.47109375 0.56640625 0.509375 0.68984375
0 0.95546875 0.16796875 0.0796875 0.3265625
0 0.8609375 0.228125 0.115625 0.20703125
0 0.7796875 0.22109375 0.0796875 0.2015625
0 0.82421875 0.09765625 0.053125 0.1515625
0 0.89296875 0.0765625 0.0359375 0.1109375
0 0.26171875 0.21640625 0.0484375 0.240625
0 0.31484375 0.1203125 0.0625 0.0625
0 0.3859375 0.08984375 0.0890625 0.103125
0 0.475 0.0921875 0.103125 0.0984375
0 0.540625 0.103125 0.08671875 0.115625
0 0.615625 0.1078125 0.125 0.10078125
0 0.72578125 0.18984375 0.125 0.27421875
0 0.49765625 0.7609375 0.9953125 0.46875