0 0.7390625 0.18046875 0.31953125 0.34140625
0 0.478125 0.1984375 0.28828125 0.28125
0 0.25625 0.19140625 0.28125 0.25703125
0 0.19375 0.3953125 0.334375 0.2046875
0 0.4578125 0.321875 0.1609375 0.0578125
0 0.5890625 0.5046875 0.1734375 0.1390625
0 0.821875 0.35078125 0.28359375 0.134375
0 0.80546875 0.453125 0.34609375 0.1421875
0 0.46640625 0.47265625 0.16796875 0.0890625
0 0.4640625 0.37734375 0.1734375 0.125
0 0.32421875 0.55625 0.303125 0.1421875
0 0.1265625 0.72578125 0.0890625 0.125
0 0.1765625 0.6734375 0.084375 0.0765625
0 0.1890625 0.7546875 0.084375 0.1203125
0 0.26796875 0.77265625 0.0890625 0.1421875
0 0.31875 0.7359375 0.09375 0.1296875
0 0.25625 0.6859375 0.07421875 0.06484375
0 0.609375 0.646875 0.1515625 0.10078125
0 0.59140625 0.68046875 0.16796875 0.0625
0 0.51796875 0.7515625 0.146875 0.1078125
0 0.5 0.7859375 0.16328125 0.0578125
0 0.6546875 0.81640625 0.1515625 0.103125
0 0.74375 0.7046875 0.146875 0.10078125
0 0.87890625 0.77265625 0.146875 0.0984375
0 0.78984375 0.87734375 0.146875 0.10078125
0 0.6390625 0.8484375 0.16796875 0.0625
0 0.77265625 0.915625 0.1703125 0.0625
0 0.86171875 0.8078125 0.1609375 0.0578125
0 0.728125 0.73828125 0.16796875 0.0625