0 0.94609375 0.62890625 0.103125 0.0890625
0 0.88125 0.696875 0.2328125 0.16796875
0 0.9375 0.81953125 0.1203125 0.0765625
0 0.91953125 0.87109375 0.15625 0.103125
0 0.9796875 0.978125 0.0359375 0.03359375
0 0.7984375 0.9375 0.240625 0.115625
0 0.81484375 0.9703125 0.1875 0.05078125
0 0.5640625 0.95703125 0.2328125 0.0765625
0 0.18046875 0.9546875 0.303125 0.08203125
0 0.5328125 0.8578125 0.5890625 0.196875
0 0.525 0.77890625 0.2671875 0.14921875
0 0.6421875 0.73828125 0.3171875 0.1734375
0 0.7296875 0.71015625 0.271875 0.17578125
0 0.69921875 0.571875 0.2359375 0.08203125
0 0.51328125 0.5796875 0.209375 0.08671875
0 0.50390625 0.64453125 0.2859375 0.0765625
0 0.4 0.734375 0.21875 0.06953125
0 0.11875 0.58828125 0.2375 0.1046875
0 0.19609375 0.52734375 0.19921875 0.06953125
0 0.18046875 0.68125 0.3609375 0.18046875
0 0.1234375 0.81640625 0.246875 0.0921875
0 0.09609375 0.8921875 0.1921875 0.1203125