0 0.6875 0.603125 0.3265625 0.2640625
0 0.834375 0.5609375 0.3265625 0.3921875
0 0.7984375 0.8125 0.39921875 0.16328125
0 0.49609375 0.7140625 0.21875 0.2984375
0 0.478125 0.57109375 0.1875 0.3484375
0 0.36328125 0.5328125 0.2453125 0.18515625
0 0.3609375 0.2140625 0.553125 0.35546875
0 0.18984375 0.2328125 0.365625 0.3078125
0 0.1609375 0.40234375 0.2015625 0.24296875
0 0.10703125 0.05078125 0.2140625 0.10078125
0 0.52265625 0.18046875 0.67578125 0.3609375
0 0.85859375 0.2171875 0.2765625 0.434375
0 0.890625 0.42578125 0.209375 0.26953125