0 0.9484375 0.36484375 0.103125 0.090625
0 0.8828125 0.2953125 0.234375 0.171875
0 0.93984375 0.171875 0.1203125 0.078125
0 0.921875 0.11796875 0.15625 0.1046875
0 0.9828125 0.01328125 0.034375 0.0265625
0 0.8 0.0546875 0.24375 0.109375
0 0.8171875 0.021875 0.190625 0.04375
0 0.56171875 0.0359375 0.2359375 0.071875
0 0.17265625 0.03828125 0.3078125 0.0765625
0 0.53046875 0.13203125 0.596875 0.2
0 0.5234375 0.2125 0.271875 0.1515625
0 0.64140625 0.25390625 0.321875 0.175
0 0.73046875 0.28203125 0.275 0.178125
0 0.7 0.421875 0.2390625 0.0828125
0 0.5109375 0.41484375 0.2125 0.0875
0 0.5015625 0.3484375 0.290625 0.078125
0 0.39609375 0.25703125 0.221875 0.071875
0 0.115625 0.40546875 0.23125 0.1078125
0 0.1890625 0.4671875 0.203125 0.071875
0 0.178125 0.3109375 0.35625 0.1828125
0 0.12109375 0.1734375 0.240625 0.09375
0 0.09296875 0.09765625 0.1859375 0.121875