0 0.94921875 0.85078125 0.08203125 0.1203125
0 0.94453125 0.71171875 0.10078125 0.1109375
0 0.9625 0.62109375 0.06484375 0.05078125
0 0.9625 0.56875 0.05546875 0.07421875
0 0.8640625 0.22265625 0.07421875 0.07421875
0 0.83984375 0.1546875 0.0796875 0.06953125
0 0.78984375 0.09765625 0.05078125 0.0453125
0 0.7671875 0.025 0.084375 0.05
0 0.25078125 0.025 0.0609375 0.05
0 0.1140625 0.25234375 0.07421875 0.08671875
0 0.06875 0.10546875 0.07421875 0.1203125
0 0.178125 0.9046875 0.04296875 0.06015625
0 0.1 0.740625 0.0984375 0.08203125
0 0.2640625 0.95546875 0.08203125 0.06953125
0 0.32421875 0.92421875 0.08203125 0.07421875
0 0.365625 0.97265625 0.08203125 0.0453125
0 0.42578125 0.95546875 0.1109375 0.0796875
0 0.5484375 0.9703125 0.14453125 0.05078125
0 0.62734375 0.97265625 0.09609375 0.0453125
0 0.73046875 0.96015625 0.1203125 0.06953125
0 0.78125 0.93515625 0.1109375 0.1109375
0 0.83984375 0.8953125 0.0984375 0.0984375
0 0.865625 0.8140625 0.08203125 0.06484375
0 0.8953125 0.4078125 0.0796875 0.09375
0 0.91484375 0.46015625 0.05078125 0.06953125
0 0.8421875 0.33984375 0.05546875 0.0890625
0 0.10234375 0.35546875 0.07421875 0.1109375
0 0.07109375 0.44140625 0.06015625 0.06015625
0 0.10703125 0.46015625 0.09375 0.06953125
0 0.1203125 0.5375 0.10078125 0.09375
0 0.10234375 0.62265625 0.09375 0.08671875
0 0.24140625 0.178125 0.06015625 0.125
0 0.31015625 0.0875 0.10078125 0.07421875
0 0.340625 0.04296875 0.071875 0.0859375
0 0.33046875 0.14765625 0.0796875 0.07421875
0 0.3328125 0.20546875 0.09375 0.06015625
0 0.41015625 0.08046875 0.0796875 0.1515625
0 0.46484375 0.08515625 0.06015625 0.0984375
0 0.49765625 0.0484375 0.08671875 0.09609375
0 0.56953125 0.02265625 0.08203125 0.0453125
0 0.63203125 0.015625 0.0484375 0.03125
0 0.6890625 0.03515625 0.06484375 0.06953125
0 0.66015625 0.08984375 0.0890625 0.06015625
0 0.6046875 0.0828125 0.0890625 0.06484375
0 0.63203125 0.13828125 0.14453125 0.05546875
0 0.75859375 0.134375 0.06484375 0.08203125
0 0.7125 0.18359375 0.084375 0.07421875
0 0.4625 0.16484375 0.103125 0.05078125
0 0.4046875 0.20546875 0.06953125 0.06953125
0 0.47265625 0.21484375 0.07421875 0.06015625
0 0.5375 0.19921875 0.084375 0.08203125
0 0.62734375 0.2015625 0.115625 0.08671875
0 0.3265625 0.25859375 0.08671875 0.05546875
0 0.18125 0.31875 0.06015625 0.07421875
0 0.2390625 0.28984375 0.07421875 0.0796875
0 0.36328125 0.38671875 0.16328125 0.2359375
0 0.509375 0.3609375 0.240625 0.23046875
0 0.69453125 0.3890625 0.15859375 0.240625
0 0.7328125 0.2875 0.134375 0.17578125
0 0.7875 0.4796875 0.18515625 0.21875
0 0.87109375 0.4625 0.05078125 0.05546875
0 0.85546875 0.61328125 0.1296875 0.14453125
0 0.8015625 0.7078125 0.19921875 0.2046875
0 0.60078125 0.60234375 0.240625 0.2953125
0 0.61796875 0.81484375 0.33671875 0.25
0 0.4125 0.78515625 0.2234375 0.30078125
0 0.39453125 0.5421875 0.2546875 0.2859375
0 0.196875 0.396875 0.115625 0.1109375
0 0.21015625 0.50703125 0.0984375 0.115625
0 0.2078125 0.61796875 0.103125 0.115625
0 0.240625 0.73046875 0.1203125 0.1296875
0 0.22578125 0.821875 0.1203125 0.10546875
0 0.23828125 0.9046875 0.08671875 0.0796875