0 0.98359375 0.51171875 0.03125 0.1046875
0 0.07109375 0.64140625 0.1421875 0.384375
0 0.2203125 0.60859375 0.134375 0.2984375
0 0.365625 0.5875 0.1078125 0.24375
0 0.48828125 0.57109375 0.1046875 0.2125
0 0.60625 0.56484375 0.084375 0.1875
0 0.7140625 0.55625 0.0890625 0.1828125
0 0.81328125 0.55234375 0.078125 0.1640625
0 0.9109375 0.5375 0.065625 0.1453125
0 0.98125 0.03359375 0.0375 0.0671875
0 0.91015625 0.0515625 0.0640625 0.103125
0 0.81953125 0.06640625 0.0859375 0.1328125
0 0.71640625 0.07109375 0.084375 0.1421875
0 0.60859375 0.078125 0.0890625 0.15625
0 0.49609375 0.09140625 0.1 0.1828125
0 0.36796875 0.10625 0.1125 0.2125
0 0.2203125 0.128125 0.134375 0.25625
0 0.065625 0.17578125 0.13125 0.3484375