0 0.06171875 0.590625 0.1234375 0.096875
0 0.0109375 0.80234375 0.021875 0.0421875
0 0.1015625 0.834375 0.04375 0.075
0 0.23359375 0.60703125 0.109375 0.08125
0 0.48828125 0.48515625 0.153125 0.103125
0 0.453125 0.546875 0.01875 0.01875
0 0.75390625 0.53359375 0.1125 0.078125
0 0.675 0.53203125 0.0625 0.0484375
0 0.72890625 0.66875 0.040625 0.04375
0 0.678125 0.6390625 0.040625 0.04375
0 0.84375 0.834375 0.040625 0.0484375
0 0.8890625 0.88671875 0.125 0.05625
0 0.82890625 0.91875 0.021875 0.01875
0 0.796875 0.8875 0.0265625 0.04375
0 0.76484375 0.9 0.021875 0.0671875
0 0.9546875 0.41953125 0.090625 0.090625
0 0.990625 0.37421875 0.01875 0.0484375
0 0.69765625 0.37734375 0.121875 0.090625
0 0.740625 0.41953125 0.0265625 0.04375
0 0.6640625 0.45703125 0.05625 0.0484375
0 0.221875 0.45078125 0.021875 0.01875
0 0.14140625 0.3703125 0.0640625 0.078125
0 0.12578125 0.4546875 0.0265625 0.04375
0 0.12578125 0.49765625 0.0265625 0.0328125
0 0.08984375 0.50546875 0.0296875 0.04375
0 0.05859375 0.4421875 0.0171875 0.0296875
0 0.02265625 0.4421875 0.0453125 0.078125
0 0.021875 0.36015625 0.04375 0.0578125
0 0.2328125 0.3875 0.03125 0.03125
0 0.20078125 0.396875 0.0328125 0.034375
0 0.303125 0.30859375 0.040625 0.05625
0 0.221875 0.240625 0.0265625 0.0859375
0 0.19765625 0.1875 0.021875 0.03125
0 0.16328125 0.2015625 0.015625 0.034375
0 0.121875 0.1953125 0.0125 0.04375
0 0.09765625 0.15625 0.040625 0.0296875
0 0.07734375 0.215625 0.021875 0.025
0 0.0109375 0.19140625 0.0171875 0.025
0 0.0109375 0.1015625 0.021875 0.04375
0 0.03984375 0.065625 0.0109375 0.01875
0 0.053125 0.03203125 0.0328125 0.0375
0 0.7984375 0.12265625 0.071875 0.096875
0 0.75234375 0.1484375 0.0296875 0.025
0 0.784375 0.19140625 0.025 0.025
0 0.7859375 0.240625 0.0484375 0.0484375
0 0.73359375 0.22421875 0.040625 0.04375
0 0.71640625 0.2390625 0.0265625 0.034375
0 0.75234375 0.27578125 0.05625 0.0375
0 0.76171875 0.30625 0.03125 0.025
0 0.64609375 0.26328125 0.071875 0.034375
0 0.56015625 0.13515625 0.040625 0.0625
0 0.48515625 0.13125 0.0515625 0.0859375
0 0.55234375 0.18984375 0.025 0.0375
0 0.98359375 0.27265625 0.03125 0.08125
0 0.97578125 0.1296875 0.0484375 0.071875
0 0.9921875 0.05546875 0.015625 0.0859375
0 0.96953125 0.053125 0.040625 0.053125
0 0.9 0.15 0.040625 0.0484375
0 0.88671875 0.08828125 0.040625 0.0484375
0 0.88671875 0.02265625 0.034375 0.0453125
0 0.85703125 0.10546875 0.0296875 0.0625
0 0.696875 0.14453125 0.025 0.053125
0 0.696875 0.075 0.025 0.0375
0 0.64453125 0.03984375 0.0640625 0.0484375
0 0.5765625 0.05625 0.025 0.0375
0 0.60703125 0.10859375 0.021875 0.01875
0 0.53203125 0.0484375 0.015625 0.053125
0 0.5015625 0.0171875 0.01875 0.0296875
0 0.4625 0.0671875 0.03125 0.04375
0 0.43046875 0.028125 0.0484375 0.05625
0 0.39296875 0.0578125 0.015625 0.025
0 0.390625 0.09375 0.03125 0.0375
0 0.36328125 0.05625 0.021875 0.0484375
0 0.35859375 0.14453125 0.03125 0.053125
0 0.3234375 0.13671875 0.0265625 0.0484375
0 0.29921875 0.165625 0.021875 0.0375
0 0.2046875 0.13203125 0.0875 0.0671875
0 0.14140625 0.09921875 0.0375 0.059375
0 0.2328125 0.06953125 0.08125 0.0859375
0 0.215625 0.00703125 0.071875 0.0125
0 0.6 0.33671875 0.025 0.0109375
0 0.47734375 0.41015625 0.01875 0.025
0 0.46640625 0.3515625 0.025 0.01875
0 0.4375 0.34375 0.01875 0.025
0 0.86875 0.5765625 0.0375 0.05625