0 0.8765625 0.41484375 0.17578125 0.68046875
0 0.64765625 0.46875 0.209375 0.8078125
0 0.86328125 0.5921875 0.15390625 0.165625
0 0.7046875 0.40625 0.178125 0.6734375
0 0.74375 0.60234375 0.07421875 0.15625
0 0.509375 0.41953125 0.16796875 0.68984375
0 0.521875 0.59140625 0.14453125 0.15390625
0 0.3421875 0.47109375 0.2046875 0.821875
0 0.33046875 0.67890625 0.18515625 0.1703125
0 0.3546875 0.63125 0.13671875 0.07421875
0 0.140625 0.43359375 0.19921875 0.69453125
0 0.22265625 0.390625 0.12734375 0.5984375