0 0.7453125 0.171875 0.325 0.34375
0 0.48046875 0.1890625 0.29375 0.284375
0 0.2546875 0.18203125 0.284375 0.2609375
0 0.19140625 0.3890625 0.3390625 0.20625
0 0.459375 0.31484375 0.1625 0.059375
0 0.59296875 0.5 0.175 0.140625
0 0.82890625 0.34375 0.2875 0.1375
0 0.8125 0.44765625 0.3515625 0.14375
0 0.46796875 0.4671875 0.171875 0.090625
0 0.465625 0.37109375 0.175 0.1265625
0 0.32421875 0.55234375 0.30625 0.14375
0 0.1234375 0.72421875 0.090625 0.1265625
0 0.17421875 0.67109375 0.084375 0.078125
0 0.18671875 0.75390625 0.084375 0.121875
0 0.2671875 0.771875 0.090625 0.14375
0 0.31796875 0.734375 0.0953125 0.13125
0 0.2546875 0.684375 0.075 0.065625
0 0.61328125 0.64375 0.153125 0.103125
0 0.5953125 0.678125 0.171875 0.0625
0 0.52109375 0.75 0.1484375 0.109375
0 0.50234375 0.78515625 0.165625 0.059375
0 0.659375 0.815625 0.153125 0.1046875
0 0.75 0.70234375 0.1484375 0.103125
0 0.88671875 0.771875 0.1484375 0.1
0 0.79609375 0.878125 0.1484375 0.103125
0 0.64375 0.8484375 0.171875 0.0625
0 0.77890625 0.9171875 0.1734375 0.0625
0 0.86953125 0.80703125 0.1625 0.059375
0 0.734375 0.73671875 0.171875 0.0625