3 0 0.8296725234375 0.0259584671875 0.8037140578124999 0.0359424921875 0.73981629375 0.071884984375 0.7098642171875 0.081869009375 0.6599440890625 0.081869009375 0.6339856234375 0.06589456875000001 0.6000399359374999 0.0638977640625 0.5660942484375 0.0189696484375 0.5571086265625 0 0.548604990625 0 0.8296725234375
3 0 0.5435149921875 0.010982428125 0.5511182109375 0.0369408953125 0.55910543125 0.06289936093750001 0.553115015625 0.12779552656249998 0.494209265625 0.1297923328125 0.450279553125 0.1417731625 0.41034344999999994 0.12180511249999999 0.36841054375 0.10383386562500001 0.400359425 0.066892971875 0.42731629375 0.041932907812499996 0.41234025625 0.022963259375 0.377396165625 0 0.40167161250000005 0 0.5435149921875
3 0.2396166140625 0.44428913750000004 0.21665335468750002 0.42132587812500005 0.1886980828125 0.43730031875 0.1457667734375 0.41633386562499997 0.13178913750000001 0.4542731625 0.1297923328125 0.4962060703125 0.093849840625 0.5341453671874999 0.12280351406250001 0.56908945625 0.1567492015625 0.5630990421875001 0.21066293906250003 0.5810702875 0.2396166140625 0.55411341875 0.2535942484375 0.5241613421875 0.25159744375000004 0.48821885 0.2396166140625 0.44428913750000004
3 0.22763578281250002 0.6120207671875 0.22963258749999998 0.6000399359374999 0.21465655 0.5830670921875 0.16273961718750002 0.565095846875 0.146765175 0.5630990421875001 0.12480031875 0.5710862624999999 0.1078274765625 0.558107028125 0.093849840625 0.5341453671874999 0.087859425 0.5341453671874999 0.06589456875000001 0.570087859375 0.0678913734375 0.604033546875 0.0838658140625 0.6359824281249999 0.081869009375 0.679912140625 0.0948482421875 0.6928913734375 0.120806709375 0.7028754 0.16873003125 0.712859425 0.20167731562500002 0.6719249203125 0.2096645375 0.6359824281249999 0.22763578281250002 0.6120207671875
3 0.14277156562499999 0.706869009375 0.081869009375 0.689896165625 0.0698881796875 0.713857828125 0.0359424921875 0.7438099046875 0.0339456875 0.755790734375 0.042931309375 0.7707667734375 0.0589057515625 0.7707667734375 0.0688897765625 0.782747603125 0.11082268437500001 0.74480830625 0.1347843453125 0.7328274765625 0.1457667734375 0.713857828125 0.14277156562499999 0.706869009375
3 0.289536740625 0.7318290734375 0.3414536734375 0.6759185296875 0.3384584671875 0.6609424921875 0.31449680468749996 0.652955271875 0.291533546875 0.6359824281249999 0.289536740625 0.6180111828125 0.2835463265625 0.6140175718750001 0.223642171875 0.6439696484375 0.1896964859375 0.6938897765625 0.1896964859375 0.7238418531249999 0.181709265625 0.72983226875 0.191693290625 0.7637779546875 0.2226437703125 0.7927316296875 0.2386182109375 0.7987220453125 0.2505990421875 0.82268370625 0.26357827500000003 0.8077076671875 0.289536740625 0.7318290734375
3 0.3164936109375 0.8426517578125001 0.3194888171875 0.811701278125 0.3414536734375 0.7418130984375 0.31050319531250004 0.7208466453125 0.3035143765625 0.7218450484375001 0.2875399359375 0.7378194890625001 0.26357827500000003 0.8077076671875 0.3164936109375 0.8426517578125001
3 0.38338658125 0.5081869015625 0.38338658125 0.5621006390625001 0.355431309375 0.5940495203125 0.379392971875 0.6359824281249999 0.4023562296875 0.652955271875 0.4243210859375 0.6449680515625 0.4343051125 0.6489616609375 0.448282746875 0.63698083125 0.45327476093749997 0.6100239609375 0.465255590625 0.5980431312500001 0.4972044734375 0.43230830625000005 0.4952076671875 0.4023562296875 0.48123003124999997 0.3983626203125 0.4243210859375 0.411341853125 0.41034344999999994 0.43730031875 0.3983626203125 0.445287540625 0.37839456875 0.445287540625 0.36142172499999997 0.46425718906249996 0.3474440890625 0.5081869015625 0.350439296875 0.5131789140625 0.362420128125 0.5031948875000001 0.3803913734375 0.5031948875000001 0.38338658125 0.5081869015625
3 0.3863817890625 0.7507987218750001 0.42631789062500003 0.7228434499999999 0.4512779546875 0.6938897765625 0.4792332265625 0.6220047921875 0.4792332265625 0.60802715625 0.4632587859375 0.6000399359374999 0.45327476093749997 0.60802715625 0.44928115 0.6319888171875 0.43330670937500004 0.647963259375 0.4412939296875 0.6779153359375 0.4143370609375 0.70087859375 0.3744009578125 0.706869009375 0.3594249203125 0.7258386578125 0.357428115625 0.7318290734375 0.3763977640625 0.7488019171875 0.3863817890625 0.7507987218750001
3 0.357428115625 0.5960463265625 0.3494408953125 0.5940495203125 0.3414536734375 0.604033546875 0.33945686875000003 0.691892971875 0.3604233234375 0.7208466453125 0.3704073484375 0.706869009375 0.4203274765625 0.696884984375 0.4412939296875 0.6719249203125 0.42831469687499996 0.6449680515625 0.404353034375 0.652955271875 0.38837859375 0.6449680515625 0.357428115625 0.5960463265625
3 0.36142172499999997 0.46625399375 0.3604233234375 0.45926517499999997 0.3264776359375 0.43330670937500004 0.279552715625 0.406349840625 0.2655750796875 0.4343051125 0.24560702812500002 0.44428913750000004 0.2535942484375 0.5321485625 0.2396166140625 0.5561102234375 0.24660543124999998 0.56908945625 0.274560703125 0.5830670921875 0.2925319484375 0.5790734828125 0.3254792328125 0.55411341875 0.34345047968750003 0.5241613421875 0.36142172499999997 0.46625399375
3 0.41733226874999996 0.7478035140625 0.4422923328125 0.762779553125 0.4542731625 0.782747603125 0.47623801875 0.7747603828125 0.5171725234375 0.7238418531249999 0.5271565500000001 0.6719249203125 0.560103834375 0.6649361015624999 0.575079871875 0.6399760390625 0.63698083125 0.580071884375 0.6509584671875001 0.5561102234375 0.6489616609375 0.5181709265625 0.580071884375 0.5830670921875 0.558107028125 0.5870607031249999 0.54412939375 0.5770766765625 0.5121805109374999 0.60303514375 0.4862220453125 0.60303514375 0.48123003124999997 0.60802715625 0.47124600625 0.6559504796875 0.45327476093749997 0.691892971875 0.4133386578125 0.735822684375 0.41733226874999996 0.7478035140625
3 0.516174121875 0.6549520765625 0.477236421875 0.6339856234375 0.45327476093749997 0.691892971875 0.4133386578125 0.733825878125 0.41533546250000003 0.745806709375 0.42831469687499996 0.7587859421875 0.4422923328125 0.762779553125 0.4582667734375 0.784744409375 0.4792332265625 0.771765175 0.5171725234375 0.7238418531249999 0.5271565500000001 0.6759185296875 0.516174121875 0.6549520765625
3 0.56908945625 0.3923722046875 0.5561102234375 0.37539936093750004 0.5511182109375 0.3763977640625 0.5301517578125 0.379392971875 0.499201278125 0.41034344999999994 0.49321086249999996 0.4542731625 0.49321086249999996 0.47024760312499997 0.538138978125 0.511182109375 0.5740814703125 0.5031948875000001 0.6010383390625 0.450279553125 0.5910543125000001 0.4203274765625 0.575079871875 0.41234025625 0.56908945625 0.3923722046875
3 0.536142171875 0.5870607031249999 0.543130990625 0.5740814703125 0.521166134375 0.5501198078125 0.5291533546875 0.504193290625 0.49121405781250005 0.47024760312499997 0.46725239687500003 0.5980431312500001 0.5061900953125 0.6050319484375 0.536142171875 0.5870607031249999
3 0.5870607031249999 0.40834664531250003 0.6060303515625 0.4472843453125 0.6579472843749999 0.47124600625 0.667931309375 0.4952076671875 0.7218450484375001 0.5011980828125 0.7587859421875 0.46625399375 0.760782746875 0.448282746875 0.7527955265624999 0.4203274765625 0.760782746875 0.384384984375 0.7867412140625001 0.340455271875 0.7867412140625001 0.31449680468749996 0.771765175 0.29552715625000003 0.733825878125 0.2975239609375 0.7038738015625 0.28554313124999997 0.6649361015624999 0.284544728125 0.6319888171875 0.29552715625000003 0.6140175718750001 0.3095047921875 0.5860623 0.313498403125 0.575079871875 0.32847444062500003 0.575079871875 0.350439296875 0.5670926515625 0.36841054375 0.582068690625 0.389376996875 0.6010383390625 0.3863817890625 0.5890575078125 0.39636581406250004 0.5870607031249999 0.40834664531250003
3 0.8646166140625 0.34444888125 0.882587859375 0.31050319531250004 0.8845846640625 0.2725638984375 0.8925718843749999 0.2505990421875 0.8785942484374999 0.19668530312500002 0.8426517578125001 0.24061501562499998 0.828674121875 0.2885383390625 0.8057108625 0.29353035156249996 0.8027156546875001 0.3125 0.7887380187499999 0.318490415625 0.7887380187499999 0.3424520765625 0.79373003125 0.3474440890625 0.821685303125 0.3594249203125 0.83765974375 0.3594249203125 0.8646166140625 0.34444888125
3 0.83765974375 0.499201278125 0.7747603828125 0.4902156546875 0.7707667734375 0.504193290625 0.7587859421875 0.5081869015625 0.7168530343749999 0.580071884375 0.7857428109375 0.6269968046875001 0.799720446875 0.6269968046875001 0.8166932906250001 0.602036740625 0.828674121875 0.560103834375 0.8426517578125001 0.5461261984375 0.8446485625 0.5241613421875 0.83765974375 0.499201278125
3 0.9454872203125 0.47124600625 0.9315095843750001 0.4632587859375 0.9175319484375001 0.489217253125 0.8895766765625 0.5011980828125 0.8845846640625 0.460263578125 0.8785942484374999 0.45626996875000003 0.8426517578125001 0.4902156546875 0.8446485625 0.54412939375 0.8616214062499999 0.55910543125 0.8995607031249999 0.5551118203125001 0.9235223640625 0.5411341859375 0.970447284375 0.4902156546875 0.980431309375 0.46226038281250004 0.980431309375 0.45626996875000003 0.9734424921875 0.45527156562500004 0.9454872203125 0.47124600625
3 0.6789137375000001 0.558107028125 0.6829073484375 0.5521166140625 0.674920128125 0.5501198078125 0.6559504796875 0.5571086265625 0.640974440625 0.5740814703125 0.6389776359375 0.5860623 0.6449680515625 0.6060303515625 0.6779153359375 0.63698083125 0.689896165625 0.6389776359375 0.7148562296875001 0.6200079875 0.72484025625 0.5900559109375 0.6839057515625 0.5630990421875001 0.6789137375000001 0.558107028125
3 0.74980031875 0.6010383390625 0.7268370609375 0.5940495203125 0.718849840625 0.6220047921875 0.7478035140625 0.6489616609375 0.76178115 0.6549520765625 0.8057108625 0.6549520765625 0.8107028749999999 0.6499600640625001 0.8186900953125 0.6220047921875 0.8156948875 0.609025559375 0.799720446875 0.6269968046875001 0.7857428109375 0.6269968046875001 0.74980031875 0.6010383390625
3 0.0389377 0.3414536734375 0.027955271875 0.34644568750000004 0.027955271875 0.3803913734375 0.0399361015625 0.40834664531250003 0.0569089453125 0.4253194890625 0.07088658125 0.4253194890625 0.10383386562500001 0.400359425 0.12779552656249998 0.3424520765625 0.1178115015625 0.3384584671875 0.0389377 0.3414536734375
3 0.87659744375 0.4542731625 0.8805910546875 0.400359425 0.8686102234374999 0.340455271875 0.8416533546875 0.3594249203125 0.8196884984375 0.3594249203125 0.7957268375 0.3474440890625 0.7807507984375001 0.3524361015625 0.77875399375 0.384384984375 0.760782746875 0.4363019171875 0.7587859421875 0.472244409375 0.7657747609375 0.48123003124999997 0.8256789140624999 0.4972044734375 0.87659744375 0.4542731625