3 0.46464237031250005 1 0.4558580859375 0.980404290625 0.4465759078125 0.9339934 0.4115099015625 0.93193069375 0.37644389375 0.9154290421875 0.3496287125 0.9154290421875 0.29806105625 0.9257425749999999 0.2671204625 0.9628712875 0.2011138609375 0.9731848187500001 0.17429867968749999 1 0.46464237031250005 1
3 0.616425034375 1 0.64150165 0.976278878125 0.605404290625 0.95668316875 0.58993399375 0.930899340625 0.6177805281250001 0.8927392734374999 0.650783828125 0.8741749171875 0.607466996875 0.8535478546874999 0.566212871875 0.8659240921875 0.5208333328125 0.8679867984375 0.45998349843749997 0.935024753125 0.45379537968749994 0.9618399343749999 0.46204620468749996 0.9886551156250001 0.46990035468749997 1 0.616425034375 1
3 0.4795792078125 0.9030528046875 0.5187706265625 0.8659240921875 0.562087459375 0.8638613859375001 0.601278878125 0.8494224421875 0.5796204625 0.8050742578125 0.5961221125 0.7761963703125 0.572400990625 0.752475246875 0.5270214515625 0.740099009375 0.4898927390625 0.738036303125 0.4589521453125 0.752475246875 0.43110561093750005 0.7823844890625 0.44966996718749996 0.8380775578125 0.44348184843749994 0.8731435640624999 0.4795792078125 0.9030528046875
3 0.3743811875 0.9133663359374999 0.40738448906249997 0.9298679875 0.4424504953125 0.93193069375 0.4795792078125 0.9092409234375 0.4795792078125 0.9030528046875 0.4548267328125 0.8886138609374999 0.44141914218749995 0.8710808578125 0.44966996718749996 0.8483910890624999 0.4476072609375 0.8318894390624999 0.42904290468750006 0.7782590765624999 0.4115099015625 0.762788778125 0.3991336640625 0.7648514843750001 0.3743811875 0.7834158421875 0.337252475 0.7916666671875 0.294966996875 0.8257013203125 0.305280528125 0.8752062703125001 0.315594059375 0.9020214515625 0.32900165000000003 0.9154290421875 0.3743811875 0.9133663359374999
3 0.2506188125 0.9649339937500001 0.26299505 0.9628712875 0.29393564375 0.9278052812500001 0.31868811875 0.9154290421875 0.30115511562499997 0.8525165015624999 0.29393564375 0.8494224421875 0.27433993437500004 0.8607673265625 0.261963696875 0.8855198015625 0.22277227656249998 0.9288366343750001 0.235148515625 0.939150165625 0.235148515625 0.955651815625 0.2506188125 0.9649339937500001
3 0.28362211249999997 0.8040429046875 0.31456270625 0.8040429046875 0.3661303625 0.7689768984375001 0.3970709578125 0.707095709375 0.39294554531250003 0.700907590625 0.3743811875 0.6988448843749999 0.356848184375 0.6751237625 0.34859735937499997 0.6503712875 0.3331270625 0.647277228125 0.2753712875 0.700907590625 0.19698844843750002 0.727722771875 0.1815181515625 0.7411303625000001 0.2062706265625 0.7535065999999999 0.21245874531250003 0.7700082515625 0.2423679875 0.8019801984375 0.27743399375 0.8122937296874999 0.28362211249999997 0.8040429046875
3 0.1608910890625 0.67306105625 0.19698844843750002 0.727722771875 0.26918316875000003 0.702970296875 0.28568481874999996 0.6864686468750001 0.286716171875 0.679249175 0.26505775625 0.647277228125 0.1928630359375 0.669966996875 0.1608910890625 0.67306105625
3 0.5713696374999999 0.5884900984375 0.5796204625 0.5761138609375 0.60643564375 0.5616749171875 0.619843234375 0.5028877890625 0.615717821875 0.4884488453125 0.584777228125 0.4863861390625 0.4135726078125 0.5193894390625 0.4011963703125 0.5317656765625001 0.373349834375 0.5369224421875 0.36097359687499997 0.5513613859375 0.365099009375 0.5616749171875 0.356848184375 0.5843646859375 0.3743811875 0.6080858078125 0.4176980203125 0.632838284375 0.4507013203125 0.6039603953125 0.5063943890625 0.6039603953125 0.5115511546875 0.6070544546875001 0.5115511546875 0.6256188125000001 0.5012376234375 0.63799505 0.5063943890625 0.641089109375 0.551773928125 0.626650165625 0.5713696374999999 0.6091171609375 0.5713696374999999 0.5884900984375
3 0.36200495 0.5523927390625001 0.3785066 0.5358910890625 0.4032590765625 0.5317656765625001 0.4115099015625 0.5214521453125001 0.4032590765625 0.5049504953125 0.38882013125000003 0.5049504953125 0.31456270625 0.5338283828125 0.284653465625 0.5596122109375 0.255775578125 0.6008663359375 0.257838284375 0.6111798687500001 0.2753712875 0.630775578125 0.28155940625000003 0.628712871875 0.30115511562499997 0.613242575 0.307343234375 0.5719884484375 0.33106435625 0.5441419140625 0.36200495 0.5523927390625001
3 0.286716171875 0.62768151875 0.3166254125 0.649339934375 0.40738448906249997 0.647277228125 0.4176980203125 0.639026403125 0.4156353140625 0.630775578125 0.365099009375 0.5988036296875 0.356848184375 0.5823019796875 0.365099009375 0.5575495046875 0.337252475 0.5441419140625 0.311468646875 0.5658003296875 0.30115511562499997 0.6173679875 0.286716171875 0.62768151875
3 0.4816419140625 0.738036303125 0.572400990625 0.746287128125 0.5827145218750001 0.725660065625 0.611592409375 0.711221121875 0.583745875 0.662747525 0.55693069375 0.62768151875 0.549711221875 0.626650165625 0.4898927390625 0.6452145218750001 0.4589521453125 0.663778878125 0.43316831718750004 0.69781353125 0.42904290468750006 0.7163778875 0.44348184843749994 0.7452557750000001 0.4568894390625 0.752475246875 0.4816419140625 0.738036303125
3 0.43523102343750003 0.437912540625 0.4249174921875 0.42347359687499997 0.42904290468750006 0.40078382812499996 0.49608085781250005 0.3296204625 0.4568894390625 0.32755775625 0.4321369640625 0.34199670000000004 0.370255775 0.40594059375 0.344471946875 0.421410890625 0.337252475 0.4554455453125 0.28362211249999997 0.4657590765625 0.2310231015625 0.5080445546875 0.22277227656249998 0.5307343234374999 0.243399340625 0.5431105609375 0.2588696375 0.5688943890625 0.271245875 0.5730198015625 0.3166254125 0.5317656765625001 0.353754125 0.5132013203125 0.4032590765625 0.5028877890625 0.40841584218750004 0.49773102343750003 0.40841584218750004 0.47091584218750004 0.43523102343750003 0.437912540625
3 0.26093234375 0.5709570953124999 0.27330858125 0.5730198015625 0.3166254125 0.5317656765625001 0.37644389375 0.5070132015625 0.354785478125 0.4667904296875 0.3331270625 0.4554455453125 0.28362211249999997 0.4657590765625 0.23411716093749999 0.5049504953125 0.2207095703125 0.5266089109375 0.243399340625 0.5431105609375 0.247524753125 0.5575495046875 0.26093234375 0.5709570953124999
3 0.562087459375 0.4905115515625 0.607466996875 0.4843234328125 0.63943894375 0.452351484375 0.642533003125 0.43069306875 0.64356435625 0.425536303125 0.6260313531249999 0.41212871250000005 0.605404290625 0.40594059375 0.597153465625 0.38943894375 0.566212871875 0.3791254125 0.5115511546875 0.406971946875 0.5033003296875 0.444100659375 0.5455858078125 0.4905115515625 0.562087459375 0.4905115515625
3 0.4249174921875 0.44616336562500003 0.4063531359375 0.4771039609375 0.4135726078125 0.5173267328125 0.5455858078125 0.49257425781249997 0.5105198015625 0.4533828390625 0.46307755781250004 0.46163366406249995 0.4383250828125 0.43894389375 0.4249174921875 0.44616336562500003
3 0.7075082515625 0.394595709375 0.7116336640625 0.365717821875 0.7260726078124999 0.347153465625 0.7374174921875001 0.3131188125 0.7363861390625 0.27289603906250004 0.7240099015625 0.2419554453125 0.7260726078124999 0.2027640265625 0.7064768984375001 0.1872937296875 0.679661715625 0.1872937296875 0.634282178125 0.2141089109375 0.597153465625 0.22235973593749997 0.568275578125 0.2141089109375 0.549711221875 0.21617161718750003 0.5136138609375 0.2543316828125 0.5198019796875 0.310024753125 0.5445544546875001 0.320338284375 0.56930693125 0.373968646875 0.609529703125 0.39356435625 0.621905940625 0.39150165000000003 0.6322194718749999 0.3791254125 0.6291254125 0.39872112187500003 0.650783828125 0.41419141875000004 0.669348184375 0.40594059375 0.692037953125 0.40594059375 0.7075082515625 0.394595709375
3 0.7281353140625 0.1676980203125 0.7332920796875 0.1439768984375 0.7827970296875 0.129537953125 0.8281765671875 0.092409240625 0.7724834984375 0.077970296875 0.7497937296875 0.086221121875 0.7106023109375 0.08828382812499999 0.675536303125 0.10684818437500002 0.66006600625 0.13469471875 0.66006600625 0.1511963703125 0.6724422437500001 0.1800742578125 0.677599009375 0.1852310234375 0.7023514843750001 0.1852310234375 0.7085396046875 0.17079207968750001 0.7281353140625 0.1676980203125
3 0.4321369640625 0.2594884484375 0.5063943890625 0.21617161718750003 0.5105198015625 0.2037953796875 0.5249587453125 0.19966996718750002 0.5156765671875 0.13469471875 0.4898927390625 0.127475246875 0.4672029703125 0.129537953125 0.45276402656250003 0.1439768984375 0.40944719531249996 0.1563531359375 0.38366336562500003 0.1738861390625 0.38366336562500003 0.1883250828125 0.4321369640625 0.2594884484375
3 0.5222728390625 0 0.47235973593749997 0.04599835 0.4579207921875 0.07075082499999999 0.45379537968749994 0.10994224374999999 0.4692656765625 0.127475246875 0.5249587453125 0.129537953125 0.560024753125 0.092409240625 0.555899340625 0.086221121875 0.5136138609375 0.08106435625 0.5259900984375 0.052186468750000006 0.5528052812500001 0.037747525 0.5445544546875001 0.023308581249999998 0.5578736453124999 0 0.5222728390625 0
3 0.4259488453125 0.33993399375 0.4383250828125 0.3378712875 0.4558580859375 0.322400990625 0.46307755781250004 0.30280528125 0.4610148515625 0.29455445468749997 0.4548267328125 0.29867986874999997 0.44966996718749996 0.2935231015625 0.4218234328125 0.2512376234375 0.3908828390625 0.2615511546875 0.371287128125 0.2873349828125 0.373349834375 0.299711221875 0.4053217828125 0.333745875 0.4259488453125 0.33993399375
3 0.354785478125 0.2130775578125 0.36097359687499997 0.22751650156249997 0.38882013125000003 0.25742574218750003 0.4176980203125 0.2491749171875 0.41047854843750003 0.22545379531249998 0.38366336562500003 0.1883250828125 0.38366336562500003 0.1738861390625 0.4022277234375 0.1573844890625 0.38882013125000003 0.1542904296875 0.35994224375 0.1625412546875 0.354785478125 0.1676980203125 0.354785478125 0.2130775578125
3 0.638407590625 0.9711221125 0.673473596875 0.9711221125 0.6786303625000001 0.959777228125 0.681724421875 0.8783003296875 0.677599009375 0.8679867984375 0.6177805281250001 0.8927392734374999 0.5919966999999999 0.926773928125 0.5919966999999999 0.9412128718749999 0.609529703125 0.958745875 0.638407590625 0.9711221125
3 0.6724422437500001 0.17801155156249998 0.66006600625 0.15325907656249999 0.66006600625 0.13056930625000002 0.679661715625 0.10272277187500001 0.6177805281250001 0.090346534375 0.562087459375 0.094471946875 0.5177392734375 0.14707095781249999 0.5342409234375001 0.2089521453125 0.5435231015624999 0.21617161718750003 0.580651815625 0.2141089109375 0.634282178125 0.1955445546875 0.6672854781249999 0.1934818484375 0.6724422437500001 0.17801155156249998