3 0.2971416375 0.125 0.3355375421875 0.12713310625000002 0.40379692812499995 0.1612627984375 0.6075085328125 0.1900597265625 0.6213737203125 0.1889931734375 0.630972696875 0.17299488125 0.641638225 0.13246587031249998 0.641638225 0.11113481249999999 0.6320392484374999 0.1036689421875 0.47632252499999994 0.0844709890625 0.463523890625 0.078071671875 0.3803327640625 0.082337884375 0.3355375421875 0.09513651875 0.29927474374999996 0.0887372015625 0.2939419796875 0.096203071875 0.2971416375 0.125
3 0.7088310578125 0.259385665625 0.7237627984375 0.259385665625 0.7536262796875 0.287116040625 0.8613481234375 0.34577645 0.8752133109375 0.346843003125 0.8880119453124999 0.3383105796875 0.9146757671874999 0.3116467578125 0.9125426624999999 0.2988481234375 0.7813566546875 0.229522184375 0.7578924921875 0.227389078125 0.74509385625 0.21459044375 0.730162115625 0.21459044375 0.7013651875 0.245520478125 0.7088310578125 0.259385665625
3 0.568046075 0.287116040625 0.5851109218749999 0.2977815703125 0.68536689375 0.336177475 0.7866894203125 0.34790955625 0.7984215015625 0.346843003125 0.808020478125 0.3287116046875 0.77922355 0.316979521875 0.7514931734375 0.287116040625 0.6171075078125 0.23592150156249997 0.5893771328125 0.2337883953125 0.5627133109375 0.275383959375 0.568046075 0.287116040625
3 0.6171075078125 0.51109215 0.6320392484374999 0.5345563140625 0.7216296921875001 0.5324232078125 0.805887371875 0.5526877140625001 0.8880119453124999 0.54522184375 0.9146757671874999 0.4716296921875 0.9146757671874999 0.454564846875 0.8901450515624999 0.4449658703125 0.8752133109375 0.42576791875 0.7685580203125 0.440699659375 0.6832337890625 0.410836178125 0.6021757671875 0.4129692828125 0.5296501703125001 0.44283276406249994 0.5019197953125001 0.436433446875 0.4837883953125 0.44176621093749996 0.481655290625 0.4588310578125 0.48698805468749995 0.464163821875 0.512585325 0.47056314062500004 0.568046075 0.5046928328125 0.6171075078125 0.51109215
3 0.6523037546875 0.34790955625 0.64377133125 0.38843856718750003 0.6512372015625 0.4001706484375 0.805887371875 0.4161689421875 0.8944112625 0.4001706484375 0.9018771328125 0.3841723546875 0.8944112625 0.376706484375 0.86454778125 0.37457337812499997 0.80908703125 0.351109215625 0.6875 0.3404436859375 0.6619027296875 0.3404436859375 0.6523037546875 0.34790955625
3 0.25341296875 0.3671075078125 0.255546075 0.39270477812500004 0.26727815625 0.4001706484375 0.402730375 0.4119027296875 0.5872440265625001 0.406569965625 0.594709896875 0.3969709890625 0.5904436859375 0.33724402656249997 0.580844709375 0.33191126249999997 0.5296501703125001 0.33191126249999997 0.34193685937499996 0.3404436859375 0.25341296875 0.3671075078125
3 0.11902730312500001 0.34364334531249996 0.13929180937500002 0.3681740609375 0.17982081875 0.36177474374999996 0.212883959375 0.3692406140625 0.23954778124999998 0.3703071671875 0.3376706484375 0.33404436875 0.38673208125 0.3041808875 0.461390784375 0.289249146875 0.4880546078125 0.2689846421875 0.4837883953125 0.241254265625 0.46459044374999997 0.226322525 0.4603242328125 0.20712457343750001 0.44645904375 0.197525596875 0.401663821875 0.20179180937500002 0.3398037546875 0.23592150156249997 0.28220989687500003 0.24445392500000002 0.1755546078125 0.2828498296875 0.1616894203125 0.29671501718750004 0.153156996875 0.32017918125 0.11902730312500001 0.34364334531249996
3 0 0.498933446875 0.018771331250000002 0.5057593859375 0.047568259375 0.5068259390625001 0.0550341296875 0.48016211562500005 0.095563140625 0.43536689375000004 0.11262798593750001 0.34577645 0.12116040937500001 0.335110921875 0.13395904375 0.28818259375 0.13395904375 0.2689846421875 0.1115614328125 0.2529863484375 0.0411689421875 0.24445392500000002 0.0251706484375 0.262585325 0 0.367463025 0 0.4650475375 0.003839590625 0.4716296921875 0 0.4831484640625 0 0.498933446875
3 0.18728668906249998 0.4886945390625 0.21181740625 0.5046928328125 0.2928754265625 0.51109215 0.4389931734375 0.5484215015625 0.5744453921875 0.5388225249999999 0.6085750859375 0.5494880546875 0.6224402734375001 0.5377559734374999 0.624573378125 0.5206911265625 0.5637798640625 0.5046928328125 0.5083191125 0.4726962453125 0.4891211609375 0.47056314062500004 0.4741894203125 0.4577645046875 0.371800340625 0.440699659375 0.316339590625 0.438566553125 0.25234641562500004 0.4172354953125 0.21181740625 0.42150170625000005 0.20435153593750002 0.44389931718750003 0.1894197953125 0.454564846875 0.18728668906249998 0.4886945390625
3 0.5744453921875 0.583617746875 0.6043088734375 0.583617746875 0.659769625 0.613481228125 0.780290103125 0.629479521875 0.8154863484374999 0.630546075 0.8272184296875 0.6230802046874999 0.8378839593749999 0.5953498296874999 0.8240187718750001 0.57295221875 0.6811006828124999 0.5494880546875 0.614974403125 0.558020478125 0.5787116046875 0.5537542656250001 0.569112628125 0.571885665625 0.5744453921875 0.583617746875
3 0.23314846406249998 0.8587883953125001 0.3675341296875 0.8545221843749999 0.437926621875 0.86732081875 0.5541808875 0.8747866890625 0.582977815625 0.869453925 0.6235068265625 0.8502559734374999 0.6576365187500001 0.8545221843749999 0.6629692828125 0.842790103125 0.6608361781250001 0.8129266218750001 0.6235068265625 0.8097269624999999 0.57017918125 0.777730375 0.5467150171874999 0.7734641640625 0.45285836249999994 0.767064846875 0.44219283281250005 0.7734641640625 0.378199659375 0.7734641640625 0.273677475 0.7606655296875 0.2416808875 0.7606655296875 0.2182167234375 0.7691979515625 0.21501706562499998 0.7894624578125 0.20435153593750002 0.8043941984374999 0.2064846421875 0.842790103125 0.23314846406249998 0.8587883953125001
3 0.0870307171875 0.7915955625 0.050767918749999995 0.8534556312499999 0.0550341296875 0.8662542656250001 0.0678327640625 0.872653584375 0.09236348125 0.87158703125 0.13395904375 0.8086604093749999 0.18088737187499998 0.7702645046875001 0.2320819109375 0.6806740609374999 0.2342150171875 0.6657423203125 0.22674914687499997 0.6561433453125 0.18195392500000002 0.6412116046875 0.164889078125 0.6412116046875 0.148890784375 0.6529436859375 0.091296928125 0.748933446875 0.0848976109375 0.76599829375 0.0870307171875 0.7915955625
3 0 0.77249799375 0.016638225 0.76173208125 0.018771331250000002 0.746800340625 0.06356655312500001 0.70627133125 0.0699658703125 0.689206484375 0.0976962453125 0.663609215625 0.090230375 0.6497440265625001 0.0688993171875 0.6412116046875 0.034769625 0.6646757671875 0 0.67573883125 0 0.77249799375
3 0.0734051375 1 0.0720989765625 0.9046501703125 0.059300340625 0.8747866890625 0.0251706484375 0.842790103125 0.027303754687499997 0.8171928328125 0.017704778125 0.81186006875 0 0.814515784375 0 1 0.0734051375 1