3 0.685546875 0.1162109375 0.6806640625 0.109375 0.6474609375 0.115234375 0.6064453125 0.103515625 0.5302734375 0.099609375 0.5185546875 0.10546875 0.3759765625 0.123046875 0.3671875 0.1298828125 0.3671875 0.1494140625 0.376953125 0.1865234375 0.3857421875 0.201171875 0.3984375 0.2021484375 0.5849609375 0.17578125 0.6474609375 0.14453125 0.6826171875 0.142578125 0.685546875 0.1162109375
3 0.3125 0.2529296875 0.2861328125 0.224609375 0.2724609375 0.224609375 0.2607421875 0.236328125 0.2392578125 0.23828125 0.119140625 0.3017578125 0.1171875 0.3134765625 0.1416015625 0.337890625 0.1533203125 0.345703125 0.166015625 0.3447265625 0.2646484375 0.291015625 0.2919921875 0.265625 0.3056640625 0.265625 0.3125 0.2529296875
3 0.439453125 0.2802734375 0.4150390625 0.2421875 0.3896484375 0.244140625 0.2666015625 0.291015625 0.2412109375 0.318359375 0.21484375 0.3291015625 0.2236328125 0.345703125 0.234375 0.3466796875 0.3271484375 0.3359375 0.4189453125 0.30078125 0.4345703125 0.291015625 0.439453125 0.2802734375
3 0.4345703125 0.490234375 0.4853515625 0.458984375 0.5087890625 0.453125 0.513671875 0.4482421875 0.51171875 0.4326171875 0.4951171875 0.427734375 0.4697265625 0.43359375 0.4033203125 0.40625 0.3291015625 0.404296875 0.2509765625 0.431640625 0.1533203125 0.41796875 0.1396484375 0.435546875 0.1171875 0.4443359375 0.1171875 0.4599609375 0.1416015625 0.52734375 0.216796875 0.5341796875 0.2939453125 0.515625 0.3759765625 0.517578125 0.3896484375 0.49609375 0.4345703125 0.490234375
3 0.3486328125 0.33984375 0.3251953125 0.33984375 0.2138671875 0.349609375 0.1630859375 0.37109375 0.1357421875 0.373046875 0.12890625 0.3798828125 0.1357421875 0.39453125 0.216796875 0.4091796875 0.3583984375 0.39453125 0.365234375 0.3837890625 0.357421875 0.3466796875 0.3486328125 0.33984375
3 0.6416015625 0.33984375 0.4697265625 0.33203125 0.4228515625 0.33203125 0.4140625 0.3369140625 0.41015625 0.3916015625 0.4169921875 0.400390625 0.5859375 0.4052734375 0.7099609375 0.39453125 0.720703125 0.3876953125 0.72265625 0.3642578125 0.6416015625 0.33984375
3 0.814453125 0.3212890625 0.806640625 0.2998046875 0.7939453125 0.287109375 0.6962890625 0.251953125 0.6435546875 0.244140625 0.5869140625 0.212890625 0.5458984375 0.208984375 0.533203125 0.2177734375 0.529296875 0.2353515625 0.51171875 0.2490234375 0.5078125 0.2744140625 0.5322265625 0.29296875 0.6005859375 0.306640625 0.6455078125 0.333984375 0.7353515625 0.3671875 0.759765625 0.3662109375 0.7900390625 0.359375 0.8271484375 0.365234375 0.845703125 0.3427734375 0.814453125 0.3212890625
3 0.966796875 0.4150390625 0.931640625 0.2685546875 0.9169921875 0.251953125 0.8525390625 0.259765625 0.83203125 0.2744140625 0.83203125 0.2919921875 0.84375 0.3349609375 0.8515625 0.3447265625 0.8671875 0.4267578125 0.904296875 0.4677734375 0.9111328125 0.4921875 0.9375 0.4912109375 0.958984375 0.4833984375 0.951171875 0.4599609375 0.96484375 0.4365234375 0.966796875 0.4150390625
3 0.78125 0.4443359375 0.767578125 0.4345703125 0.7607421875 0.4140625 0.7236328125 0.41015625 0.6650390625 0.4296875 0.6142578125 0.431640625 0.5205078125 0.447265625 0.5068359375 0.458984375 0.4892578125 0.4609375 0.4384765625 0.490234375 0.3828125 0.5048828125 0.384765625 0.5205078125 0.3974609375 0.53125 0.4287109375 0.521484375 0.552734375 0.5302734375 0.6865234375 0.49609375 0.7607421875 0.490234375 0.783203125 0.4755859375 0.78125 0.4443359375
3 0.43359375 0.5517578125 0.4248046875 0.53515625 0.3916015625 0.5390625 0.3310546875 0.53125 0.2001953125 0.552734375 0.1875 0.5732421875 0.197265625 0.5986328125 0.2080078125 0.60546875 0.240234375 0.6044921875 0.3505859375 0.58984375 0.4013671875 0.5625 0.4287109375 0.5625 0.43359375 0.5517578125
3 0.765625 0.7998046875 0.767578125 0.7646484375 0.7578125 0.7509765625 0.7548828125 0.732421875 0.7333984375 0.724609375 0.7041015625 0.724609375 0.6083984375 0.736328125 0.5498046875 0.736328125 0.5400390625 0.73046875 0.4541015625 0.736328125 0.4326171875 0.740234375 0.3837890625 0.76953125 0.349609375 0.7724609375 0.34765625 0.7998046875 0.3525390625 0.810546875 0.3837890625 0.806640625 0.4208984375 0.82421875 0.447265625 0.8291015625 0.5537109375 0.822265625 0.6181640625 0.810546875 0.7412109375 0.814453125 0.765625 0.7998046875
3 0.876953125 0.7294921875 0.87109375 0.7138671875 0.818359375 0.6259765625 0.8037109375 0.615234375 0.7880859375 0.615234375 0.7470703125 0.62890625 0.740234375 0.6376953125 0.7421875 0.6513671875 0.7890625 0.7333984375 0.83203125 0.7685546875 0.8701171875 0.826171875 0.892578125 0.8271484375 0.904296875 0.8212890625 0.908203125 0.8095703125 0.875 0.7529296875 0.876953125 0.7294921875
3 1 0.6767578125 0.9658203125 0.650390625 0.9228515625 0.63671875 0.8916015625 0.615234375 0.8720703125 0.623046875 0.865234375 0.6357421875 0.890625 0.6591796875 0.896484375 0.6748046875 0.9375 0.7119140625 0.939453125 0.7255859375 0.9560546875 0.736328125 0.97265625 0.7353515625 1 0.7294921875 1 0.6767578125
3 1 0.8310546875 0.978515625 0.8076171875 0.982421875 0.7841796875 0.9775390625 0.77734375 0.9384765625 0.771484375 0.9296875 0.7763671875 0.931640625 0.7998046875 0.900390625 0.8291015625 0.888671875 0.8564453125 0.88671875 0.9990234375 1 0.9990234375 1 0.8310546875