3 0.0831911265625 0.501066553125 0.08959044375 0.5138651875 0.1087883953125 0.6695819109375 0.116254265625 0.6791808875 0.137585325 0.6791808875 0.178114334375 0.6685153578125 0.19411262812500002 0.6589163828125 0.19517918125 0.6450511953125 0.166382253125 0.441339590625 0.132252559375 0.3730802046875 0.1301194546875 0.3346843 0.10132252500000001 0.3314846421875 0.0938566546875 0.33681740625 0.10025597343749999 0.3730802046875 0.0874573375 0.4178754265625 0.0831911265625 0.501066553125
3 0.2346416375 0.8188993171875 0.3039675765625 0.9500853250000001 0.3167662109375 0.9522184296875 0.34343003437499997 0.9255546078125001 0.3519624578125 0.9127559734374999 0.3508959046875 0.898890784375 0.29223549531250004 0.7911689421875 0.26450511875 0.7613054609375001 0.26450511875 0.7463737203125 0.25063993125 0.73890785 0.21970989687500003 0.7677047781249999 0.21970989687500003 0.7826365187500001 0.2325085328125 0.795435153125 0.2346416375 0.8188993171875
3 0.32209897656250003 0.8167662109375 0.3338310578125 0.8455631406249999 0.3519624578125 0.8359641640625 0.3530290109375 0.8242320812499999 0.341296928125 0.7229095562500001 0.30290102343749997 0.622653584375 0.29223549531250004 0.6055887375 0.2805034125 0.6002559734374999 0.23890785 0.6269197953125001 0.24104095625 0.6546501703125001 0.29223549531250004 0.7890358359375 0.32209897656250003 0.8167662109375
3 0.446885665625 0.5213310578125 0.44155290156250004 0.5394624578125 0.44795221874999996 0.5671928328125 0.41808873750000003 0.6397184296875 0.41595563125 0.72077645 0.4458191125 0.8061006828125 0.43088737187500004 0.9127559734374999 0.450085325 0.9276877140625001 0.4596843 0.9522184296875 0.47674914687500003 0.9522184296875 0.550341296875 0.9255546078125001 0.5578071671875 0.843430034375 0.5375426625 0.7591723546875 0.5396757671875 0.6695819109375 0.5162116046875 0.6546501703125001 0.5098122859374999 0.6055887375 0.47568259375000005 0.5501279859375 0.4692832765625 0.5245307171875 0.4639505125 0.5191979515625 0.446885665625 0.5213310578125
3 0.3818259390625 0.931953925 0.389291809375 0.9394197953125 0.405290103125 0.931953925 0.4212883953125 0.843430034375 0.405290103125 0.6887798640625 0.3935580203125 0.68131399375 0.3530290109375 0.689846415625 0.34556314062500004 0.6994453921875 0.34556314062500004 0.7250426625 0.35622866875 0.8466296921875 0.3796928328125 0.90209044375 0.3818259390625 0.931953925
3 0.40209044374999997 0.632252559375 0.4116894203125 0.6247866890625 0.41702218437500005 0.4402730375 0.405290103125 0.30482081875 0.3978242328125 0.29308873750000003 0.3722269625 0.29095563125 0.34556314062500004 0.379479521875 0.3370307171875 0.5671928328125 0.3370307171875 0.618387371875 0.34236348125 0.6279863484375 0.40209044374999997 0.632252559375
3 0.24104095625 0.37734641562500004 0.20691126249999997 0.439206484375 0.2026450515625 0.48400170625000005 0.2122440265625 0.49786689375000004 0.23144197968750002 0.50213310625 0.2463737203125 0.5213310578125 0.2741040953125 0.5255972703125 0.2943686 0.498933446875 0.309300340625 0.42427474375 0.339163821875 0.3752133109375 0.37542662187500003 0.27709044375 0.37436006875 0.25042662187500003 0.3668941984375 0.21736348125 0.373293515625 0.1768344703125 0.3487627984375 0.156569965625 0.325298634375 0.190699659375 0.3018344703125 0.19923208125 0.2879692828125 0.21309727031249998 0.24957337812499997 0.319752559375 0.24104095625 0.37734641562500004
3 0.2741040953125 0.17150170625 0.2933020484375 0.17150170625 0.34023037500000003 0.158703071875 0.3508959046875 0.1501706484375 0.4404863484375 0.13310580156250001 0.48528157031249997 0.0925767921875 0.5119453921875 0.085110921875 0.5108788390625 0.05631399375 0.502346415625 0.0328498296875 0.47674914687500003 0.041382253125000004 0.45115187656250005 0.026450512500000002 0.42768771406250006 0.02431740625 0.26770477812500004 0.0627133109375 0.24957337812499997 0.0787116046875 0.2581058015625 0.1491040953125 0.2741040953125 0.17150170625
3 0.44368600625 0.353882253125 0.4458191125 0.40934300312499994 0.46288395937500004 0.51173208125 0.47568259375000005 0.5266638218749999 0.4778157 0.545861775 0.5098122859374999 0.6013225249999999 0.5258105796875 0.662116040625 0.5428754265625 0.659982934375 0.5546075078125 0.646117746875 0.5439419796875 0.6119880546875 0.55354095625 0.4765358359375 0.5162116046875 0.33041808906250003 0.5098122859374999 0.24936006875 0.49381399375 0.2248293515625 0.4596843 0.22696245781250002 0.44901877187499994 0.24189419843749999 0.4266211609375 0.24936006875 0.4223549484375 0.289889078125 0.44368600625 0.353882253125
3 0.578071671875 0.8615614328125 0.6004692828125 0.8754266218750001 0.628199659375 0.8647610921875 0.6356655296875 0.8530290109375 0.6345989765625 0.8178327640624999 0.6186006828124999 0.6973122859374999 0.5887372015625 0.6418515359375 0.5887372015625 0.6119880546875 0.57700511875 0.606655290625 0.5588737203125 0.6162542656250001 0.5631399312500001 0.652517065625 0.5546075078125 0.7186433453125 0.578071671875 0.8615614328125
3 0.7657849828125001 0.27922355 0.7657849828125001 0.31122013593750003 0.7785836171875 0.4157423203125 0.7785836171875 0.4797354953125 0.7721842999999999 0.49040102343749997 0.7785836171875 0.5842576796875 0.7828498296874999 0.60772184375 0.814846415625 0.6610494874999999 0.818046075 0.6983788390625 0.84790955625 0.7005119453125 0.8596416375 0.69517918125 0.8553754265625001 0.6610494874999999 0.8745733781249999 0.620520478125 0.8799061437500001 0.59172355 0.8724402734375 0.4754692828125 0.8596416375 0.4050767921875 0.86390785 0.2706911265625 0.84790955625 0.24402730312499998 0.8095136515625001 0.24189419843749999 0.7945819109375 0.25255972656250003 0.77431740625 0.2557593859375 0.7657849828125001 0.27922355
3 0.6463310578125 0.21949658749999998 0.6612627984375 0.264291809375 0.670861775 0.2717576796875 0.685793515625 0.2696245734375 0.775383959375 0.218430034375 0.8137798640625 0.17150170625 0.8767064843749999 0.12990614375 0.8777730375000001 0.10537542656250001 0.8713737203124999 0.0925767921875 0.8585750859375001 0.0883105796875 0.7967150171874999 0.124573378125 0.771117746875 0.1224402734375 0.7540529015625 0.128839590625 0.658063140625 0.18643344687500002 0.6463310578125 0.20243174062499997 0.6463310578125 0.21949658749999998
3 0.7043088734375 0 0.6847269625 0.025383959374999997 0.6697952218750001 0.0723122859375 0.6463310578125 0.1064419796875 0.6548634812499999 0.1277730375 0.66872866875 0.1352389078125 0.6943259390625001 0.10750853281249999 0.711390784375 0.101109215625 0.7519197953125001 0.05631399375 0.7668515359375 0.0541808875 0.7785836171875 0.0360494875 0.777517065625 0.0179180890625 0.7736774750000001 0 0.7043088734375 0
3 0.8690079109375001 0 0.8564419796875 0.011518771875 0.8308447093750001 0.007252559375 0.8233788390625 0.012585325 0.816979521875 0.055247440625 0.8223122859374999 0.064846415625 0.84790955625 0.0627133109375 0.8799061437500001 0.09684300312500001 0.909769625 0.1096416375 1 0.1108776703125 1 0 0.8690079109375001 0