3 0.15234375 0.7783203125 0.15625 0.6298828125 0.1328125 0.5869140625 0.1328125 0.5595703125 0.1162109375 0.548828125 0.0927734375 0.548828125 0.080078125 0.5595703125 0.076171875 0.5849609375 0.05078125 0.6103515625 0.041015625 0.6416015625 0.03125 0.7783203125 0.01171875 0.9365234375 0.015625 0.9599609375 0.0322265625 0.96875 0.123046875 0.9716796875 0.126953125 0.9697265625 0.130859375 0.8935546875 0.14453125 0.8388671875 0.15234375 0.7783203125
3 0.2890625 0.6513671875 0.28515625 0.6279296875 0.26953125 0.6044921875 0.26953125 0.5712890625 0.2451171875 0.560546875 0.220703125 0.5654296875 0.21484375 0.5927734375 0.18359375 0.6259765625 0.12890625 0.9384765625 0.12890625 0.9677734375 0.1376953125 0.978515625 0.232421875 0.9833984375 0.24609375 0.9755859375 0.25 0.9599609375 0.267578125 0.7939453125 0.2890625 0.6513671875
3 0.3984375 0.6337890625 0.37890625 0.6005859375 0.37890625 0.5693359375 0.3701171875 0.560546875 0.3427734375 0.556640625 0.330078125 0.5634765625 0.326171875 0.5888671875 0.302734375 0.6123046875 0.29296875 0.6318359375 0.283203125 0.6962890625 0.28125 0.7509765625 0.25 0.9736328125 0.2568359375 0.978515625 0.359375 0.9814453125 0.37109375 0.9716796875 0.369140625 0.9521484375 0.37890625 0.8935546875 0.3984375 0.6337890625
3 0.4921875 0.8623046875 0.50390625 0.7041015625 0.50390625 0.6337890625 0.482421875 0.6025390625 0.48046875 0.5712890625 0.4677734375 0.564453125 0.4423828125 0.564453125 0.43359375 0.5732421875 0.4296875 0.6005859375 0.41015625 0.6181640625 0.3984375 0.6513671875 0.38671875 0.8798828125 0.375 0.9267578125 0.373046875 0.9638671875 0.375 0.9736328125 0.3857421875 0.982421875 0.45703125 0.9873046875 0.4814453125 0.982421875 0.48828125 0.9736328125 0.4921875 0.9541015625 0.4921875 0.8623046875
3 0.603515625 0.6201171875 0.58984375 0.6025390625 0.587890625 0.5732421875 0.5732421875 0.564453125 0.5517578125 0.564453125 0.541015625 0.5712890625 0.537109375 0.6025390625 0.509765625 0.6396484375 0.494140625 0.9619140625 0.501953125 0.9833984375 0.5087890625 0.98828125 0.599609375 0.9912109375 0.609375 0.9833984375 0.615234375 0.9638671875 0.615234375 0.6474609375 0.603515625 0.6201171875
3 0.740234375 0.8232421875 0.728515625 0.6357421875 0.724609375 0.6201171875 0.69921875 0.5927734375 0.697265625 0.5673828125 0.6806640625 0.556640625 0.6630859375 0.556640625 0.6484375 0.5654296875 0.64453125 0.5947265625 0.625 0.6201171875 0.6171875 0.6572265625 0.62109375 0.7705078125 0.6171875 0.9775390625 0.6279296875 0.986328125 0.66015625 0.9873046875 0.7236328125 0.98046875 0.73828125 0.9677734375 0.7421875 0.9521484375 0.740234375 0.8232421875
3 0.763671875 0.4619140625 0.763671875 0.4423828125 0.7490234375 0.4296875 0.7275390625 0.431640625 0.7119140625 0.451171875 0.7021484375 0.453125 0.693359375 0.4619140625 0.6796875 0.4873046875 0.673828125 0.5107421875 0.677734375 0.5439453125 0.69921875 0.5654296875 0.701171875 0.5751953125 0.73828125 0.5771484375 0.76171875 0.5458984375 0.77734375 0.5029296875 0.77734375 0.4873046875 0.763671875 0.4619140625
3 0.6953125 0.4482421875 0.693359375 0.4248046875 0.677734375 0.4033203125 0.67578125 0.3818359375 0.6650390625 0.37109375 0.6435546875 0.37109375 0.6328125 0.3798828125 0.62890625 0.3955078125 0.60546875 0.4169921875 0.599609375 0.4443359375 0.599609375 0.5595703125 0.6181640625 0.58203125 0.6298828125 0.587890625 0.640625 0.5869140625 0.646484375 0.5654296875 0.673828125 0.5498046875 0.673828125 0.5029296875 0.6953125 0.4482421875
3 0.7314453125 0 0.716796875 0.0126953125 0.71484375 0.0380859375 0.701171875 0.0673828125 0.701171875 0.1103515625 0.71484375 0.2177734375 0.71484375 0.2646484375 0.724609375 0.2783203125 0.72265625 0.2841796875 0.736328125 0.3154296875 0.7529296875 0.328125 0.771484375 0.3271484375 0.7939453125 0.318359375 0.806640625 0.3037109375 0.810546875 0.2900390625 0.794921875 0.1123046875 0.7890625 0.0654296875 0.779296875 0.0400390625 0.763671875 0.0263671875 0.759765625 0.0107421875 0.7509765625 0 0.7314453125 0
3 0.255859375 0.1806640625 0.259765625 0.1181640625 0.25390625 0.0595703125 0.2431640625 0.048828125 0.2314453125 0.044921875 0.21484375 0.0517578125 0.2109375 0.0673828125 0.19140625 0.0830078125 0.1796875 0.1064453125 0.146484375 0.3056640625 0.1484375 0.3388671875 0.1650390625 0.357421875 0.1943359375 0.359375 0.21484375 0.3662109375 0.234375 0.3564453125 0.240234375 0.3388671875 0.23828125 0.2744140625 0.255859375 0.1806640625
3 0.345703125 0.1689453125 0.349609375 0.0927734375 0.3359375 0.0673828125 0.333984375 0.0419921875 0.3154296875 0.03125 0.296875 0.0380859375 0.291015625 0.0576171875 0.271484375 0.0732421875 0.263671875 0.0927734375 0.2578125 0.1396484375 0.26171875 0.1787109375 0.248046875 0.2236328125 0.240234375 0.2763671875 0.240234375 0.3154296875 0.251953125 0.3544921875 0.296875 0.3583984375 0.32421875 0.3388671875 0.330078125 0.3232421875 0.328125 0.2548828125 0.345703125 0.1689453125
3 0.42578125 0.2275390625 0.435546875 0.1591796875 0.435546875 0.0732421875 0.421875 0.0517578125 0.41796875 0.0263671875 0.4052734375 0.017578125 0.3837890625 0.021484375 0.376953125 0.0439453125 0.35546875 0.0673828125 0.34765625 0.1259765625 0.349609375 0.1650390625 0.33203125 0.2587890625 0.33203125 0.3134765625 0.337890625 0.3271484375 0.3525390625 0.33984375 0.384765625 0.3447265625 0.4091796875 0.333984375 0.421875 0.3154296875 0.427734375 0.2666015625 0.42578125 0.2275390625
3 0.494140625 0.2666015625 0.498046875 0.2353515625 0.517578125 0.2177734375 0.521484375 0.1962890625 0.51953125 0.0634765625 0.50390625 0.0419921875 0.501953125 0.0224609375 0.4853515625 0.01171875 0.46484375 0.0185546875 0.4609375 0.0380859375 0.447265625 0.0537109375 0.439453125 0.0732421875 0.439453125 0.1572265625 0.42578125 0.2998046875 0.42578125 0.3154296875 0.4384765625 0.330078125 0.4638671875 0.341796875 0.47265625 0.3408203125 0.5048828125 0.330078125 0.51171875 0.3193359375 0.494140625 0.2861328125 0.494140625 0.2666015625
3 0.580078125 0.2470703125 0.609375 0.2119140625 0.611328125 0.0830078125 0.60546875 0.0615234375 0.587890625 0.0419921875 0.583984375 0.0185546875 0.5634765625 0.009765625 0.546875 0.0185546875 0.54296875 0.0439453125 0.52734375 0.0654296875 0.521484375 0.0888671875 0.5234375 0.2021484375 0.51953125 0.2783203125 0.513671875 0.2841796875 0.515625 0.2958984375 0.51171875 0.2998046875 0.517578125 0.3154296875 0.5302734375 0.326171875 0.5517578125 0.3359375 0.5546875 0.3271484375 0.5595703125 0.326171875 0.5625 0.3349609375 0.568359375 0.3349609375 0.5751953125 0.333984375 0.580078125 0.3232421875 0.576171875 0.3017578125 0.580078125 0.2470703125
3 0.859375 0.8623046875 0.841796875 0.6337890625 0.83203125 0.6025390625 0.80859375 0.5791015625 0.806640625 0.5537109375 0.7939453125 0.544921875 0.7744140625 0.544921875 0.75390625 0.5576171875 0.75390625 0.5869140625 0.740234375 0.6025390625 0.732421875 0.6220703125 0.744140625 0.8291015625 0.74609375 0.9423828125 0.7421875 0.9697265625 0.7548828125 0.9765625 0.826171875 0.9755859375 0.8623046875 0.970703125 0.87109375 0.9482421875 0.8671875 0.8955078125 0.859375 0.8623046875
3 0.6953125 0.0595703125 0.67578125 0.0380859375 0.671875 0.0185546875 0.6650390625 0.01171875 0.6474609375 0.009765625 0.6328125 0.0205078125 0.62890625 0.0439453125 0.61328125 0.0693359375 0.6171875 0.1962890625 0.6357421875 0.2265625 0.6552734375 0.240234375 0.6640625 0.2392578125 0.68359375 0.2197265625 0.697265625 0.1923828125 0.701171875 0.0908203125 0.6953125 0.0595703125