3 0 0 0 0.15441127968749999 0.0039577843750000005 0.18646932656249998 0.014264512500000001 0.330763521875 0.024571240624999997 0.363745053125 0.0513687328125 0.390542546875 0.055491425000000004 0.4173400390625 0.06889017187499999 0.428677440625 0.09362631875 0.428677440625 0.1111477578125 0.4173400390625 0.1111477578125 0.3884812 0.1358839046875 0.343131596875 0.13176121406250002 0.18646932656249998 0.12351583125000001 0.12256761249999999 0.1090864109375 0.064849934375 0.105760775 0 0 0
3 0.107025065625 0 0.107025065625 0.017438984375 0.16474274375 0.3472542875 0.197724275 0.38229716406250003 0.2039083109375 0.411156003125 0.22967513125 0.4163093671875 0.255441953125 0.404971965625 0.255441953125 0.3699290890625 0.2719327171875 0.3451929421875 0.276055409375 0.32045679374999997 0.25338060625000003 0.1699785625 0.23538287656249998 0 0.107025065625 0
3 0.2375885296875 0 0.26781002656249997 0.21532816562499998 0.269871371875 0.27304584374999996 0.2801781 0.34107025 0.290484828125 0.36168370781250003 0.3152209765625 0.3864198546875 0.31934366718749996 0.4132173484375 0.3327424140625 0.42043205781250004 0.361601253125 0.4163093671875 0.370877309375 0.40703331093750006 0.370877309375 0.37405178125 0.391490765625 0.3390089046875 0.370877309375 0.064849934375 0.36057058125 0.0030095640625 0.3608715375 0 0.2375885296875 0
3 0.365185825 0 0.3667546171875 0.0298070578125 0.379122690625 0.079279353125 0.391490765625 0.32045679374999997 0.4038588390625 0.3554996703125 0.42447229531249997 0.37405178125 0.4285949875 0.4029106203125 0.43787104218749995 0.41218667499999995 0.46466853593749996 0.41218667499999995 0.4780672828125 0.404971965625 0.480128628125 0.37199043593750003 0.5028034296875 0.3390089046875 0.5028034296875 0.2648004625 0.49043535625 0.0978314640625 0.49043535625 0.00094821875 0.4902457125 0 0.365185825 0
3 0.4928505046875 0 0.5089874671875 0.33282486875 0.53784630625 0.37199043593750003 0.541968996875 0.404971965625 0.5533063984375 0.41218667499999995 0.5759812 0.41218667499999995 0.5914412921875 0.4029106203125 0.5935026390625 0.37199043593750003 0.6079320578125 0.353438325 0.6203001312499999 0.3245794859375 0.6203001312499999 0 0.4928505046875 0
3 0.62281030625 0 0.62648416875 0.194714709375 0.622361478125 0.3142727578125 0.6306068609375 0.353438325 0.6512203171875 0.3802358171875 0.6553430078125 0.411156003125 0.6708031 0.42043205781250004 0.6893552109375001 0.42043205781250004 0.7068766484375 0.40909465625 0.7089379953125 0.38229716406250003 0.7357354875000001 0.353438325 0.7398581796875 0.336947559375 0.752226253125 0.1390583765625 0.7542875984374999 0.0030095640625 0.7535352078125 0 0.62281030625 0
3 0.7913918203125 0.493609828125 0.7913918203125 0.4771190640625 0.7749010546874999 0.431769459375 0.7501649078125 0.398787928125 0.710999340625 0.400849275 0.7089379953125 0.411156003125 0.6862631921875 0.4338308046875 0.6821405015625001 0.46887368125 0.6883245375 0.493609828125 0.7027539578125 0.5204073218749999 0.7120300125 0.5296833765625 0.7223367421875 0.5317447234375 0.73882750625 0.5523581796875 0.761502309375 0.5544195249999999 0.7769624015625001 0.5410207781249999 0.7769624015625001 0.5204073218749999 0.7913918203125 0.493609828125
3 0.6821405015625001 0.4771190640625 0.6821405015625001 0.42764676718750005 0.6532816625 0.411156003125 0.647097625 0.3884812 0.6357602250000001 0.38745052812499997 0.62339215 0.39363456406249997 0.6038093671875 0.4173400390625 0.6038093671875 0.5389594328125 0.609993403125 0.567818271875 0.6347295515625 0.5904930734375 0.6388522421875 0.6069838390625 0.65018964375 0.61625989375 0.6728644453125 0.61625989375 0.684201846875 0.60492249375 0.6862631921875 0.582247690625 0.7027539578125 0.5595728890625 0.704815303125 0.5348367421875 0.6821405015625001 0.4771190640625
3 0.770040028125 1 0.772839709375 0.996578165625 0.7769624015625001 0.9800874015625001 0.793453165625 0.96565798125 0.80375989375 0.9388604875000001 0.80994393125 0.8893881921875 0.826434696875 0.7018057390625 0.8223120046875 0.6873763187499999 0.8089132578125 0.6719162265625 0.785207784375 0.662640171875 0.765625 0.6616094984374999 0.7481035625 0.6750082453124999 0.7336741421874999 0.7079897749999999 0.7357354875000001 0.7141738125 0.725428759375 0.7286032328125 0.725428759375 0.778075528125 0.710999340625 0.8914495375 0.710999340625 0.9367991421875 0.725428759375 0.9677193265625 0.72749010625 0.9945168203125 0.7338168515625 1 0.770040028125 1
3 0.222460421875 0.7182965046875001 0.2245217671875 0.650272096875 0.21833773124999997 0.6317199875 0.197724275 0.6214132578125 0.1760801453125 0.62862796875 0.1451599609375 0.6306893140625001 0.127638521875 0.650272096875 0.1255771765625 0.6853149734375 0.160620053125 0.8955722296875 0.1729881265625 0.9203083765625 0.1936015828125 0.9367991421875 0.197724275 0.9532899078125 0.21524571250000002 0.9605046171874999 0.22761378593749998 0.9563819265625 0.23895118750000002 0.9450445249999999 0.24513522499999998 0.88320415625 0.24101253281249999 0.8172410953125 0.222460421875 0.7182965046875001
3 0.317282321875 0.7389099609375 0.31934366718749996 0.6667628624999999 0.31315963125 0.650272096875 0.2843007921875 0.629658640625 0.2368898421875 0.6337813328124999 0.2245217671875 0.6750082453124999 0.2245217671875 0.7162351578124999 0.23276715 0.7718914906250001 0.2471965703125 0.819302440625 0.243073878125 0.860529353125 0.24925791562500002 0.9100016484375001 0.2575032984375 0.93061510625 0.27811675468749997 0.9471058703124999 0.2843007921875 0.9677193265625 0.303883575 0.9749340375 0.323466359375 0.9635966359375001 0.3255277046875 0.9367991421875 0.3399571234375 0.9100016484375001 0.3358344328125 0.82960916875 0.317282321875 0.7389099609375
3 0.42241095 0.7265418859375 0.4162269125 0.6750082453124999 0.402828165625 0.6554254625 0.3770613453125 0.6440880609375 0.3430491421875 0.649241425 0.32758905 0.662640171875 0.3214050125 0.677069590625 0.3214050125 0.73478726875 0.3399571234375 0.8337318609375 0.337895778125 0.8749587734375 0.34614116093749997 0.9367991421875 0.3688159625 0.9615352906249999 0.37603067343749996 0.985240765625 0.398705475 0.9893634562500001 0.41210422187500007 0.9800874015625001 0.4162269125 0.9532899078125 0.4306563328125 0.93061510625 0.4306563328125 0.8399158968749999 0.42034960468750004 0.7677688 0.42241095 0.7265418859375
3 0.49249670156249997 0.7059284296875 0.5110488125 0.6708855546875 0.503834103125 0.659548153125 0.4698219 0.6482107515625 0.46054584375 0.6471800796875 0.4337483515625 0.659548153125 0.42034960468750004 0.6750082453124999 0.42034960468750004 0.6914990109375 0.4347790234375 0.8419772421875 0.4347790234375 0.93061510625 0.44302440625 0.9512285625000001 0.4574538265625 0.9677193265625 0.46157651718750003 0.9883327843749999 0.483220646875 0.99554749375 0.500742084375 0.9842100921875 0.5028034296875 0.9635966359375001 0.5192941953125 0.940921834375 0.521355540625 0.8007503296875 0.51723285 0.778075528125 0.49661939374999997 0.7595234171875 0.49249670156249997 0.7265418859375 0.49249670156249997 0.7059284296875
3 0.57907321875 0.6894376656250001 0.5831959109375 0.6667628624999999 0.578042546875 0.6554254625 0.5708278359375 0.6543947890624999 0.5646438 0.6543947890624999 0.56155178125 0.6636708437500001 0.5563984171875 0.662640171875 0.5533063984375 0.653364115625 0.530631596875 0.6636708437500001 0.51723285 0.6750082453124999 0.5110488125 0.6914990109375 0.5151715046875001 0.6956217015624999 0.5131101578124999 0.7079897749999999 0.5192941953125 0.7141738125 0.5234168859375 0.7945662921875 0.521355540625 0.914124340625 0.5275395781250001 0.9388604875000001 0.54403034375 0.9615352906249999 0.5481530343750001 0.9883327843749999 0.565674471875 0.9976088390625 0.5873186015625 0.9883327843749999 0.5914412921875 0.9635966359375001 0.609993403125 0.9429831796875 0.616177440625 0.9203083765625 0.6141160953125 0.7842595640625001 0.5831959109375 0.74715534375 0.57907321875 0.6894376656250001
3 0.7565079625 0 0.758410290625 0.0133162921875 0.7563489453125001 0.132874340625 0.7439808703125 0.351376978125 0.752226253125 0.37199043593750003 0.7666556734375 0.3884812 0.7666556734375 0.4194013859375 0.7882998015625 0.43280013124999994 0.8089132578125 0.43280013124999994 0.8223120046875 0.4235240765625 0.8243733515624999 0.3967265828125 0.8491094984374999 0.37199043593750003 0.8594162265625 0.3390089046875 0.8779683374999999 0.0978314640625 0.8862137203125 0.0627885890625 0.8903364109374999 0.007132256250000001 0.8875455296875 0 0.7565079625 0
3 0.710999340625 0.9120629953125 0.7068766484375 0.804873021875 0.6924472296874999 0.7760141828125 0.6718337734375 0.755400725 0.6625577171875 0.7543700531249999 0.6419442609375 0.768799471875 0.622361478125 0.8007503296875 0.6182387859375 0.9347377968749999 0.6347295515625 0.9615352906249999 0.6388522421875 0.9862714374999999 0.6543123343749999 0.9976088390625 0.6728644453125 0.99554749375 0.6800791562499999 0.9883327843749999 0.684201846875 0.9677193265625 0.704815303125 0.9450445249999999 0.710999340625 0.9120629953125