3 0.0151703828125 0 0.0121236 0.0944502796875 0.014311975 0.09882703125 0.0996586140625 0.10320378125 0.1609331234375 0.118522409375 0.22877275937500002 0.1272759109375 0.39508928593750003 0.1316526609375 0.44323354375 0.10539215625000001 0.4738707984375 0.10539215625000001 0.4859068625 0.08679096562500001 0.4859068625 0.06053046250000001 0.4738707984375 0.046306021875 0.44542191875 0.041929271875 0.41697303906250005 0.0134803921875 0.381959034375 0.002538515625 0.34641981718750003 0 0.0151703828125 0
3 0 0.218760940625 0.0077468484374999995 0.2323179265625 0.025253851562500002 0.23669467812499997 0.21126575625 0.25639005625 0.37101715625 0.28046218437500003 0.3972776609375 0.276085434375 0.423538165625 0.25857843125 0.460740546875 0.25857843125 0.47277661093749995 0.2312237390625 0.467305671875 0.20386904687500002 0.4366684171875 0.197303921875 0.3994660359375 0.162289915625 0.0493259796875 0.10101540625000001 0.01650035 0.10101540625000001 0.0044642859375000005 0.1108630953125 0 0.19747023749999998 0 0.218760940625
3 0.4771533609375 0.34064250625 0.46949404687499996 0.3264180671875 0.44104516875 0.3220413171875 0.4147846640625 0.2957808125 0.3929009109375 0.2848389359375 0.3206845234375 0.273897059375 0.2594100140625 0.2717086828125 0.0099352234375 0.23669467812499997 0.0044642859375000005 0.24435399218749998 0.0011817234375 0.359243696875 0.0121236 0.37237395 0.034007353125 0.370185575 0.0996586140625 0.3811274515625 0.39071253437500003 0.40301120468749996 0.427914915625 0.3811274515625 0.462928921875 0.3811274515625 0.47277661093749995 0.3712797625 0.4771533609375 0.34064250625
3 0 0.49557948124999995 0.000087534375 0.49601715625000004 0.0099352234375 0.5036764703125 0.031818978125 0.508053221875 0.13467261875 0.508053221875 0.311931021875 0.5211834734374999 0.39071253437500003 0.5211834734374999 0.42572654062500004 0.49711134531249995 0.460740546875 0.49492296874999997 0.468399859375 0.48069852968750004 0.468399859375 0.45224965 0.4585521703125 0.44240196093749995 0.427914915625 0.438025209375 0.40821953750000006 0.41614145625 0.37101715625 0.40301120468749996 0.114977240625 0.389880953125 0.0624562328125 0.3767507 0.0208771015625 0.374562325 0.0099352234375 0.3767507 0.000087534375 0.3887867640625 0 0.3900647765625 0 0.49557948124999995
3 0 0.6396577375 0.0208771015625 0.64592086875 0.37539390781250004 0.64592086875 0.4060311625 0.632790615625 0.42572654062500004 0.6174719890625 0.4585521703125 0.6152836140625 0.468399859375 0.5988707984375 0.468399859375 0.57479866875 0.460740546875 0.5627626046875001 0.42572654062500004 0.5583858546875 0.384147409375 0.5277486 0.0230654765625 0.510241596875 0 0.5186290421875001 0 0.6396577375
3 0 0.746242246875 0.0022759109375 0.7673757 0.01650035 0.783788515625 0.034007353125 0.788165265625 0.1784401265625 0.785976890625 0.388524159375 0.7728466390625 0.4060311625 0.7684698875 0.4366684171875 0.7400210078125 0.46511729687500003 0.7378326328125 0.4771533609375 0.7192314421875 0.4771533609375 0.6995360640625 0.467305671875 0.68312325 0.4344800421875 0.6787464984375 0.4060311625 0.6568627453125 0.36445203125000003 0.64810924375 0.2375262609375 0.6524859937499999 0.0055584734375 0.64810924375 0 0.6549029328125 0 0.746242246875
3 0.5953256296875 0.7542454484375 0.5931372546875 0.7433035718750001 0.583289565625 0.7334558828125 0.5548406859375 0.7181372546875 0.5285801828125 0.711572128125 0.4913778015625 0.7159488796875 0.467305671875 0.7400210078125 0.45636379531250004 0.742209384375 0.45417542031249997 0.783788515625 0.489189425 0.8100490203125 0.5373336828124999 0.827556021875 0.5548406859375 0.827556021875 0.583289565625 0.8122373953125 0.60517331875 0.8122373953125 0.619397759375 0.7958245796875001 0.617209384375 0.7717524515624999 0.5953256296875 0.7542454484375
3 0.6850490203125 0.7017244390624999 0.6850490203125 0.6776523109375 0.67520133125 0.665616246875 0.6576943281250001 0.6612394953125 0.6336221984375 0.6349789921875 0.60298494375 0.628413865625 0.4738707984375 0.628413865625 0.44870448124999995 0.64920343125 0.44213935624999995 0.6623336828124999 0.44323354375 0.6743697484375 0.467305671875 0.6809348734375 0.48481267499999997 0.711572128125 0.5373336828124999 0.711572128125 0.59860819375 0.7356442578125 0.624868696875 0.7334558828125 0.6489408265625001 0.7159488796875 0.6730129546875 0.7137605046875 0.6850490203125 0.7017244390624999
3 1 0.742209384375 0.977197128125 0.742209384375 0.856836484375 0.7575280109375 0.8043154765624999 0.7575280109375 0.7889968484375001 0.7684698875 0.7824317234375 0.7662815125 0.7474177171874999 0.7816001406249999 0.7331932765625 0.80020133125 0.734287465625 0.8209908968749999 0.7441351546874999 0.8461572125 0.76054796875 0.860381653125 0.775866596875 0.864758403125 0.9750087531249999 0.8472514 1 0.84412749375 1 0.742209384375
3 1 0.16712622500000002 0.9815738796875 0.157913165625 0.7583595937500001 0.120710784375 0.7211572125 0.122899159375 0.700367646875 0.14150035 0.6981792718750001 0.17432597968750002 0.6905199578125 0.197303921875 0.701461834375 0.219187675 0.7211572125 0.22575280156250002 0.7933736 0.223564425 0.898415615625 0.2432598046875 0.968443628125 0.24763655468749998 1 0.24448091718749998 1 0.16712622500000002
3 1 0.253256303125 0.99689250625 0.2520133046875 0.9443714984374999 0.24544817968750002 0.9006039921875001 0.2498249296875 0.8502713578125001 0.234506303125 0.7911852234375 0.22575280156250002 0.7474177171874999 0.22575280156250002 0.703650209375 0.238883053125 0.699273459375 0.2892156859375 0.7211572125 0.319852940625 0.738664215625 0.3264180671875 0.815257353125 0.3242296921875 0.91154586875 0.34392507031249997 0.99689250625 0.3483018203125 1 0.3466285546875 1 0.253256303125
3 1 0.3514880953125 0.9596901265625 0.3461134453125 0.91592261875 0.3483018203125 0.8108806015625 0.3286064421875 0.7496060921875001 0.3286064421875 0.734287465625 0.33517156875 0.720063025 0.351584384375 0.7145920875 0.3876925765625 0.7266281515624999 0.41504726875 0.7474177171874999 0.42927170937500003 0.8021271015625 0.435836834375 0.8458946078125 0.43364845937499996 0.9224877453125 0.4445903359375 1 0.4445903359375 1 0.3514880953125
3 1 0.4489670875 0.9246761203125 0.4489670875 0.7649247203125 0.43364845937499996 0.7474177171874999 0.43364845937499996 0.7310049015625 0.44787289843750006 0.71787465 0.476321778125 0.7189688375000001 0.4861694671875 0.7310049015625 0.5222776609374999 0.743040965625 0.529936975 0.7802433468750001 0.510241596875 0.8021271015625 0.510241596875 0.83714110625 0.5146183468750001 0.856836484375 0.5365021015625 0.8809086140625 0.5408788515625 1 0.53912750625 1 0.4489670875
3 1 0.5409007359375 0.8743434875 0.5430672265625 0.7889968484375001 0.5386904765625 0.7824317234375 0.53212535 0.7693014703125 0.534313725 0.7649247203125 0.529936975 0.7474177171874999 0.5365021015625 0.7353816531249999 0.550726540625 0.7244397765625 0.57479866875 0.734287465625 0.5780812328125 0.7353816531249999 0.5835521703125 0.7255339640625 0.586834734375 0.7255339640625 0.5933998593750001 0.7266281515624999 0.6010591734374999 0.738664215625 0.6065301125 0.7627363453125 0.6021533609375 0.8240108546875 0.6065301125 0.8634016109375 0.6393557421875 1 0.6414254140625 1 0.5409007359375
3 0.480435925 0.860381653125 0.49028361406250004 0.8461572125 0.49028361406250004 0.8242734593750001 0.4760591734375 0.8012955187499999 0.44323354375 0.8012955187499999 0.42572654062500004 0.785976890625 0.4038427875 0.7772233890625 0.171875 0.7903536421874999 0.044949229687499995 0.7925420171875001 0.014311975 0.788165265625 0.006652660937500001 0.80238970625 0.0077468484374999995 0.8822654062499999 0.0132177875 0.9227503499999999 0.038384103125 0.9325980390625 0.0974702375 0.9282212890625001 0.13467261875 0.9194677875 0.39071253437500003 0.8997724093749999 0.42572654062500004 0.8888305328125 0.4519870453125 0.8625700281249999 0.480435925 0.860381653125
3 1 0.64444489375 0.8809086140625 0.64810924375 0.8469887953124999 0.668898809375 0.83167016875 0.6907825625 0.83276435625 0.7006302515625 0.854648109375 0.7225140062500001 0.8852853640625 0.7378326328125 0.9990808828125 0.742209384375 1 0.7420370484375 1 0.64444489375