3 1 0.5700369734375 0.9995733781249999 0.568046075 0.989974403125 0.55631399375 0.9558447093750001 0.541382253125 0.9227815703125 0.5424488046875 0.9003839593749999 0.549914675 0.8865187718750001 0.5616467578125001 0.8801194546875 0.5723122859374999 0.8758532421874999 0.5915102390625 0.869453925 0.7066979515625 0.869453925 0.8944112625 0.8651877140625001 0.9157423203124999 0.869453925 0.9477389078125 0.8779863484374999 0.9754692828125 0.894340159375 1 0.98172639375 1 0.9825085328125001 0.998933446875 0.9974402734375 0.969069965625 1 0.9594709890625 1 0.5700369734375
3 0.8178784734375 1 0.8203924921875 0.996800340625 0.8353242328125001 0.9669368593750001 0.8438566546875 0.92640785 0.8438566546875 0.6064419796875 0.8374573375000001 0.57017918125 0.8331911265624999 0.5616467578125001 0.82145904375 0.55204778125 0.79372866875 0.541382253125 0.7585324234375 0.5424488046875 0.7404010234375 0.5477815703125 0.7244027296875 0.5595136515625 0.7158703078124999 0.5744453921875 0.7116040953125 0.5936433453125 0.707337884375 0.674701365625 0.707337884375 0.8496160406250001 0.703071671875 0.92854095625 0.7158703078124999 0.9776023890625 0.7293088734375 1 0.8178784734375 1
3 0.653517984375 1 0.6646757671875 0.9818686 0.675341296875 0.95200511875 0.6796075078125 0.92854095625 0.6796075078125 0.6043088734375 0.673208190625 0.57017918125 0.6593430031249999 0.5541808875 0.6444112625 0.5456484640625 0.6252133109375 0.541382253125 0.5964163828125 0.5424488046875 0.58681740625 0.5435153578125 0.5654863484375 0.5541808875 0.5537542656250001 0.568046075 0.5473549484375 0.5893771328125 0.5430887375 0.68963310625 0.5430887375 0.8474829343750001 0.5388225249999999 0.9328071671875 0.5516211609375 0.9797354953124999 0.56543786875 1 0.653517984375 1
3 0.42821471562499996 1 0.42790102343749997 0.9946672359375001 0.44923208125 0.969069965625 0.45989761093750003 0.9456058015625001 0.4620307171875 0.92854095625 0.45989761093750003 0.80908703125 0.464163821875 0.6341723546875 0.4620307171875 0.614974403125 0.454564846875 0.5968430031249999 0.43323378906250004 0.5883105796875 0.39377133125 0.5893771328125 0.3585750859375 0.598976109375 0.351109215625 0.6064419796875 0.346843003125 0.6192406140625 0.346843003125 0.9413395906250001 0.3575085328125 0.9669368593750001 0.376706484375 0.9904010234375 0.376706484375 1 0.42821471562499996 1
3 0.3127133109375 1 0.3127133109375 0.996800340625 0.33191126249999997 0.9754692828125 0.34470989687500003 0.943472696875 0.34470989687500003 0.612841296875 0.33724402656249997 0.601109215625 0.3244453921875 0.594709896875 0.26578498281249996 0.5936433453125 0.2391211609375 0.601109215625 0.229522184375 0.614974403125 0.227389078125 0.9413395906250001 0.2401877140625 0.9754692828125 0.259385665625 0.996800340625 0.259385665625 1 0.3127133109375 1
3 0.1913144953125 1 0.1911262796875 0.996800340625 0.21459044375 0.969069965625 0.2252559734375 0.9392064843749999 0.227389078125 0.614974403125 0.2231228671875 0.6021757671875 0.2092576796875 0.5925767921875 0.185793515625 0.5861774750000001 0.14846416406250001 0.5872440265625001 0.1345989765625 0.5883105796875 0.11966723593749999 0.594709896875 0.110068259375 0.6085750859375 0.11220136562500001 0.6363054609375001 0.10793515312499999 0.760025596875 0.10793515312499999 0.943472696875 0.1186006828125 0.971203071875 0.139931740625 0.9946672359375001 0.139931740625 1 0.1913144953125 1
3 0.0716723546875 1 0.0716723546875 0.9904010234375 0.0908703078125 0.969069965625 0.1015358359375 0.9477389078125 0.1058020484375 0.92640785 0.1036689421875 0.86454778125 0.10793515312499999 0.6064419796875 0.1058020484375 0.6000426625 0.0876706484375 0.5861774750000001 0.064206484375 0.57977815625 0.03327645 0.5787116046875 0.0108788390625 0.57977815625 0.0002133109375 0.58404436875 0 0.5842576796875 0 0.9700180125 0.018344709375 0.9904010234375 0.018344709375 1 0.0716723546875 1
3 1 0.0418947515625 0.944112628125 0.0411689421875 0.9195819109375 0.0486348125 0.9121160406250001 0.0582337890625 0.9185153578125 0.2651450515625 0.92704778125 0.286476109375 0.9547781562500001 0.314206484375 0.9505119453124999 0.348336178125 0.9526450515624999 0.36326791875 0.9558447093750001 0.3664675765625 1 0.3664675765625 1 0.0418947515625
3 0.8182593859375 0.36540102343749997 0.8321245734374999 0.3686006828125 0.870520478125 0.3686006828125 0.8822525593749999 0.36326791875 0.8822525593749999 0.3398037546875 0.8779863484374999 0.329138225 0.8801194546875 0.30994027343749997 0.9057167234374999 0.284343003125 0.914249146875 0.25234641562500004 0.9099829343750001 0.051834470312500006 0.9046501703125 0.0443686 0.8875853250000001 0.0401023890625 0.8033276453125 0.0411689421875 0.7915955625 0.046501706250000004 0.7841296921875001 0.0582337890625 0.7862627984375 0.26941126249999997 0.796928328125 0.2907423203125 0.8203924921875 0.31207337812499997 0.8203924921875 0.33127133125 0.8161262796875001 0.3398037546875 0.8182593859375 0.36540102343749997
3 0.6902730375 0.33127133125 0.6860068265625 0.3376706484375 0.6860068265625 0.36326791875 0.693472696875 0.3686006828125 0.7425341296875 0.3686006828125 0.748933446875 0.3664675765625 0.75213310625 0.3611348125 0.74786689375 0.31207337812499997 0.7713310578125 0.288609215625 0.7819965875 0.2608788390625 0.7819965875 0.0582337890625 0.7798634812499999 0.051834470312500006 0.7681314 0.042235495312499996 0.7116040953125 0.0390358359375 0.6657423203125 0.0401023890625 0.6540102390625 0.051834470312500006 0.6540102390625 0.2630119453125 0.6646757671875 0.288609215625 0.67640785 0.302474403125 0.6881399312500001 0.30994027343749997 0.6902730375 0.316339590625 0.6902730375 0.33127133125
3 0.5516211609375 0.3078071671875 0.5516211609375 0.33127133125 0.5473549484375 0.346203071875 0.5494880546875 0.36540102343749997 0.55482081875 0.3686006828125 0.6081484640625 0.3686006828125 0.613481228125 0.36540102343749997 0.615614334375 0.3504692828125 0.6113481234375 0.314206484375 0.6369453921875 0.288609215625 0.6476109218749999 0.2651450515625 0.6518771328125 0.056100682812500004 0.6444112625 0.046501706250000004 0.627346415625 0.0401023890625 0.5388225249999999 0.0390358359375 0.5313566546875 0.0401023890625 0.523890784375 0.051834470312500006 0.5217576796875 0.199018771875 0.526023890625 0.2096843 0.5217576796875 0.2203498296875 0.5217576796875 0.25234641562500004 0.5324232078125 0.286476109375 0.5516211609375 0.3078071671875
3 0.2551194546875 0.24381399374999999 0.261518771875 0.27154436875 0.2721843 0.2950085328125 0.2956484640625 0.376066553125 0.31911262812499996 0.42939419843750004 0.32124573437500004 0.4443259390625 0.3255119453125 0.45285836249999994 0.34577645 0.4709897609375 0.360708190625 0.4752559734375 0.36604095625 0.48058873750000003 0.37244027343749997 0.5168515359375 0.376706484375 0.525383959375 0.38630546093749996 0.5307167234375 0.420435153125 0.5221842999999999 0.43323378906250004 0.5157849828125001 0.438566553125 0.5083191125 0.43536689375000004 0.49658703125 0.42256825937500003 0.49658703125 0.4193686 0.49338737187500004 0.4193686 0.48272184375 0.42576791875 0.4741894203125 0.42150170625000005 0.45499146718750005 0.434300340625 0.433660409375 0.434300340625 0.40806314062500004 0.42576791875 0.38673208125 0.4236348125 0.3696672359375 0.4023037546875 0.316339590625 0.3831058015625 0.2480802046875 0.3681740609375 0.2139505125 0.3681740609375 0.2032849828125 0.348976109375 0.1456911265625 0.3383105796875 0.12436006875000001 0.33191126249999997 0.09449658749999999 0.3233788390625 0.077431740625 0.3233788390625 0.0667662109375 0.31377986406249997 0.057167235937500005 0.2935153578125 0.056100682812500004 0.2668515359375 0.061433446875 0.226322525 0.08063139999999999 0.2124573375 0.09236348125 0.2081911265625 0.109428328125 0.21459044375 0.12222696250000001 0.21459044375 0.1307593859375 0.24232081875000003 0.21608361718750002 0.2551194546875 0.24381399374999999
3 0.11326791875 0.48592150156249997 0.1623293515625 0.48592150156249997 0.1655290109375 0.48272184375 0.1655290109375 0.437926621875 0.18686006875 0.41446245781249996 0.19539249218750002 0.39099829375 0.197525596875 0.032636518749999996 0.1932593859375 0.017704778125 0.1751279859375 0.008105801562499999 0.14099829375 0.0017064843749999999 0.1058020484375 0.0027730375 0.07913822499999999 0.008105801562499999 0.0716723546875 0.015571671875000002 0.0695392484375 0.0241040953125 0.078071671875 0.3888651875 0.0887372015625 0.41659556249999996 0.110068259375 0.4400597265625 0.10793515312499999 0.48058873750000003 0.11326791875 0.48592150156249997