3 0.162109375 0.4482421875 0.16796875 0.3427734375 0.16796875 0.1708984375 0.171875 0.1513671875 0.16796875 0.1220703125 0.16015625 0.0966796875 0.12890625 0.0498046875 0.1328125 0.0302734375 0.1328125 0.0087890625 0.1298828125 0.005859375 0.0849609375 0.005859375 0.08203125 0.0087890625 0.08203125 0.0302734375 0.0859375 0.0458984375 0.064453125 0.0751953125 0.05078125 0.1025390625 0.04296875 0.1318359375 0.04296875 0.4423828125 0.048828125 0.4697265625 0.0576171875 0.48046875 0.0888671875 0.494140625 0.119140625 0.4931640625 0.1396484375 0.486328125 0.15234375 0.4755859375 0.158203125 0.4658203125 0.162109375 0.4482421875
3 0.3125 0.4462890625 0.31640625 0.3720703125 0.31640625 0.2119140625 0.3203125 0.1396484375 0.30859375 0.0947265625 0.291015625 0.0654296875 0.279296875 0.0517578125 0.279296875 0.0322265625 0.283203125 0.0205078125 0.28125 0.0087890625 0.2744140625 0.005859375 0.2373046875 0.005859375 0.232421875 0.0087890625 0.23046875 0.0185546875 0.234375 0.0498046875 0.212890625 0.0771484375 0.19921875 0.1044921875 0.19140625 0.1416015625 0.19140625 0.4345703125 0.197265625 0.4677734375 0.201171875 0.4755859375 0.2119140625 0.484375 0.2373046875 0.494140625 0.26953125 0.4931640625 0.2861328125 0.48828125 0.30078125 0.4775390625 0.30859375 0.4638671875 0.3125 0.4462890625
3 0.462890625 0.4501953125 0.466796875 0.3583984375 0.466796875 0.2138671875 0.470703125 0.1357421875 0.458984375 0.0927734375 0.4296875 0.0498046875 0.431640625 0.0087890625 0.4228515625 0.005859375 0.3896484375 0.005859375 0.3828125 0.0107421875 0.384765625 0.0498046875 0.37109375 0.0654296875 0.35546875 0.0908203125 0.345703125 0.1181640625 0.341796875 0.1396484375 0.341796875 0.4365234375 0.34765625 0.4677734375 0.3603515625 0.482421875 0.3740234375 0.490234375 0.3916015625 0.494140625 0.41796875 0.4931640625 0.4267578125 0.4921875 0.4462890625 0.482421875 0.45703125 0.4697265625 0.462890625 0.4501953125
3 0.646484375 0.1279296875 0.63671875 0.1044921875 0.619140625 0.0830078125 0.619140625 0.0439453125 0.6142578125 0.0390625 0.6064453125 0.037109375 0.5771484375 0.037109375 0.5703125 0.0458984375 0.572265625 0.0791015625 0.552734375 0.1025390625 0.54296875 0.1240234375 0.541015625 0.1396484375 0.54296875 0.2490234375 0.5390625 0.4091796875 0.541015625 0.4267578125 0.5478515625 0.443359375 0.5673828125 0.451171875 0.603515625 0.4501953125 0.6357421875 0.44140625 0.642578125 0.4345703125 0.646484375 0.4228515625 0.646484375 0.1279296875
3 0.744140625 0.0966796875 0.7265625 0.0771484375 0.7265625 0.0341796875 0.7099609375 0.029296875 0.6962890625 0.029296875 0.6826171875 0.03125 0.677734375 0.0380859375 0.677734375 0.0771484375 0.66015625 0.0966796875 0.6484375 0.1259765625 0.6484375 0.4287109375 0.6552734375 0.439453125 0.6669921875 0.4453125 0.720703125 0.4462890625 0.7451171875 0.439453125 0.75390625 0.4267578125 0.755859375 0.1279296875 0.744140625 0.0966796875
3 0.861328125 0.4072265625 0.865234375 0.2939453125 0.865234375 0.1259765625 0.85546875 0.1005859375 0.8359375 0.0791015625 0.8359375 0.0361328125 0.8310546875 0.033203125 0.7919921875 0.033203125 0.787109375 0.0439453125 0.7890625 0.0771484375 0.767578125 0.1025390625 0.7578125 0.1298828125 0.755859375 0.4267578125 0.759765625 0.4384765625 0.7724609375 0.447265625 0.7939453125 0.453125 0.828125 0.4521484375 0.8408203125 0.451171875 0.8544921875 0.4453125 0.86328125 0.4326171875 0.861328125 0.4072265625
3 0.974609375 0.4384765625 0.97265625 0.2451171875 0.9765625 0.1396484375 0.974609375 0.1259765625 0.96484375 0.1025390625 0.947265625 0.0830078125 0.947265625 0.0419921875 0.9423828125 0.037109375 0.9287109375 0.03515625 0.9072265625 0.037109375 0.8984375 0.0419921875 0.8984375 0.0830078125 0.880859375 0.1025390625 0.87109375 0.1220703125 0.8671875 0.1416015625 0.869140625 0.1982421875 0.865234375 0.4345703125 0.8671875 0.4404296875 0.8837890625 0.453125 0.9052734375 0.458984375 0.93359375 0.4599609375 0.9541015625 0.458984375 0.9638671875 0.455078125 0.970703125 0.4482421875 0.974609375 0.4384765625
3 0.115234375 0.7275390625 0.08984375 0.7021484375 0.09375 0.6708984375 0.091796875 0.6572265625 0.0888671875 0.654296875 0.0380859375 0.654296875 0.033203125 0.6572265625 0.03125 0.6630859375 0.03515625 0.7080078125 0.0234375 0.7177734375 0.015625 0.7314453125 0.01171875 0.7607421875 0.01171875 0.9345703125 0.013671875 0.9423828125 0.0244140625 0.951171875 0.099609375 0.9521484375 0.1220703125 0.9453125 0.12890625 0.9365234375 0.123046875 0.7470703125 0.115234375 0.7275390625
3 0.234375 0.7236328125 0.212890625 0.7041015625 0.212890625 0.6865234375 0.216796875 0.6787109375 0.21484375 0.6552734375 0.2021484375 0.65234375 0.1669921875 0.65234375 0.15625 0.6572265625 0.15625 0.6787109375 0.16015625 0.6884765625 0.158203125 0.7060546875 0.134765625 0.7294921875 0.126953125 0.7587890625 0.130859375 0.9423828125 0.1357421875 0.94921875 0.1513671875 0.953125 0.228515625 0.9521484375 0.2392578125 0.947265625 0.24609375 0.9365234375 0.244140625 0.7431640625 0.234375 0.7236328125
3 0.35546875 0.7255859375 0.3447265625 0.712890625 0.333984375 0.7060546875 0.33203125 0.7001953125 0.33203125 0.6865234375 0.3359375 0.6806640625 0.3359375 0.6572265625 0.3291015625 0.65234375 0.2841796875 0.65234375 0.2783203125 0.654296875 0.275390625 0.6591796875 0.279296875 0.7041015625 0.2578125 0.7255859375 0.248046875 0.7509765625 0.248046875 0.9365234375 0.25 0.9423828125 0.2607421875 0.951171875 0.3125 0.9541015625 0.3544921875 0.953125 0.365234375 0.9423828125 0.365234375 0.7490234375 0.35546875 0.7255859375
3 0.482421875 0.7978515625 0.486328125 0.7880859375 0.486328125 0.7587890625 0.4765625 0.7275390625 0.458984375 0.7080078125 0.458984375 0.6865234375 0.462890625 0.6728515625 0.4609375 0.6552734375 0.4560546875 0.65234375 0.4072265625 0.65234375 0.40234375 0.6552734375 0.400390625 0.6689453125 0.404296875 0.7021484375 0.380859375 0.7255859375 0.37109375 0.7470703125 0.3671875 0.9384765625 0.3740234375 0.947265625 0.3896484375 0.953125 0.470703125 0.9541015625 0.4775390625 0.953125 0.484375 0.9423828125 0.486328125 0.8076171875 0.482421875 0.7978515625
3 0.7734375 0.8896484375 0.767578125 0.8779296875 0.767578125 0.8701171875 0.7421875 0.7919921875 0.73046875 0.7666015625 0.724609375 0.7412109375 0.71484375 0.7197265625 0.693359375 0.6455078125 0.671875 0.5966796875 0.669921875 0.5830078125 0.666015625 0.5751953125 0.6474609375 0.55859375 0.6337890625 0.5546875 0.62890625 0.5498046875 0.623046875 0.5166015625 0.619140625 0.5087890625 0.6103515625 0.50390625 0.5791015625 0.51171875 0.5673828125 0.517578125 0.5625 0.5244140625 0.5654296875 0.53515625 0.5771484375 0.53515625 0.580078125 0.5380859375 0.580078125 0.5478515625 0.57421875 0.5556640625 0.578125 0.5732421875 0.56640625 0.5927734375 0.56640625 0.6162109375 0.57421875 0.6357421875 0.576171875 0.6513671875 0.595703125 0.7001953125 0.61328125 0.7626953125 0.626953125 0.7939453125 0.626953125 0.8037109375 0.64453125 0.8564453125 0.654296875 0.8759765625 0.66015625 0.9033203125 0.66796875 0.9189453125 0.66796875 0.9287109375 0.6767578125 0.9375 0.6953125 0.9384765625 0.7197265625 0.93359375 0.7568359375 0.916015625 0.76953125 0.9052734375 0.7734375 0.8896484375
3 0.892578125 0.6337890625 0.8828125 0.6083984375 0.86328125 0.5869140625 0.865234375 0.5498046875 0.8603515625 0.544921875 0.8154296875 0.544921875 0.8125 0.5478515625 0.8125 0.5888671875 0.79296875 0.6103515625 0.78515625 0.6318359375 0.783203125 0.9599609375 0.787109375 0.9736328125 0.8037109375 0.982421875 0.8349609375 0.98828125 0.8671875 0.9873046875 0.8916015625 0.982421875 0.8984375 0.9755859375 0.900390625 0.9677734375 0.892578125 0.6337890625