3 0.123046875 0.3662109375 0.12109375 0.1884765625 0.08984375 0.1533203125 0.09375 0.1416015625 0.09375 0.1181640625 0.0869140625 0.109375 0.0771484375 0.107421875 0.0517578125 0.107421875 0.03125 0.1162109375 0.029296875 0.1337890625 0.033203125 0.1572265625 0.00390625 0.1962890625 0.005859375 0.3876953125 0.0185546875 0.400390625 0.056640625 0.4033203125 0.0966796875 0.400390625 0.1083984375 0.396484375 0.12109375 0.3818359375 0.123046875 0.3662109375
3 0.248046875 0.3564453125 0.24609375 0.2001953125 0.240234375 0.1806640625 0.232421875 0.1689453125 0.216796875 0.1552734375 0.21875 0.1083984375 0.2099609375 0.1015625 0.1767578125 0.1015625 0.16015625 0.1083984375 0.162109375 0.1552734375 0.1328125 0.2021484375 0.134765625 0.3876953125 0.1396484375 0.39453125 0.1474609375 0.3984375 0.185546875 0.4013671875 0.2236328125 0.400390625 0.2314453125 0.396484375 0.2421875 0.3837890625 0.248046875 0.3564453125
3 0.373046875 0.1962890625 0.369140625 0.1806640625 0.357421875 0.1708984375 0.345703125 0.1513671875 0.349609375 0.1259765625 0.34765625 0.1103515625 0.3349609375 0.103515625 0.3017578125 0.103515625 0.2939453125 0.10546875 0.2890625 0.1103515625 0.287109375 0.1279296875 0.291015625 0.1494140625 0.279296875 0.1708984375 0.26953125 0.1787109375 0.263671875 0.1943359375 0.263671875 0.3154296875 0.267578125 0.3876953125 0.2822265625 0.3984375 0.2939453125 0.400390625 0.341796875 0.3994140625 0.3544921875 0.3984375 0.3681640625 0.392578125 0.373046875 0.3818359375 0.373046875 0.1962890625
3 0.498046875 0.2001953125 0.4921875 0.1806640625 0.47265625 0.1591796875 0.470703125 0.1083984375 0.4580078125 0.103515625 0.4248046875 0.103515625 0.4130859375 0.107421875 0.41015625 0.1123046875 0.4140625 0.1533203125 0.388671875 0.1884765625 0.388671875 0.3818359375 0.3974609375 0.392578125 0.4150390625 0.3984375 0.484375 0.3974609375 0.4951171875 0.39453125 0.498046875 0.3896484375 0.5 0.3623046875 0.498046875 0.2001953125
3 0.97265625 0.0439453125 0.96875 0.0224609375 0.9599609375 0.01171875 0.9541015625 0.009765625 0.6572265625 0.01171875 0.6435546875 0.0078125 0.6220703125 0.009765625 0.6044921875 0.015625 0.5693359375 0.041015625 0.52734375 0.0400390625 0.525390625 0.0849609375 0.5302734375 0.095703125 0.5498046875 0.095703125 0.5673828125 0.091796875 0.6005859375 0.115234375 0.6259765625 0.125 0.75 0.1240234375 0.9580078125 0.12109375 0.96875 0.1103515625 0.97265625 0.0947265625 0.97265625 0.0439453125
3 0.966796875 0.2412109375 0.97265625 0.2275390625 0.974609375 0.1904296875 0.96875 0.1474609375 0.9599609375 0.13671875 0.9501953125 0.134765625 0.8544921875 0.134765625 0.7607421875 0.138671875 0.6298828125 0.13671875 0.6025390625 0.14453125 0.5673828125 0.169921875 0.5341796875 0.166015625 0.52734375 0.1728515625 0.52734375 0.2177734375 0.5341796875 0.224609375 0.5693359375 0.220703125 0.5966796875 0.240234375 0.6279296875 0.25390625 0.720703125 0.2529296875 0.7548828125 0.25 0.8115234375 0.251953125 0.9560546875 0.248046875 0.966796875 0.2412109375
3 0.966796875 0.3544921875 0.970703125 0.3447265625 0.970703125 0.2802734375 0.966796875 0.2646484375 0.9609375 0.2529296875 0.9560546875 0.25 0.8193359375 0.251953125 0.7607421875 0.255859375 0.7001953125 0.25390625 0.6240234375 0.2578125 0.5947265625 0.26953125 0.5693359375 0.2890625 0.5341796875 0.287109375 0.529296875 0.2939453125 0.529296875 0.3369140625 0.53125 0.3427734375 0.5361328125 0.345703125 0.5673828125 0.33984375 0.5908203125 0.357421875 0.6240234375 0.37109375 0.701171875 0.3701171875 0.8076171875 0.365234375 0.8701171875 0.3671875 0.9599609375 0.361328125 0.966796875 0.3544921875
3 0.9580078125 0.48046875 0.96875 0.4736328125 0.97265625 0.4541015625 0.97265625 0.4189453125 0.96484375 0.3798828125 0.9580078125 0.369140625 0.9404296875 0.365234375 0.6630859375 0.373046875 0.6552734375 0.376953125 0.6298828125 0.376953125 0.6162109375 0.380859375 0.5869140625 0.396484375 0.5673828125 0.412109375 0.5537109375 0.408203125 0.5361328125 0.408203125 0.53125 0.4111328125 0.529296875 0.4521484375 0.5341796875 0.466796875 0.5712890625 0.462890625 0.5986328125 0.482421875 0.6181640625 0.490234375 0.658203125 0.4912109375 0.7529296875 0.490234375 0.8408203125 0.484375 0.9287109375 0.484375 0.9580078125 0.48046875
3 0.123046875 0.8701171875 0.126953125 0.5478515625 0.123046875 0.5380859375 0.1123046875 0.529296875 0.0927734375 0.525390625 0.0478515625 0.5234375 0.0205078125 0.529296875 0.01171875 0.5439453125 0.01171875 0.6552734375 0.009765625 0.7431640625 0.005859375 0.7861328125 0.005859375 0.8740234375 0.017578125 0.9052734375 0.0390625 0.9326171875 0.03515625 0.9716796875 0.087890625 0.9716796875 0.09375 0.9677734375 0.08984375 0.9326171875 0.11328125 0.8974609375 0.123046875 0.8701171875
3 0.23828125 0.8935546875 0.248046875 0.8544921875 0.248046875 0.5498046875 0.2421875 0.5361328125 0.2275390625 0.529296875 0.1591796875 0.52734375 0.1455078125 0.53125 0.138671875 0.5380859375 0.134765625 0.5517578125 0.134765625 0.7431640625 0.130859375 0.8583984375 0.1328125 0.8740234375 0.140625 0.8955078125 0.1640625 0.9287109375 0.16015625 0.9677734375 0.1630859375 0.970703125 0.212890625 0.9697265625 0.216796875 0.9677734375 0.21484375 0.9287109375 0.2265625 0.9150390625 0.23828125 0.8935546875
3 0.369140625 0.8896484375 0.376953125 0.8544921875 0.373046875 0.8408203125 0.373046875 0.5517578125 0.37109375 0.5439453125 0.3623046875 0.53515625 0.3525390625 0.53125 0.3017578125 0.529296875 0.2744140625 0.53515625 0.267578125 0.5400390625 0.263671875 0.5478515625 0.26171875 0.8681640625 0.271484375 0.8994140625 0.29296875 0.9267578125 0.291015625 0.9658203125 0.2939453125 0.96875 0.345703125 0.9677734375 0.34765625 0.9443359375 0.34375 0.9287109375 0.361328125 0.9052734375 0.369140625 0.8896484375
3 0.46875 0.9267578125 0.48828125 0.9013671875 0.49609375 0.8837890625 0.5 0.8642578125 0.5 0.7763671875 0.49609375 0.7412109375 0.498046875 0.5517578125 0.494140625 0.5419921875 0.4794921875 0.53125 0.4189453125 0.529296875 0.3994140625 0.533203125 0.38671875 0.5439453125 0.38671875 0.8681640625 0.388671875 0.8798828125 0.3984375 0.9013671875 0.419921875 0.9287109375 0.416015625 0.9443359375 0.416015625 0.9638671875 0.4267578125 0.96875 0.4609375 0.9677734375 0.47265625 0.9638671875 0.47265625 0.9423828125 0.46875 0.9365234375 0.46875 0.9267578125
3 0.607421875 0.6884765625 0.599609375 0.6748046875 0.580078125 0.6552734375 0.580078125 0.6044921875 0.5673828125 0.6015625 0.5302734375 0.603515625 0.5234375 0.6103515625 0.5234375 0.6572265625 0.513671875 0.6767578125 0.505859375 0.6845703125 0.5 0.7001953125 0.50390625 0.7529296875 0.5 0.8837890625 0.501953125 0.8916015625 0.5068359375 0.896484375 0.5185546875 0.900390625 0.5859375 0.8994140625 0.5947265625 0.896484375 0.6015625 0.8896484375 0.611328125 0.8564453125 0.607421875 0.6884765625
3 0.73828125 0.8525390625 0.734375 0.8193359375 0.73828125 0.8017578125 0.73828125 0.7158203125 0.732421875 0.6826171875 0.708984375 0.6533203125 0.7109375 0.6103515625 0.7060546875 0.60546875 0.6982421875 0.603515625 0.6650390625 0.603515625 0.6572265625 0.60546875 0.650390625 0.6142578125 0.65234375 0.6533203125 0.6328125 0.6787109375 0.626953125 0.6943359375 0.62890625 0.8857421875 0.6396484375 0.896484375 0.6572265625 0.900390625 0.701171875 0.8994140625 0.7275390625 0.89453125 0.734375 0.8876953125 0.736328125 0.8798828125 0.73828125 0.8525390625
3 0.861328125 0.6982421875 0.85546875 0.6806640625 0.833984375 0.6552734375 0.833984375 0.6083984375 0.8232421875 0.603515625 0.7861328125 0.603515625 0.7763671875 0.607421875 0.7734375 0.6123046875 0.77734375 0.6533203125 0.751953125 0.6865234375 0.75390625 0.8837890625 0.7646484375 0.89453125 0.7783203125 0.8984375 0.84375 0.8974609375 0.8525390625 0.896484375 0.857421875 0.8916015625 0.86328125 0.8720703125 0.861328125 0.6982421875
3 0.99609375 0.8115234375 1 0.7802734375 0.998046875 0.6923828125 0.9921875 0.6787109375 0.96875 0.6533203125 0.97265625 0.6416015625 0.97265625 0.6083984375 0.9580078125 0.603515625 0.9111328125 0.60546875 0.908203125 0.6259765625 0.912109375 0.6513671875 0.90234375 0.6650390625 0.884765625 0.6787109375 0.880859375 0.6962890625 0.8828125 0.8740234375 0.8896484375 0.88671875 0.9072265625 0.89453125 0.9765625 0.8955078125 0.9873046875 0.892578125 0.9921875 0.8857421875 0.99609375 0.8583984375 0.99609375 0.8115234375