3 0.16796875 0.4072265625 0.171875 0.2021484375 0.16796875 0.1533203125 0.158203125 0.1201171875 0.13671875 0.0888671875 0.125 0.0771484375 0.126953125 0.0595703125 0.123046875 0.0224609375 0.1142578125 0.013671875 0.0947265625 0.009765625 0.0673828125 0.009765625 0.05859375 0.0166015625 0.05859375 0.0732421875 0.03125 0.1025390625 0.0234375 0.1181640625 0.013671875 0.1552734375 0.0234375 0.4873046875 0.0302734375 0.498046875 0.052734375 0.4990234375 0.1669921875 0.498046875 0.173828125 0.4873046875 0.173828125 0.4423828125 0.16796875 0.4072265625
3 0.3203125 0.1748046875 0.314453125 0.1318359375 0.298828125 0.1025390625 0.279296875 0.0791015625 0.27734375 0.0712890625 0.28125 0.0595703125 0.27734375 0.0224609375 0.2666015625 0.015625 0.2373046875 0.013671875 0.21875 0.0205078125 0.21484375 0.0498046875 0.216796875 0.0771484375 0.193359375 0.1044921875 0.177734375 0.1474609375 0.173828125 0.2568359375 0.17578125 0.4814453125 0.177734375 0.4931640625 0.1845703125 0.498046875 0.3125 0.4970703125 0.31640625 0.4931640625 0.31640625 0.3798828125 0.3203125 0.2685546875 0.3203125 0.1748046875
3 0.478515625 0.2646484375 0.4765625 0.2353515625 0.48046875 0.2255859375 0.478515625 0.2119140625 0.482421875 0.1943359375 0.48046875 0.1552734375 0.47265625 0.1220703125 0.439453125 0.0771484375 0.439453125 0.0205078125 0.4287109375 0.013671875 0.3955078125 0.013671875 0.3837890625 0.017578125 0.375 0.0283203125 0.375 0.0478515625 0.37109375 0.0595703125 0.375 0.0751953125 0.33984375 0.1240234375 0.3359375 0.1494140625 0.328125 0.1708984375 0.32421875 0.2197265625 0.326171875 0.2333984375 0.322265625 0.2451171875 0.3203125 0.4931640625 0.3291015625 0.498046875 0.455078125 0.4990234375 0.46484375 0.4951171875 0.466796875 0.4853515625 0.46875 0.4013671875 0.478515625 0.2646484375
3 0.5595703125 0 0.529296875 0.0341796875 0.515625 0.0732421875 0.513671875 0.0908203125 0.513671875 0.1279296875 0.517578125 0.1376953125 0.517578125 0.2705078125 0.525390625 0.4482421875 0.533203125 0.4736328125 0.5498046875 0.48828125 0.5712890625 0.494140625 0.59765625 0.4931640625 0.6318359375 0.486328125 0.65625 0.4677734375 0.6640625 0.4580078125 0.671875 0.4384765625 0.671875 0.3466796875 0.66796875 0.3056640625 0.671875 0.1474609375 0.669921875 0.1005859375 0.66015625 0.0537109375 0.64453125 0.0263671875 0.6220703125 0 0.5595703125 0
3 0.7197265625 0 0.693359375 0.0322265625 0.6875 0.0439453125 0.67578125 0.0888671875 0.67578125 0.4501953125 0.677734375 0.4560546875 0.7080078125 0.484375 0.7314453125 0.490234375 0.765625 0.4892578125 0.7724609375 0.48828125 0.7958984375 0.474609375 0.8046875 0.4658203125 0.814453125 0.4462890625 0.8203125 0.1025390625 0.814453125 0.0595703125 0.8046875 0.0400390625 0.77734375 0.0029296875 0.7744140625 0 0.7197265625 0
3 0.8779296875 0 0.83984375 0.0517578125 0.828125 0.1005859375 0.82421875 0.1435546875 0.826171875 0.1630859375 0.822265625 0.1787109375 0.8203125 0.2177734375 0.818359375 0.4462890625 0.822265625 0.4599609375 0.8369140625 0.4765625 0.8583984375 0.4921875 0.8798828125 0.498046875 0.923828125 0.4970703125 0.9423828125 0.4921875 0.953125 0.4814453125 0.9609375 0.4658203125 0.96484375 0.4423828125 0.97265625 0.2607421875 0.978515625 0.2001953125 0.9765625 0.1611328125 0.982421875 0.1240234375 0.982421875 0.1044921875 0.9765625 0.0576171875 0.9609375 0.0322265625 0.9375 0.0029296875 0.9345703125 0 0.8779296875 0
3 0.173828125 0.7646484375 0.177734375 0.7392578125 0.177734375 0.6513671875 0.16796875 0.6162109375 0.16015625 0.6005859375 0.13671875 0.5712890625 0.140625 0.5556640625 0.134765625 0.5146484375 0.1103515625 0.50390625 0.0830078125 0.50390625 0.072265625 0.5146484375 0.072265625 0.5654296875 0.056640625 0.5791015625 0.0390625 0.6005859375 0.029296875 0.6220703125 0.0234375 0.6455078125 0.0234375 0.9990234375 0.169921875 0.9990234375 0.173828125 0.9677734375 0.171875 0.8212890625 0.17578125 0.7900390625 0.173828125 0.7646484375
3 0.328125 0.6630859375 0.32421875 0.6318359375 0.3125 0.6083984375 0.291015625 0.5810546875 0.291015625 0.5263671875 0.2841796875 0.51953125 0.2724609375 0.515625 0.2451171875 0.515625 0.2353515625 0.51953125 0.23046875 0.5263671875 0.23046875 0.5458984375 0.2265625 0.5595703125 0.23046875 0.5732421875 0.2265625 0.5810546875 0.201171875 0.6083984375 0.185546875 0.6591796875 0.18359375 0.7353515625 0.1796875 0.7548828125 0.17578125 0.9990234375 0.314453125 0.9990234375 0.318359375 0.9560546875 0.322265625 0.7998046875 0.328125 0.7255859375 0.328125 0.6630859375
3 0.474609375 0.8291015625 0.4765625 0.7939453125 0.482421875 0.7646484375 0.482421875 0.7353515625 0.48828125 0.6806640625 0.482421875 0.6357421875 0.470703125 0.6142578125 0.447265625 0.5849609375 0.447265625 0.5732421875 0.451171875 0.5673828125 0.44921875 0.5283203125 0.4404296875 0.521484375 0.4150390625 0.51953125 0.3974609375 0.5234375 0.388671875 0.5302734375 0.384765625 0.5380859375 0.3828125 0.5849609375 0.353515625 0.6201171875 0.337890625 0.6650390625 0.330078125 0.7431640625 0.330078125 0.8310546875 0.322265625 0.9326171875 0.322265625 0.9814453125 0.326171875 0.9853515625 0.32421875 0.9912109375 0.3291015625 1 0.4609375 0.9990234375 0.474609375 0.8447265625 0.474609375 0.8369140625 0.470703125 0.8310546875 0.474609375 0.8291015625
3 0.666015625 0.9404296875 0.66796875 0.6435546875 0.66015625 0.6181640625 0.64453125 0.5947265625 0.6328125 0.5830078125 0.63671875 0.5185546875 0.6298828125 0.51171875 0.6201171875 0.5078125 0.5810546875 0.50390625 0.5673828125 0.5078125 0.5625 0.5146484375 0.5625 0.5439453125 0.56640625 0.5517578125 0.564453125 0.5595703125 0.568359375 0.5751953125 0.541015625 0.6044921875 0.53125 0.6240234375 0.525390625 0.6474609375 0.525390625 0.9501953125 0.529296875 0.9697265625 0.5419921875 0.982421875 0.5595703125 0.98828125 0.599609375 0.9873046875 0.6240234375 0.982421875 0.6455078125 0.970703125 0.66015625 0.9560546875 0.666015625 0.9404296875
3 0.8046875 0.9501953125 0.80859375 0.6455078125 0.802734375 0.6220703125 0.794921875 0.6064453125 0.7734375 0.5849609375 0.77734375 0.5185546875 0.7666015625 0.509765625 0.7236328125 0.5078125 0.7138671875 0.51171875 0.70703125 0.5205078125 0.7109375 0.5810546875 0.6953125 0.5966796875 0.68359375 0.6142578125 0.671875 0.6474609375 0.671875 0.7607421875 0.67578125 0.7861328125 0.671875 0.7978515625 0.669921875 0.9462890625 0.67578125 0.9638671875 0.6982421875 0.982421875 0.7158203125 0.98828125 0.740234375 0.9892578125 0.7568359375 0.98828125 0.7841796875 0.978515625 0.798828125 0.9638671875 0.8046875 0.9501953125
3 0.9453125 0.9619140625 0.9609375 0.6494140625 0.95703125 0.6298828125 0.94921875 0.6123046875 0.93359375 0.5908203125 0.921875 0.5810546875 0.923828125 0.5537109375 0.927734375 0.5458984375 0.927734375 0.5185546875 0.9228515625 0.51171875 0.9169921875 0.509765625 0.8935546875 0.5078125 0.8681640625 0.51171875 0.85546875 0.5185546875 0.853515625 0.5517578125 0.857421875 0.5595703125 0.857421875 0.5810546875 0.83203125 0.6103515625 0.81640625 0.6474609375 0.80859375 0.9501953125 0.814453125 0.9619140625 0.8232421875 0.970703125 0.8525390625 0.98828125 0.8837890625 0.994140625 0.90234375 0.9931640625 0.9228515625 0.98828125 0.9326171875 0.982421875 0.94140625 0.9736328125 0.9453125 0.9619140625