3 0.639146959375 0 0.6233108109375001 0.0095016890625 0.6021959453125 0.0686233109375 0.5969172296874999 0.1076858109375 0.600084459375 0.11929898593749999 0.6285895265625 0.1393581078125 0.7278293921875 0.1646959453125 0.742609796875 0.175253378125 0.7595016890624999 0.175253378125 0.833403715625 0.2048141890625 0.8650760140625 0.21326013437500002 0.9516469593749999 0.2174831078125 0.9600929046875001 0.22804054062499998 0.9959881749999999 0.23859797343750003 1 0.23826365312500003 1 0.134583803125 0.9959881749999999 0.1330236484375 0.979096284375 0.135135134375 0.8819679046875001 0.0760135140625 0.6940456078125 0.014780404687500002 0.6708192562499999 0 0.639146959375 0
3 1 0.24412554218750002 0.9727618250000001 0.24704391874999998 0.9537584453125 0.2576013515625 0.8735219593749999 0.255489865625 0.808065878125 0.268158784375 0.7700591218749999 0.28293918906250004 0.7193834453125 0.2892736484375 0.626478040625 0.3146114859375 0.6190878375 0.32200168906250004 0.6074746625 0.3758445953125 0.6233108109375001 0.42757601406249995 0.6370354734375 0.44130067500000003 0.666596284375 0.44341216250000004 0.6940456078125 0.43074324375 0.7404983109375001 0.424408784375 0.7932854734375 0.40540540468749997 0.8059543921874999 0.4075168921875 0.8840793921874999 0.3885135140625 0.9875422296874999 0.33994932499999997 1 0.3388167984375 1 0.24412554218750002
3 0.8249577703125001 0.6102195953125 0.605363175 0.6228885140625 0.548353040625 0.6207770265625 0.5304054046875 0.632390203125 0.5314611484375 0.703125 0.5399070953125 0.7179054046875 0.5567989859375 0.7221283781250001 0.69826858125 0.7221283781250001 0.886190878125 0.7052364859375 0.8978040546875 0.691511825 0.8956925671875 0.6281672296874999 0.888302365625 0.6207770265625 0.8249577703125001 0.6102195953125
3 0.8777449328125 0.7326858109375001 0.8059543921874999 0.7263513515625 0.5504645265625 0.7326858109375001 0.5325168921875 0.7400760140625 0.5293496625 0.774915540625 0.5304054046875 0.8245354734375001 0.5441300671875 0.838260134375 0.7890625 0.8319256749999999 0.8376266890625 0.81925675625 0.8777449328125 0.81925675625 0.89358108125 0.80764358125 0.8914695953124999 0.7400760140625 0.8777449328125 0.7326858109375001
3 1 0.8600722828125 0.924197634375 0.8635979734375001 0.82706925625 0.8488175671875 0.5546875 0.84670608125 0.5356841218749999 0.8509290546875 0.52829391875 0.8625422296874999 0.5293496625 0.9459459453125 0.5304054046875 0.955447634375 0.5441300671875 0.9628378375000001 0.8502956078125001 0.9670608109375 0.9600929046875001 0.9480574328125 0.979096284375 0.9480574328125 1 0.9567673140625 1 0.8600722828125
3 0.01133164375 0 0.00675675625 0.00105574375 0 0.012317004687499999 0 0.07937269531249999 0.009923985937500001 0.0929054046875 0.2844172296875 0.0886824328125 0.341427365625 0.099239865625 0.42588682499999997 0.078125 0.43644425625 0.078125 0.44489020312500005 0.08657094531250001 0.48923141875000004 0.0823479734375 0.4987331078125 0.0644003375 0.5008445953125 0.011613175 0.49731015 0 0.01133164375 0
3 0 0.19343855625 0.0057010140625 0.202702703125 0.286528715625 0.202702703125 0.3730996625 0.1921452703125 0.42377533749999996 0.1984797296875 0.442778715625 0.19425675625 0.4480574328125 0.1847550671875 0.45016891875000004 0.11507601406250001 0.442778715625 0.099239865625 0.37098817500000003 0.105574325 0.2654138515625 0.09079391875000001 0.009923985937500001 0.097128378125 0 0.11083293125 0 0.19343855625
3 0 0.286134571875 0.014146959375 0.3040540546875 0.22951858125000002 0.3082770265625 0.3350929046875 0.29349662187500003 0.3984375 0.29349662187500003 0.403716215625 0.241765203125 0.40160472968749994 0.21853885156250002 0.3878800671875 0.21114864843749998 0.33931587812499997 0.215371621875 0.2506334453125 0.202702703125 0.014146959375 0.2048141890625 0 0.22561854062500003 0 0.286134571875
3 0 0.37166854374999997 0.0162584453125 0.396959459375 0.2527449328125 0.40329391875000004 0.3562077703125 0.3927364859375 0.377322634375 0.4011824328125 0.40160472968749994 0.39168074375 0.403716215625 0.3431165546875 0.40160472968749994 0.319890203125 0.3836570953125 0.3103885140625 0.3456503375 0.3167229734375 0.28230574375 0.306165540625 0.0120354734375 0.306165540625 0 0.3256074578125 0 0.37166854374999997
3 0.33298141875 0.4011824328125 0.1788429046875 0.40540540468749997 0.0120354734375 0.396959459375 0.00042229687500000004 0.4127956078125 0.001478040625 0.46875 0.014146959375 0.48353040468749997 0.210515203125 0.49408783749999996 0.28230574375 0.4856418921875 0.33298141875 0.489864865625 0.3509290546875 0.474028715625 0.3551520265625 0.4592483109375 0.3509290546875 0.4212415546875 0.33298141875 0.4011824328125
3 0 0.6753995578125 0.00675675625 0.691511825 0.031038851562500004 0.7115709453125 0.052153715625 0.7179054046875 0.3245354734375 0.7284628375 0.4089949328125 0.7115709453125 0.43644425625 0.7179054046875 0.455447634375 0.7136824328125 0.4660050671875 0.703125 0.47867398593750005 0.709459459375 0.4860641890625 0.6894003375 0.48817567500000003 0.613386825 0.4807854734375 0.6102195953125 0.4723395265625 0.6165540546875 0.4596706078125 0.6017736484375 0.43855574375 0.5954391890624999 0.417440878125 0.603885134375 0.3160895265625 0.574324325 0.0437077703125 0.5637668921875 0.0183699328125 0.574324325 0.0046452703125 0.5880489859375 0 0.5996621625 0 0.6753995578125
3 0.481841215625 0.7654138515625 0.47445101406249995 0.7622466218749999 0.4660050671875 0.76858108125 0.45122466250000004 0.753800675 0.43010979687499995 0.749577703125 0.41110641875000004 0.7559121625 0.3224239859375 0.730574325 0.0563766890625 0.7221283781250001 0.0236486484375 0.7442989859375 0.0109797296875 0.7717483109375001 0.009923985937500001 0.8044763515625 0.021537162500000002 0.841427365625 0.0563766890625 0.8635979734375001 0.3287584453125 0.8741554046875001 0.4089949328125 0.8572635140625 0.432221284375 0.8635979734375001 0.46389358124999996 0.8488175671875 0.4765625 0.8551520265624999 0.481841215625 0.7654138515625
3 0.473184121875 1 0.47761824375 0.995565878125 0.47972972968749994 0.919552365625 0.4723395265625 0.9079391890625 0.4660050671875 0.916385134375 0.45122466250000004 0.9016047296874999 0.41110641875000004 0.9016047296874999 0.326646959375 0.878378378125 0.06904560781249999 0.8699324328125 0.052153715625 0.878378378125 0.03420608125 0.9005489859375 0.02048141875 0.9522804046875001 0.0320945953125 0.98923141875 0.060092904687500004 1 0.45502533749999996 1 0.46389358124999996 0.9923986484375 0.4714949328125 1 0.473184121875 1