3 0 0.84718096875 0.00144389375 0.8490099015625001 0.0385726078125 0.8634488453125 0.055074257812500006 0.8613861390625001 0.1499587453125 0.9191419140624999 0.3335396046875 0.9789603953125001 0.3562293734375 0.993399340625 0.3871699671875 0.993399340625 0.40264026406250003 0.9841171609374999 0.42326732656250005 0.9263613859375001 0.4284240921875 0.8882013203125 0.42533003281250004 0.8768564359375001 0.3974834984375 0.8572607265625001 0.300536303125 0.8325082515625001 0.28609735937499997 0.8221947187499999 0.269595709375 0.8221947187499999 0.197400990625 0.7933168312500001 0.1664603953125 0.78506600625 0.0818894390625 0.78094059375 0.0736386140625 0.7706270625 0.0385726078125 0.76031353125 0.013820131250000001 0.7623762375 0 0.7778222671874999 0 0.84718096875
3 0 0.7534083765624999 0.0035066 0.758250825 0.0612623765625 0.75206270625 0.0798267328125 0.741749175 0.1582095703125 0.74381188125 0.222153465625 0.73143564375 0.259282178125 0.7169966999999999 0.308787128125 0.71080858125 0.3995462046875 0.68605610625 0.4067656765625 0.678836634375 0.4181105609375 0.6262376234375 0.40264026406250003 0.5757013203125 0.3892326734375 0.5622937296875 0.3603547859375 0.5602310234375001 0.3335396046875 0.5726072609374999 0.28816006562499996 0.5787953796875 0.23659240937499998 0.5973597359375 0.22421617187499998 0.5952970296875 0.14789603906249998 0.6138613859375 0.046823432812499996 0.6613036296875 0.00144389375 0.6654290421875 0 0.66626498125 0 0.7534083765624999
3 0.205651815625 0.397277228125 0.4201732671875 0.384900990625 0.47586633593750005 0.386963696875 0.493399340625 0.3756188125 0.49236798750000005 0.3065181515625 0.4841171609375 0.29207920781249996 0.46761551093750003 0.2879537953125 0.3294141921875 0.2879537953125 0.1458333328125 0.3044554453125 0.13448844843750002 0.3178630359375 0.1365511546875 0.379744225 0.1437706265625 0.386963696875 0.205651815625 0.397277228125
3 0.1540841578125 0.27764026406250003 0.22421617187499998 0.2838283828125 0.4738036296875 0.27764026406250003 0.49133663437499997 0.27042079218750004 0.49443069375000004 0.2363861390625 0.493399340625 0.187912540625 0.47999174843750003 0.17450495 0.240717821875 0.18069306875 0.193275578125 0.19306930625000002 0.1540841578125 0.19306930625000002 0.1386138609375 0.2044141921875 0.1406765671875 0.27042079218750004 0.1540841578125 0.27764026406250003
3 0.000412540625 0.130156765625 0.004537953125 0.14665841562499998 0.020008251562500003 0.1538778875 0.10870462031250001 0.149752475 0.20358910937500002 0.16419141875 0.4696782171875 0.166254125 0.488242575 0.1621287125 0.495462046875 0.150783828125 0.49443069375000004 0.06930693125000001 0.493399340625 0.060024753125 0.47999174843750003 0.05280528125 0.180899340625 0.04867986875 0.0736386140625 0.067244225 0.055074257812500006 0.067244225 0.030321782812499996 0.056930693750000004 0.000412540625 0.074463696875 0.000412540625 0.130156765625
3 1 0.9026688249999999 0.7337046203125 0.9067656765625 0.6780115515625 0.8964521453125001 0.5955033000000001 0.9170792078125001 0.5851897687500001 0.9170792078125001 0.57693894375 0.9088283828125 0.5336221125 0.9129537953125 0.524339934375 0.9304867984375 0.522277228125 0.9820544546875001 0.527738915625 1 0.580651815625 1 0.5831270625 0.997524753125 0.60169141875 0.997524753125 0.6143426843750001 1 0.9718784375 1 1 0.993510409375 1 0.9026688249999999
3 1 0.7953795375 0.7316419140625 0.7953795375 0.6470709578125 0.8056930687499999 0.59756600625 0.79950495 0.57900165 0.8036303625000001 0.5738448843749999 0.812912540625 0.571782178125 0.8809818484375 0.57900165 0.8964521453125001 0.6491336640625 0.8902640265624999 0.7522689765624999 0.9047029703125 1 0.8985608796875001 1 0.7953795375
3 1 0.6992436750000001 0.9977310234375001 0.6963696374999999 0.7873349828125 0.6922442249999999 0.6841996703125 0.7066831687499999 0.62231848125 0.7066831687499999 0.617161715625 0.7572194718749999 0.619224421875 0.779909240625 0.6326320125 0.7871287125 0.6800742578125 0.7830033000000001 0.7667079203125 0.7953795375 0.9977310234375001 0.7933168312500001 1 0.7899801 1 0.6992436750000001
3 1 0.612348734375 0.9956683171874999 0.6056105609375 0.7646452140625 0.5994224421875 0.6635726078124999 0.6097359734375 0.6429455453124999 0.6014851484375 0.619224421875 0.6107673265625 0.617161715625 0.6582095703124999 0.619224421875 0.680899340625 0.636757425 0.69018151875 0.6738861390625 0.6839934000000001 0.7357673265625 0.69430693125 0.9997937296874999 0.69430693125 1 0.693973725 1 0.612348734375
3 1 0.52368674375 0.9977310234375001 0.5210396046875 0.805899340625 0.510726071875 0.7357673265625 0.5189768984375001 0.6862623765625 0.5148514843750001 0.6687293734375 0.5303217828125 0.6646039609375001 0.5447607265625 0.6687293734375 0.5818894390625 0.6862623765625 0.6014851484375 0.8368399343749999 0.5973597359375 0.9997937296874999 0.6056105609375 1 0.6053292828125 1 0.52368674375
3 1 0.313773496875 0.9812293734375 0.2982673265625 0.9606023109375 0.29207920781249996 0.6945132015625 0.28176567656249996 0.61200495 0.2982673265625 0.5851897687500001 0.29207920781249996 0.5666254125 0.2962046203125 0.55631188125 0.3065181515625 0.54393564375 0.3003300328125 0.536716171875 0.31992574218750003 0.534653465625 0.39418316875000003 0.5418729375 0.397277228125 0.5501237625 0.391089109375 0.5625 0.405528053125 0.5831270625 0.41171617187500004 0.603754125 0.403465346875 0.7027640265625 0.43234323437500005 0.9688531359375 0.44265676562499995 0.9936056109375 0.43234323437500005 1 0.4259488453125 1 0.313773496875
3 1 0.2016014109375 0.9905115515625 0.17141089062499998 0.9564768984375001 0.149752475 0.6903877890625 0.13943894375000002 0.61200495 0.15594059375 0.58931518125 0.149752475 0.5583745875 0.16419141875 0.54599835 0.1580033 0.5408415843750001 0.24566831718749998 0.54806105625 0.2487623765625 0.55631188125 0.2425742578125 0.570750825 0.2570132015625 0.5913778875 0.2611386140625 0.6099422437500001 0.2549504953125 0.6965759078125 0.2797029703125 0.9564768984375001 0.2879537953125 0.9884488453125 0.2662953796875 1 0.24126787656249998 1 0.2016014109375
3 0.5583745875 0.0239273921875 0.5501237625 0.0156765671875 0.544966996875 0.0208333328125 0.542904290625 0.095090759375 0.5501237625 0.10643564375 0.55631188125 0.09818481875 0.570750825 0.11262376249999999 0.6099422437500001 0.11262376249999999 0.6924504953125 0.13531353125 0.944100659375 0.14356435625 0.9606023109375 0.13531353125 0.9781353140625001 0.113655115625 0.9915429046875 0.0631188125 0.9801980203125 0.0270214515625 0.939975246875 0.011551154687499999 0.7605198015625 0.0012376234375 0.6841996703125 0.0012376234375 0.61200495 0.0136138609375 0.5913778875 0.007425742187499999 0.57281353125 0.011551154687499999 0.5583745875 0.0239273921875