3 0.193359375 0.2880859375 0.193359375 0.2724609375 0.220703125 0.2041015625 0.228515625 0.1748046875 0.232421875 0.0947265625 0.2421875 0.0869140625 0.251953125 0.0537109375 0.25 0.0302734375 0.2314453125 0.013671875 0.2099609375 0.005859375 0.1865234375 0.00390625 0.16796875 0.0185546875 0.154296875 0.0537109375 0.15625 0.0693359375 0.1015625 0.1591796875 0.044921875 0.3330078125 0.03125 0.3544921875 0.03125 0.3837890625 0.0400390625 0.3984375 0.0947265625 0.41796875 0.130859375 0.4228515625 0.1416015625 0.419921875 0.16015625 0.3935546875 0.18359375 0.3017578125 0.193359375 0.2880859375
3 0.2822265625 0 0.25390625 0.0205078125 0.259765625 0.0751953125 0.26953125 0.0927734375 0.267578125 0.1669921875 0.279296875 0.2275390625 0.29296875 0.2626953125 0.298828125 0.3095703125 0.322265625 0.3955078125 0.3291015625 0.40234375 0.37890625 0.4130859375 0.4267578125 0.3984375 0.439453125 0.3857421875 0.44140625 0.3583984375 0.4296875 0.3330078125 0.423828125 0.2900390625 0.40625 0.2412109375 0.408203125 0.2294921875 0.390625 0.1572265625 0.345703125 0.0615234375 0.341796875 0.0185546875 0.3310546875 0 0.2822265625 0
3 0.68359375 0.1552734375 0.6708984375 0.14453125 0.6123046875 0.146484375 0.60546875 0.1533203125 0.595703125 0.2119140625 0.607421875 0.4150390625 0.60546875 0.4677734375 0.6162109375 0.484375 0.681640625 0.4833984375 0.6953125 0.4755859375 0.69921875 0.4599609375 0.69921875 0.3291015625 0.68359375 0.1552734375
3 0.7890625 0.2001953125 0.7890625 0.1630859375 0.7783203125 0.1484375 0.7158203125 0.150390625 0.708984375 0.1630859375 0.703125 0.2294921875 0.708984375 0.4658203125 0.7158203125 0.482421875 0.748046875 0.4853515625 0.7939453125 0.484375 0.806640625 0.4716796875 0.80078125 0.2451171875 0.7890625 0.2001953125
3 0.908203125 0.0869140625 0.908203125 0.0693359375 0.91796875 0.0458984375 0.9013671875 0.017578125 0.8486328125 0.017578125 0.8330078125 0.021484375 0.826171875 0.0361328125 0.830078125 0.1201171875 0.81640625 0.2099609375 0.814453125 0.4619140625 0.818359375 0.4794921875 0.8291015625 0.486328125 0.90625 0.4853515625 0.9150390625 0.484375 0.921875 0.4716796875 0.92578125 0.1884765625 0.908203125 0.0869140625
3 0.123046875 0.6591796875 0.103515625 0.5810546875 0.103515625 0.5712890625 0.111328125 0.5634765625 0.107421875 0.5224609375 0.0908203125 0.513671875 0.0419921875 0.51171875 0.01953125 0.5185546875 0.017578125 0.5595703125 0.02734375 0.5693359375 0.02734375 0.5869140625 0.009765625 0.6767578125 0.0234375 0.9306640625 0.0322265625 0.96875 0.0517578125 0.98046875 0.080078125 0.9814453125 0.1025390625 0.9765625 0.1171875 0.9658203125 0.11328125 0.7119140625 0.123046875 0.6591796875
3 0.21484375 0.5830078125 0.2109375 0.5654296875 0.2021484375 0.560546875 0.1376953125 0.55859375 0.123046875 0.5654296875 0.12890625 0.6318359375 0.115234375 0.7294921875 0.12109375 0.9658203125 0.1494140625 0.986328125 0.193359375 0.9853515625 0.21875 0.9697265625 0.21875 0.7099609375 0.208984375 0.6298828125 0.21484375 0.5830078125
3 0.302734375 0.6650390625 0.302734375 0.6064453125 0.2548828125 0.6015625 0.2333984375 0.603515625 0.2265625 0.6162109375 0.23046875 0.6611328125 0.21875 0.7431640625 0.220703125 0.9619140625 0.2451171875 0.978515625 0.27734375 0.9794921875 0.2939453125 0.9765625 0.3125 0.9619140625 0.31640625 0.7626953125 0.302734375 0.6650390625
3 0.40234375 0.6259765625 0.3935546875 0.603515625 0.3486328125 0.6015625 0.3271484375 0.603515625 0.318359375 0.6201171875 0.32421875 0.6552734375 0.314453125 0.7138671875 0.314453125 0.9638671875 0.3349609375 0.9765625 0.37109375 0.9775390625 0.3984375 0.9599609375 0.404296875 0.7412109375 0.39453125 0.6455078125 0.40234375 0.6259765625
3 0.484375 0.6669921875 0.4697265625 0.650390625 0.4560546875 0.646484375 0.4208984375 0.650390625 0.40234375 0.6669921875 0.40625 0.8095703125 0.3984375 0.9638671875 0.4130859375 0.974609375 0.46484375 0.9736328125 0.478515625 0.9619140625 0.48828125 0.7802734375 0.48046875 0.7138671875 0.484375 0.6669921875
3 0.705078125 0.6748046875 0.689453125 0.5966796875 0.6953125 0.5712890625 0.69140625 0.5537109375 0.681640625 0.5439453125 0.6875 0.5322265625 0.6689453125 0.525390625 0.5986328125 0.5234375 0.595703125 0.5302734375 0.6015625 0.5380859375 0.587890625 0.5498046875 0.58203125 0.5693359375 0.58984375 0.5888671875 0.5625 0.6826171875 0.552734375 0.9345703125 0.5625 0.9580078125 0.5751953125 0.970703125 0.6044921875 0.982421875 0.640625 0.9814453125 0.6708984375 0.96875 0.689453125 0.9462890625 0.6953125 0.9267578125 0.705078125 0.6748046875
3 0.82421875 0.5966796875 0.830078125 0.5751953125 0.81640625 0.5458984375 0.822265625 0.5341796875 0.7392578125 0.529296875 0.736328125 0.5361328125 0.7421875 0.5439453125 0.728515625 0.5576171875 0.724609375 0.5771484375 0.73046875 0.5947265625 0.70703125 0.6767578125 0.69921875 0.9228515625 0.7197265625 0.953125 0.7451171875 0.96484375 0.775390625 0.9658203125 0.8095703125 0.955078125 0.830078125 0.9228515625 0.83984375 0.6708984375 0.82421875 0.5966796875
3 0.970703125 0.6650390625 0.958984375 0.5966796875 0.96484375 0.5771484375 0.9609375 0.5595703125 0.94921875 0.5458984375 0.95703125 0.5380859375 0.9521484375 0.533203125 0.8818359375 0.53125 0.87109375 0.5380859375 0.87890625 0.5439453125 0.865234375 0.5576171875 0.865234375 0.5947265625 0.84375 0.6728515625 0.8359375 0.9111328125 0.84375 0.9267578125 0.8642578125 0.943359375 0.912109375 0.9560546875 0.9462890625 0.9453125 0.9609375 0.9072265625 0.970703125 0.7373046875 0.970703125 0.6650390625