3 0 0.99169921875 0.3310546875 0.99609375 0.3466796875 0.9931640625 0.3544921875 0.9785156234375 0.3623046875 0.9785156234375 0.3974609375 0.99609375 0.671875 0.99462890625 0.69140625 0.94189453125 0.73046875 0.75146484375 0.736328125 0.54052734375 0.734375 0.44091796875 0.7265625 0.39111328125 0.6796875 0.32666015625 0.6591796875 0.2841796875 0.5849609375 0.19921875 0.4638671875 0.1171875 0.3974609375 0.05859375 0.3408203125 0.0322265625 0.1923828125 0.0029296875 0.1513671875 0.01171875 0.1279296875 0.046875 0.1064453125 0.0527343765625 0.078125 0.13916015625 0.056640625 0.16845703125 0.03125 0.22998046875 0 0.27978515625 0.0009765625 0.703125 0.0283203125 0.69140625 0.044921875 0.65771484375 0.0595703125 0.64453125 0.09765625 0.63134765625 0.1015625 0.58447265625 0.115234375 0.54345703125 0.107421875 0.47607421875 0.119140625 0.39697265625 0.1279296875 0.3720703125 0.1494140625 0.3720703125 0.162109375 0.32958984375 0.1787109375 0.3076171875 0.2138671875 0.3017578125 0.2802734375 0.3134765625 0.3466796875 0.3105468765625 0.3701171875 0.31640625 0.3876953125 0.3105468765625 0.4638671875 0.3515625 0.482421875 0.33251953125 0.5068359375 0.28125 0.5166015625 0.26953125 0.5361328125 0.2636718765625 0.564453125 0.30029296875 0.576171875 0.33251953125 0.580078125 0.34423828125 0.578125 0.38818359375 0.6162109375 0.3955078125 0.6328125 0.43798828125 0.6484375 0.54638671875 0.6484375 0.58154296875 0.68359375 0.79248046875 0.68359375 0.81884765625 0.6435546875 0.8642578125 0.5556640625 0.9052734375 0.5166015625 0.9316406234375 0.4541015625 0.9404296875 0.4169921875 0.92578125 0.2919921875 0.90234375 0.255859375 0.76611328125 0.2353515625 0.75 0.201171875 0.68701171875 0.1572265625 0.6298828125 0.1337890625 0.62109375 0.1005859375 0.6416015625 0.0869140625 0.6357421875 0.08203125 0.64306640625 0.087890625 0.66943359375 0.078125 0.71044921875 0.0576171875 0.71484375 0.025390625 0.76904296875 0.015625 0.79833984375 0 0.81591796875 0 0.99169921875
3 0.681640625 0.79248046875 0.66015625 0.68408203125 0.62890625 0.42919921875 0.6123046875 0.3955078125 0.5654296875 0.3955078125 0.53515625 0.42626953125 0.53125 0.47314453125 0.572265625 0.74267578125 0.57421875 0.81884765625 0.6142578125 0.8613281234375 0.62890625 0.86279296875 0.6474609375 0.85546875 0.6728515625 0.83203125 0.681640625 0.81884765625 0.681640625 0.79248046875
3 0.615234375 0.86572265625 0.5849609375 0.83203125 0.5341796875 0.8144531234375 0.5283203125 0.8056640625 0.5185546875 0.80859375 0.4658203125 0.7910156234375 0.4248046875 0.7675781234375 0.4091796875 0.7675781234375 0.4052734375 0.7587890625 0.3369140625 0.7207031234375 0.2939453125 0.7177734375 0.2646484375 0.7353515625 0.255859375 0.74853515625 0.271484375 0.78076171875 0.26953125 0.79833984375 0.28125 0.82763671875 0.287109375 0.88037109375 0.2939453125 0.8935546875 0.4765625 0.93310546875 0.5244140625 0.9228515625 0.5498046875 0.90234375 0.6064453125 0.87890625 0.615234375 0.86572265625
3 0.416015625 0.55224609375 0.41015625 0.52294921875 0.396484375 0.50244140625 0.38671875 0.45556640625 0.3037109375 0.3544921875 0.2783203125 0.3457031234375 0.2529296875 0.3603515625 0.234375 0.39990234375 0.234375 0.42333984375 0.2421875 0.44970703125 0.3251953125 0.5625 0.3798828125 0.5830078125 0.3896484375 0.6064453125 0.40234375 0.61083984375 0.421875 0.60498046875 0.41796875 0.59326171875 0.421875 0.55810546875 0.416015625 0.55224609375
3 0.181640625 0.53173828125 0.19140625 0.44091796875 0.1806640625 0.41015625 0.1611328125 0.3984375 0.1337890625 0.3984375 0.119140625 0.41455078125 0.111328125 0.49072265625 0.12109375 0.51123046875 0.12109375 0.53759765625 0.103515625 0.60791015625 0.103515625 0.62548828125 0.109375 0.62841796875 0.1376953125 0.6035156234375 0.166015625 0.62548828125 0.166015625 0.58447265625 0.181640625 0.53173828125
3 0.578125 0.34716796875 0.564453125 0.30322265625 0.5380859375 0.2666015625 0.5244140625 0.2666015625 0.5068359375 0.2841796875 0.4794921875 0.3427734375 0.4541015625 0.3603515625 0.388671875 0.44091796875 0.38671875 0.45263671875 0.40234375 0.51123046875 0.4228515625 0.55078125 0.435546875 0.54931640625 0.4677734375 0.5214843765625 0.5224609375 0.43359375 0.576171875 0.37939453125 0.578125 0.34716796875
3 0.5546875 0.64599609375 0.529296875 0.44384765625 0.5224609375 0.4365234375 0.46875 0.52587890625 0.46484375 0.68115234375 0.484375 0.78662109375 0.4970703125 0.796875 0.5029296875 0.8115234375 0.529296875 0.81298828125 0.537109375 0.80419921875 0.53515625 0.78076171875 0.5546875 0.68994140625 0.5546875 0.64599609375
3 0.267578125 0.48779296875 0.2509765625 0.4658203125 0.2294921875 0.45703125 0.1875 0.47314453125 0.18359375 0.52587890625 0.171875 0.56982421875 0.1748046875 0.5830078125 0.2021484375 0.6123046875 0.21875 0.61083984375 0.2451171875 0.5947265625 0.27734375 0.54345703125 0.27734375 0.52001953125 0.267578125 0.48779296875
3 0.47265625 0.77197265625 0.470703125 0.74560546875 0.4521484375 0.7324218765625 0.4306640625 0.7324218765625 0.3798828125 0.703125 0.3642578125 0.6767578125 0.2744140625 0.6708984375 0.171875 0.63134765625 0.171875 0.64013671875 0.2333984375 0.7294921875 0.2431640625 0.7324218765625 0.2421875 0.74267578125 0.2705078125 0.7792968765625 0.3447265625 0.8173828125 0.375 0.81884765625 0.388671875 0.81591796875 0.4072265625 0.76171875 0.4677734375 0.78515625 0.47265625 0.77197265625
3 0.3876953125 0.3134765625 0.3623046875 0.3193359375 0.3291015625 0.3427734375 0.3115234375 0.328125 0.2724609375 0.3134765625 0.1884765625 0.3076171875 0.1689453125 0.3222656234375 0.16015625 0.34423828125 0.1572265625 0.375 0.1904296875 0.375 0.2314453125 0.3955078125 0.2626953125 0.3486328125 0.2919921875 0.3457031234375 0.3115234375 0.3544921875 0.3388671875 0.3955078125 0.384765625 0.44384765625 0.455078125 0.35595703125 0.4404296875 0.3427734375 0.4248046875 0.3457031234375 0.3876953125 0.3134765625
3 0.3740234375 0.5947265625 0.3251953125 0.5654296875 0.3095703125 0.5449218765625 0.2861328125 0.5390625 0.25390625 0.58447265625 0.2548828125 0.59765625 0.2626953125 0.5888671875 0.279296875 0.60791015625 0.28515625 0.63427734375 0.29296875 0.64013671875 0.3017578125 0.6650390625 0.3603515625 0.6738281234375 0.3818359375 0.703125 0.4130859375 0.7207031234375 0.4306640625 0.7294921875 0.45703125 0.72802734375 0.466796875 0.71044921875 0.4638671875 0.7001953125 0.3935546875 0.6328125 0.3740234375 0.5947265625
3 0.9013671875 0.8759765625 0.8896484375 0.8613281234375 0.8740234375 0.85546875 0.857421875 0.87451171875 0.84765625 0.90673828125 0.8486328125 0.9316406234375 0.8310546875 0.9287109375 0.8037109375 0.9433593765625 0.7841796875 0.9375 0.775390625 0.96533203125 0.7802734375 0.9990234375 1 0.99755859375 0.9990234375 0.85546875 0.9619140625 0.8525390625 0.9072265625 0.8671875 0.9013671875 0.8759765625
3 0.9443359375 0.3427734375 0.9970703125 0.3193359375 1 0.20947265625 0.9736328125 0.2285156234375 0.9208984375 0.2285156234375 0.9052734375 0.2138671875 0.8837890625 0.2197265625 0.8134765625 0.2666015625 0.7958984375 0.2988281234375 0.7802734375 0.2958984375 0.7509765625 0.328125 0.7119140625 0.3486328125 0.712890625 0.36474609375 0.7265625 0.38232421875 0.736328125 0.42041015625 0.7421875 0.42333984375 0.8564453125 0.4042968765625 0.8798828125 0.3837890625 0.9267578125 0.3691406234375 0.9443359375 0.3427734375
3 0.7646484375 0.1201171875 0.8173828125 0.08203125 0.861328125 0.01904296875 0.861328125 0.00146484375 0.7060546875 0 0.703125 0.02197265625 0.693359375 0.02783203125 0.67578125 0.10400390625 0.6826171875 0.1347656234375 0.701171875 0.13916015625 0.71875 0.11572265625 0.7197265625 0.0966796875 0.7470703125 0.1201171875 0.7646484375 0.1201171875
3 0.931640625 0.52880859375 0.912109375 0.52001953125 0.8935546875 0.46875 0.8701171875 0.4599609375 0.7841796875 0.4628906234375 0.7412109375 0.4746093765625 0.73828125 0.53759765625 0.744140625 0.59326171875 0.7607421875 0.5888671875 0.7802734375 0.609375 0.8125 0.60791015625 0.8876953125 0.5888671875 0.8935546875 0.57421875 0.9267578125 0.57421875 0.931640625 0.52880859375