3 0.16015625 0.3603515625 0.16015625 0.1787109375 0.158203125 0.1416015625 0.13671875 0.1044921875 0.115234375 0.0830078125 0.119140625 0.0576171875 0.1005859375 0.04296875 0.0595703125 0.041015625 0.03515625 0.0595703125 0.03515625 0.0732421875 0.046875 0.0830078125 0.021484375 0.1103515625 0.001953125 0.1513671875 0 0.2353515625 0.021484375 0.3798828125 0.0380859375 0.3984375 0.078125 0.3994140625 0.1123046875 0.3984375 0.1318359375 0.392578125 0.150390625 0.3779296875 0.16015625 0.3603515625
3 0.314453125 0.1572265625 0.296875 0.1162109375 0.271484375 0.0869140625 0.279296875 0.0751953125 0.2646484375 0.046875 0.2490234375 0.044921875 0.2490234375 0.041015625 0.2236328125 0.044921875 0.216796875 0.0498046875 0.216796875 0.0673828125 0.2099609375 0.07421875 0.197265625 0.0595703125 0.1923828125 0.041015625 0.1875 0.0458984375 0.189453125 0.0576171875 0.2109375 0.0888671875 0.1796875 0.1220703125 0.1640625 0.1533203125 0.1640625 0.3466796875 0.171875 0.3798828125 0.1826171875 0.390625 0.2001953125 0.396484375 0.2265625 0.3955078125 0.2763671875 0.392578125 0.298828125 0.3701171875 0.31640625 0.1826171875 0.314453125 0.1572265625
3 0.470703125 0.1396484375 0.443359375 0.0888671875 0.4853515625 0.0859375 0.48828125 0.0771484375 0.4677734375 0.0625 0.4462890625 0.0625 0.44140625 0.0654296875 0.4482421875 0.0703125 0.470703125 0.0732421875 0.4658203125 0.080078125 0.4443359375 0.08203125 0.4375 0.0732421875 0.4365234375 0.05078125 0.3955078125 0.04296875 0.384765625 0.0478515625 0.3828125 0.0634765625 0.375 0.0693359375 0.376953125 0.0791015625 0.345703125 0.1044921875 0.3203125 0.1435546875 0.3046875 0.3447265625 0.310546875 0.3681640625 0.3330078125 0.388671875 0.3544921875 0.392578125 0.419921875 0.3916015625 0.431640625 0.3837890625 0.439453125 0.3701171875 0.478515625 0.1923828125 0.470703125 0.1396484375
3 0.1396484375 0.439453125 0.0458984375 0.443359375 0.03125 0.4580078125 0.025390625 0.4833984375 0.025390625 0.4970703125 0.0302734375 0.5 0.130859375 0.4990234375 0.142578125 0.4970703125 0.150390625 0.4638671875 0.1484375 0.4501953125 0.1396484375 0.439453125
3 0.146484375 0.4814453125 0.146484375 0.4970703125 0.1513671875 0.5 0.265625 0.4990234375 0.267578125 0.4736328125 0.2529296875 0.435546875 0.1689453125 0.4375 0.146484375 0.4814453125
3 0.3740234375 0.44140625 0.37109375 0.4384765625 0.376953125 0.4365234375 0.3662109375 0.4296875 0.2841796875 0.43359375 0.26953125 0.4541015625 0.267578125 0.4736328125 0.2724609375 0.498046875 0.384765625 0.4990234375 0.388671875 0.4970703125 0.3828125 0.4580078125 0.38671875 0.4423828125 0.3740234375 0.44140625
3 0.76171875 0.4423828125 0.765625 0.2919921875 0.759765625 0.2802734375 0.765625 0.2724609375 0.76953125 0.1494140625 0.755859375 0.1162109375 0.72265625 0.0849609375 0.72265625 0.0732421875 0.73046875 0.0615234375 0.7265625 0.0302734375 0.7119140625 0.0234375 0.6630859375 0.021484375 0.65234375 0.0263671875 0.650390625 0.0361328125 0.650390625 0.0615234375 0.65625 0.0654296875 0.65625 0.0830078125 0.619140625 0.1142578125 0.607421875 0.1416015625 0.609375 0.2236328125 0.61328125 0.2294921875 0.611328125 0.2685546875 0.6171875 0.2802734375 0.61328125 0.2939453125 0.6171875 0.4287109375 0.623046875 0.4580078125 0.6318359375 0.470703125 0.6552734375 0.482421875 0.689453125 0.4833984375 0.7197265625 0.478515625 0.7412109375 0.46875 0.755859375 0.4560546875 0.76171875 0.4423828125
3 0.93359375 0.2939453125 0.943359375 0.2744140625 0.955078125 0.1494140625 0.943359375 0.1201171875 0.9140625 0.0927734375 0.912109375 0.0771484375 0.919921875 0.0634765625 0.919921875 0.0322265625 0.9111328125 0.02734375 0.8642578125 0.025390625 0.84375 0.0322265625 0.83984375 0.0576171875 0.83984375 0.0673828125 0.845703125 0.0712890625 0.84375 0.0888671875 0.80859375 0.1162109375 0.79296875 0.1474609375 0.7890625 0.2197265625 0.79296875 0.2353515625 0.7890625 0.2431640625 0.7890625 0.2783203125 0.79296875 0.2880859375 0.787109375 0.2958984375 0.7890625 0.3544921875 0.779296875 0.4423828125 0.787109375 0.4677734375 0.7998046875 0.478515625 0.8447265625 0.494140625 0.87890625 0.4931640625 0.9072265625 0.482421875 0.923828125 0.4560546875 0.9375 0.3193359375 0.93359375 0.2939453125
3 0.478515625 0.8759765625 0.48046875 0.8564453125 0.466796875 0.8115234375 0.466796875 0.7978515625 0.47265625 0.7880859375 0.47265625 0.7607421875 0.45703125 0.7451171875 0.4609375 0.6767578125 0.4482421875 0.65234375 0.4423828125 0.6484375 0.3720703125 0.642578125 0.3583984375 0.646484375 0.322265625 0.6962890625 0.3046875 0.7470703125 0.2841796875 0.76953125 0.2451171875 0.759765625 0.2138671875 0.765625 0.181640625 0.7470703125 0.1796875 0.7353515625 0.158203125 0.7041015625 0.1484375 0.6728515625 0.140625 0.6630859375 0.1328125 0.6162109375 0.1259765625 0.607421875 0.1142578125 0.609375 0.0869140625 0.638671875 0.0478515625 0.62109375 0.033203125 0.6318359375 0.01953125 0.6708984375 0.025390625 0.7001953125 0.05859375 0.7294921875 0.05859375 0.7412109375 0.087890625 0.7841796875 0.1328125 0.8154296875 0.1484375 0.8623046875 0.1552734375 0.869140625 0.1982421875 0.890625 0.2333984375 0.88671875 0.2490234375 0.8984375 0.2939453125 0.916015625 0.3134765625 0.912109375 0.3330078125 0.88671875 0.3623046875 0.91796875 0.3740234375 0.923828125 0.38671875 0.9228515625 0.4384765625 0.90625 0.4501953125 0.89453125 0.4716796875 0.88671875 0.478515625 0.8759765625
3 0.685546875 0.6181640625 0.654296875 0.5498046875 0.638671875 0.5361328125 0.634765625 0.5185546875 0.6181640625 0.51171875 0.6044921875 0.51171875 0.59375 0.5185546875 0.59375 0.5283203125 0.583984375 0.5439453125 0.54296875 0.5869140625 0.5390625 0.6044921875 0.52734375 0.7587890625 0.52734375 0.8193359375 0.5400390625 0.84375 0.576171875 0.8486328125 0.6630859375 0.83984375 0.67578125 0.8310546875 0.681640625 0.8095703125 0.685546875 0.6181640625
3 0.82421875 0.7080078125 0.82421875 0.6123046875 0.806640625 0.5712890625 0.791015625 0.5537109375 0.796875 0.5419921875 0.7744140625 0.53125 0.7734375 0.5205078125 0.7646484375 0.51171875 0.7412109375 0.51171875 0.732421875 0.5185546875 0.72265625 0.5478515625 0.703125 0.5712890625 0.6875 0.6044921875 0.685546875 0.8193359375 0.7001953125 0.84375 0.751953125 0.8466796875 0.8193359375 0.841796875 0.828125 0.8369140625 0.83203125 0.8251953125 0.82421875 0.7080078125
3 0.939453125 0.5595703125 0.916015625 0.5419921875 0.90625 0.5166015625 0.8974609375 0.509765625 0.8837890625 0.509765625 0.86328125 0.5205078125 0.861328125 0.5361328125 0.84375 0.5498046875 0.841796875 0.5576171875 0.84765625 0.5595703125 0.82421875 0.5947265625 0.833984375 0.8173828125 0.8564453125 0.83984375 0.9375 0.8447265625 0.9794921875 0.83984375 0.98828125 0.8271484375 0.96875 0.6064453125 0.939453125 0.5595703125
3 0.654296875 0.9111328125 0.6484375 0.9130859375 0.6484375 0.8701171875 0.64453125 0.8603515625 0.6240234375 0.85546875 0.5869140625 0.865234375 0.578125 0.8759765625 0.580078125 0.9189453125 0.5771484375 0.916015625 0.5703125 0.9228515625 0.55859375 0.9462890625 0.55859375 0.9990234375 0.677734375 0.9990234375 0.681640625 0.9248046875 0.6650390625 0.8984375 0.6591796875 0.8984375 0.654296875 0.9111328125
3 0.77734375 0.9111328125 0.765625 0.8623046875 0.7548828125 0.853515625 0.740234375 0.8564453125 0.755859375 0.8623046875 0.7646484375 0.892578125 0.7548828125 0.88671875 0.7392578125 0.88671875 0.7236328125 0.900390625 0.7109375 0.8974609375 0.708984375 0.8740234375 0.7021484375 0.873046875 0.69921875 0.8837890625 0.705078125 0.9072265625 0.6953125 0.9111328125 0.6875 0.9287109375 0.685546875 0.9990234375 0.798828125 0.9990234375 0.8046875 0.9814453125 0.802734375 0.9326171875 0.7841796875 0.90234375 0.77734375 0.9111328125
3 0.923828125 0.9365234375 0.916015625 0.9150390625 0.900390625 0.8955078125 0.9013671875 0.890625 0.9267578125 0.890625 0.9248046875 0.88671875 0.8720703125 0.884765625 0.8623046875 0.892578125 0.8349609375 0.892578125 0.8125 0.9091796875 0.806640625 0.9462890625 0.8115234375 1 0.931640625 0.9990234375 0.931640625 0.9580078125 0.939453125 0.9482421875 0.9326171875 0.947265625 0.923828125 0.9365234375