3 0.23828125 0.1279296875 0.2421875 0.0986328125 0.2421875 0.0498046875 0.2353515625 0.041015625 0.0244140625 0.037109375 0.0166015625 0.0390625 0.01171875 0.0439453125 0.009765625 0.0888671875 0.013671875 0.0986328125 0.01171875 0.1259765625 0.015625 0.1337890625 0.01171875 0.1884765625 0.013671875 0.2060546875 0.0185546875 0.2109375 0.0283203125 0.212890625 0.107421875 0.2119140625 0.2275390625 0.2109375 0.234375 0.2060546875 0.23828125 0.1904296875 0.23828125 0.1279296875
3 0.4814453125 0.046875 0.2763671875 0.044921875 0.265625 0.0517578125 0.26171875 0.0732421875 0.265625 0.1982421875 0.2744140625 0.2109375 0.458984375 0.2119140625 0.4755859375 0.2109375 0.484375 0.2021484375 0.48828125 0.0537109375 0.4814453125 0.046875
3 0 0.4326171875 0.0087890625 0.439453125 0.24609375 0.4404296875 0.25 0.4365234375 0.248046875 0.4033203125 0.21875 0.3193359375 0.2099609375 0.310546875 0.0400390625 0.310546875 0.03515625 0.3154296875 0 0.4189453125 0 0.4326171875
3 0.4765625 0.4091796875 0.474609375 0.3310546875 0.4677734375 0.322265625 0.2939453125 0.322265625 0.291015625 0.3251953125 0.28515625 0.3466796875 0.27734375 0.4541015625 0.279296875 0.4638671875 0.2841796875 0.46875 0.462890625 0.4697265625 0.4755859375 0.46875 0.482421875 0.4619140625 0.482421875 0.4365234375 0.4765625 0.4091796875
3 0.966796875 0.2568359375 0.966796875 0.2275390625 0.962890625 0.2197265625 0.96484375 0.2041015625 0.9326171875 0.171875 0.8544921875 0.109375 0.7685546875 0.03515625 0.7490234375 0.0234375 0.7255859375 0.0234375 0.7080078125 0.02734375 0.6826171875 0.04296875 0.5966796875 0.11328125 0.5439453125 0.15234375 0.53125 0.1650390625 0.52734375 0.1767578125 0.5546875 0.2197265625 0.611328125 0.2939453125 0.744140625 0.4794921875 0.7548828125 0.48828125 0.7734375 0.4892578125 0.7919921875 0.4765625 0.810546875 0.4560546875 0.958984375 0.2763671875 0.966796875 0.2568359375
3 0.3173828125 0.70703125 0.345703125 0.6826171875 0.361328125 0.6630859375 0.361328125 0.6572265625 0.3466796875 0.642578125 0.3388671875 0.64453125 0.2685546875 0.693359375 0.2529296875 0.701171875 0.2236328125 0.708984375 0.1240234375 0.76171875 0.115234375 0.7685546875 0.115234375 0.7763671875 0.125 0.7763671875 0.2197265625 0.734375 0.2626953125 0.708984375 0.3076171875 0.7109375 0.3173828125 0.70703125
3 0.27734375 0.6435546875 0.287109375 0.6259765625 0.28515625 0.6142578125 0.2646484375 0.611328125 0.2373046875 0.62109375 0.21484375 0.6416015625 0.2080078125 0.65625 0.1845703125 0.6640625 0.1357421875 0.6875 0.06640625 0.7275390625 0.0693359375 0.736328125 0.076171875 0.7353515625 0.1455078125 0.703125 0.2041015625 0.66796875 0.2490234375 0.66796875 0.27734375 0.6435546875
3 0.4013671875 0.744140625 0.4482421875 0.72265625 0.4931640625 0.693359375 0.5 0.6865234375 0.5 0.6826171875 0.4970703125 0.6796875 0.4833984375 0.681640625 0.4248046875 0.7109375 0.3779296875 0.744140625 0.287109375 0.7783203125 0.3095703125 0.802734375 0.337890625 0.8017578125 0.3623046875 0.794921875 0.376953125 0.7802734375 0.388671875 0.7568359375 0.4013671875 0.744140625
3 0.4306640625 0.69140625 0.453125 0.6689453125 0.458984375 0.6572265625 0.45703125 0.6416015625 0.4482421875 0.63671875 0.4365234375 0.63671875 0.4208984375 0.640625 0.3994140625 0.65234375 0.3828125 0.6708984375 0.3818359375 0.68359375 0.3251953125 0.712890625 0.2783203125 0.744140625 0.25390625 0.7646484375 0.2587890625 0.771484375 0.265625 0.7705078125 0.3193359375 0.740234375 0.3837890625 0.6953125 0.4111328125 0.69921875 0.4306640625 0.69140625
3 0.3359375 0.8916015625 0.330078125 0.8876953125 0.337890625 0.8798828125 0.330078125 0.8740234375 0.337890625 0.8681640625 0.3349609375 0.865234375 0.2587890625 0.85546875 0.1884765625 0.859375 0.1533203125 0.84765625 0.1240234375 0.841796875 0.0126953125 0.828125 0.00390625 0.8330078125 0.0068359375 0.841796875 0.0263671875 0.84765625 0.1259765625 0.869140625 0.1845703125 0.875 0.1962890625 0.87890625 0.2119140625 0.888671875 0.2255859375 0.90234375 0.2470703125 0.912109375 0.3046875 0.9130859375 0.3212890625 0.912109375 0.333984375 0.9072265625 0.330078125 0.8994140625 0.3359375 0.8916015625
3 0.326171875 0.8154296875 0.3134765625 0.8046875 0.2841796875 0.794921875 0.2548828125 0.794921875 0.2392578125 0.798828125 0.2294921875 0.8046875 0.2158203125 0.8046875 0.1748046875 0.791015625 0.1455078125 0.78515625 0.0595703125 0.7734375 0.0380859375 0.7734375 0.03515625 0.7763671875 0.0380859375 0.78515625 0.0673828125 0.79296875 0.1396484375 0.806640625 0.1962890625 0.810546875 0.2080078125 0.81640625 0.2265625 0.8388671875 0.2392578125 0.84765625 0.283203125 0.8486328125 0.3076171875 0.84375 0.3251953125 0.833984375 0.330078125 0.8271484375 0.326171875 0.8154296875
3 0.7236328125 0.681640625 0.7373046875 0.681640625 0.7607421875 0.67578125 0.771484375 0.6669921875 0.7763671875 0.65625 0.8017578125 0.650390625 0.80859375 0.6435546875 0.78515625 0.6220703125 0.7763671875 0.609375 0.7294921875 0.59375 0.5947265625 0.60546875 0.5654296875 0.61328125 0.5546875 0.6318359375 0.544921875 0.6416015625 0.548828125 0.6533203125 0.5673828125 0.6796875 0.5888671875 0.685546875 0.6044921875 0.697265625 0.62109375 0.6982421875 0.6572265625 0.6953125 0.6708984375 0.69140625 0.6962890625 0.69140625 0.7236328125 0.681640625
3 0.6875 0.7568359375 0.689453125 0.7451171875 0.7314453125 0.703125 0.75 0.6904296875 0.75 0.6826171875 0.7470703125 0.6796875 0.7333984375 0.6796875 0.7021484375 0.689453125 0.6103515625 0.697265625 0.5888671875 0.68359375 0.5732421875 0.681640625 0.5634765625 0.673828125 0.5556640625 0.67578125 0.52734375 0.7021484375 0.517578125 0.7275390625 0.505859375 0.7392578125 0.50390625 0.7470703125 0.5126953125 0.75390625 0.5224609375 0.755859375 0.5517578125 0.783203125 0.5625 0.7841796875 0.6884765625 0.779296875 0.6953125 0.7685546875 0.6953125 0.7646484375 0.6875 0.7568359375
3 0.98046875 0.8056640625 0.9697265625 0.79296875 0.9423828125 0.794921875 0.9267578125 0.806640625 0.9150390625 0.810546875 0.8759765625 0.80859375 0.8603515625 0.8046875 0.8408203125 0.8046875 0.8095703125 0.796875 0.7939453125 0.796875 0.7822265625 0.791015625 0.7529296875 0.7890625 0.744140625 0.7861328125 0.765625 0.7841796875 0.7353515625 0.779296875 0.7333984375 0.775390625 0.7236328125 0.7734375 0.7158203125 0.767578125 0.7041015625 0.765625 0.697265625 0.7705078125 0.6953125 0.7783203125 0.64453125 0.8408203125 0.646484375 0.8544921875 0.6650390625 0.8671875 0.7822265625 0.896484375 0.8994140625 0.912109375 0.966796875 0.9150390625 0.9853515625 0.91015625 0.994140625 0.8974609375 0.98046875 0.8212890625 0.98046875 0.8056640625
3 0.9560546875 0.794921875 0.9716796875 0.7890625 0.98046875 0.7763671875 0.98046875 0.7568359375 0.974609375 0.7236328125 0.9677734375 0.716796875 0.9599609375 0.71484375 0.9501953125 0.69921875 0.9326171875 0.69140625 0.9072265625 0.6875 0.7744140625 0.6796875 0.7568359375 0.6875 0.7294921875 0.70703125 0.689453125 0.7490234375 0.689453125 0.7548828125 0.6962890625 0.76171875 0.7021484375 0.765625 0.7158203125 0.767578125 0.720703125 0.7724609375 0.720703125 0.7763671875 0.705078125 0.7939453125 0.7216796875 0.8046875 0.7763671875 0.80859375 0.9169921875 0.830078125 0.94140625 0.8291015625 0.94140625 0.8134765625 0.9375 0.7998046875 0.9443359375 0.794921875 0.9560546875 0.794921875