3 0.240234375 0.0810546875 0.2265625 0.0634765625 0.1923828125 0.03125 0.0615234375 0.029296875 0.052734375 0.0439453125 0.0419921875 0.0546875 0.0361328125 0.0546875 0.015625 0.0791015625 0.015625 0.0830078125 0.0302734375 0.091796875 0.0400390625 0.10546875 0.0478515625 0.107421875 0.1337890625 0.107421875 0.1474609375 0.09375 0.1572265625 0.095703125 0.1669921875 0.107421875 0.208984375 0.1064453125 0.2158203125 0.10546875 0.2255859375 0.09375 0.2373046875 0.08984375 0.240234375 0.0810546875
3 0 0.3701171875 0.0068359375 0.376953125 0.0263671875 0.380859375 0.0712890625 0.3828125 0.2265625 0.3818359375 0.240234375 0.3740234375 0.2421875 0.3505859375 0.240234375 0.3369140625 0.236328125 0.3310546875 0.23828125 0.3232421875 0.234375 0.3173828125 0.224609375 0.2490234375 0.21875 0.2314453125 0.2119140625 0.224609375 0.2041015625 0.220703125 0.0322265625 0.220703125 0.01953125 0.2294921875 0.0078125 0.2744140625 0.00390625 0.3095703125 0 0.3173828125 0 0.3701171875
3 0.484375 0.1708984375 0.48046875 0.1201171875 0.478515625 0.1103515625 0.4716796875 0.103515625 0.2861328125 0.103515625 0.28125 0.1083984375 0.271484375 0.1669921875 0.265625 0.2509765625 0.2763671875 0.259765625 0.341796875 0.2607421875 0.4814453125 0.259765625 0.4912109375 0.2578125 0.498046875 0.2509765625 0.484375 0.1708984375
3 0.4951171875 0.396484375 0.5 0.3916015625 0.498046875 0.3837890625 0.4873046875 0.380859375 0.4794921875 0.369140625 0.4404296875 0.349609375 0.3076171875 0.349609375 0.2802734375 0.3671875 0.2705078125 0.37890625 0.255859375 0.3857421875 0.255859375 0.3955078125 0.2587890625 0.3984375 0.2763671875 0.3984375 0.28125 0.4150390625 0.2919921875 0.421875 0.3330078125 0.421875 0.3505859375 0.41015625 0.3603515625 0.412109375 0.3701171875 0.419921875 0.3818359375 0.421875 0.416015625 0.4208984375 0.4658203125 0.419921875 0.4765625 0.4091796875 0.4794921875 0.396484375 0.4951171875 0.396484375
3 1 0.0009765625 0.5048828125 0 0.501953125 0.0029296875 0.50390625 0.4619140625 0.5498046875 0.498046875 0.833984375 0.4970703125 0.8486328125 0.4921875 0.8564453125 0.484375 0.8876953125 0.46875 1 0.3955078125 1 0.0009765625
3 0.25 0.7919921875 0.2158203125 0.7890625 0.1923828125 0.783203125 0.1259765625 0.748046875 0.0849609375 0.734375 0.0673828125 0.724609375 0.044921875 0.7216796875 0.044921875 0.7275390625 0.0595703125 0.736328125 0.1513671875 0.7734375 0.162109375 0.7822265625 0.171875 0.7978515625 0.1845703125 0.810546875 0.2099609375 0.81640625 0.224609375 0.8154296875 0.2392578125 0.814453125 0.2470703125 0.810546875 0.25 0.8056640625 0.25 0.7919921875
3 0.42578125 0.6162109375 0.42578125 0.5771484375 0.419921875 0.5400390625 0.416015625 0.5380859375 0.4130859375 0.564453125 0.41015625 0.5400390625 0.4072265625 0.537109375 0.404296875 0.5400390625 0.404296875 0.5498046875 0.4013671875 0.55078125 0.3974609375 0.537109375 0.39453125 0.5400390625 0.39453125 0.5556640625 0.3916015625 0.560546875 0.3876953125 0.5390625 0.384765625 0.5400390625 0.3828125 0.5478515625 0.3828125 0.6142578125 0.3984375 0.6533203125 0.396484375 0.7197265625 0.400390625 0.7802734375 0.40234375 0.7958984375 0.4072265625 0.80078125 0.41015625 0.7998046875 0.4140625 0.7919921875 0.416015625 0.7197265625 0.412109375 0.6494140625 0.42578125 0.6162109375
3 0.1865234375 0.912109375 0.2744140625 0.91015625 0.3056640625 0.90625 0.30859375 0.8994140625 0.2978515625 0.89453125 0.2197265625 0.890625 0.1337890625 0.89453125 0.1103515625 0.88671875 0.0556640625 0.884765625 0.0380859375 0.880859375 0.01953125 0.8818359375 0.03125 0.8896484375 0.017578125 0.8916015625 0.029296875 0.8994140625 0.0166015625 0.900390625 0.0205078125 0.90625 0.02734375 0.9091796875 0.0166015625 0.91015625 0.0146484375 0.9140625 0.0400390625 0.923828125 0.0712890625 0.9296875 0.10546875 0.9287109375 0.1376953125 0.912109375 0.1513671875 0.908203125 0.1708984375 0.908203125 0.1865234375 0.912109375
3 0.4296875 0.9365234375 0.41015625 0.9189453125 0.384765625 0.8740234375 0.361328125 0.8408203125 0.3525390625 0.833984375 0.345703125 0.8408203125 0.349609375 0.8486328125 0.373046875 0.8857421875 0.396484375 0.9150390625 0.400390625 0.9248046875 0.400390625 0.9462890625 0.40625 0.9619140625 0.4365234375 0.9921875 0.4462890625 0.998046875 0.44921875 0.9970703125 0.46484375 0.9833984375 0.462890625 0.9775390625 0.431640625 0.9423828125 0.4296875 0.9365234375
3 0.9013671875 0.669921875 0.90234375 0.6630859375 0.869140625 0.6494140625 0.84765625 0.6044921875 0.8388671875 0.59375 0.7138671875 0.58203125 0.7001953125 0.58203125 0.6669921875 0.58984375 0.658203125 0.5947265625 0.634765625 0.6513671875 0.609375 0.6650390625 0.6123046875 0.671875 0.634765625 0.6748046875 0.6484375 0.7275390625 0.6552734375 0.736328125 0.84765625 0.7353515625 0.859375 0.7177734375 0.8671875 0.6728515625 0.8818359375 0.66796875 0.9013671875 0.669921875
3 0.9130859375 0.8515625 0.9326171875 0.849609375 0.9296875 0.8408203125 0.9365234375 0.8359375 0.9443359375 0.8359375 0.9453125 0.8330078125 0.900390625 0.8291015625 0.892578125 0.7919921875 0.880859375 0.7529296875 0.8759765625 0.74609375 0.8466796875 0.736328125 0.7080078125 0.734375 0.6552734375 0.736328125 0.630859375 0.7470703125 0.62109375 0.7705078125 0.609375 0.8330078125 0.6044921875 0.8359375 0.5869140625 0.8359375 0.5810546875 0.841796875 0.5673828125 0.841796875 0.564453125 0.8466796875 0.5673828125 0.849609375 0.6025390625 0.849609375 0.60546875 0.8525390625 0.6171875 0.8935546875 0.62109375 0.9208984375 0.626953125 0.9384765625 0.6318359375 0.943359375 0.6787109375 0.951171875 0.7109375 0.9501953125 0.8740234375 0.9453125 0.88671875 0.9345703125 0.90625 0.8583984375 0.9130859375 0.8515625