3 1 0.66994591875 0.9828694656250001 0.6465861 0.9609773765625 0.624694009375 0.9130232749999999 0.59758951875 0.8984285484375001 0.593419596875 0.8400496421874999 0.591334634375 0.8275398765625 0.593419596875 0.7983504234375001 0.601759440625 0.7733308921875001 0.6163541671874999 0.749353840625 0.63824625625 0.7222493484375 0.6695206703125 0.7055696609375001 0.7028800453125 0.6982722984375 0.7372819015625 0.6972298171875 0.75500406875 0.701399740625 0.7695987953125 0.701399740625 0.78836344375 0.7097395828125 0.813382975 0.7222493484375 0.8363175453125 0.734759115625 0.8529972328125 0.7629060875 0.8790592453125001 0.8025203453125 0.9019938156249999 0.8254549156250001 0.9082486984375 0.8859187828125 0.9103336593750001 0.9297029625000001 0.89782389375 0.9630623375 0.8748893234375 0.9807845046875 0.8571671546875 1 0.8315464953125 1 0.66994591875
3 0.7666633609375 0 0.7556087234375 0.025267740625 0.7389290359375 0.0961564125 0.732674153125 0.1566202796875 0.734759115625 0.16079020156249998 0.7316316734375 0.2222965484375 0.732674153125 0.275463053125 0.7472688796875 0.3692862953125 0.768118490625 0.425580240625 0.7785432937500001 0.44225992812500003 0.792095540625 0.45581217343749997 0.800435384375 0.45998209687499997 0.81294515 0.45998209687499997 0.8379646812500001 0.44955729218749996 0.85464436875 0.44955729218749996 0.8629842125 0.4453873703125 0.8817488609374999 0.424537759375 0.979742025 0.4057731109375 0.9974641921874999 0.383881021875 1 0.3772879234375 1 0.056570434375 0.9912093093750001 0.035692545312500004 0.9818269859375001 0.024225259375 0.9630623375 0.0158854171875 0.9484676109375 0.0158854171875 0.875493978125 0.001290690625 0.874387671875 0 0.7666633609375 0
3 0.3938680015625 0.6309488937500001 0.3698909515625 0.659095865625 0.3552962234375 0.68828531875 0.350083821875 0.7122623703125 0.3511263015625 0.7758536781250001 0.3594661453125 0.800873209375 0.37614583281249997 0.8321476234375 0.4188875328125 0.8748893234375 0.43973714218750004 0.8873990890625001 0.4772664390625 0.8999088546875 0.5273055015625 0.9019938156249999 0.5398152671875 0.8999088546875 0.5690047203125 0.8915690093749999 0.608618978125 0.8707194015624999 0.632596028125 0.8488273109375 0.6534456390625001 0.8238077796875001 0.6638704421875 0.80504313125 0.6701253265625 0.784193521875 0.6722102859375 0.7258146156249999 0.6597005203124999 0.684115396875 0.64510579375 0.6570109046875 0.624256184375 0.6299064125 0.6023640953125 0.610099284375 0.5710896812499999 0.591334634375 0.54607015 0.5829947921875 0.52105061875 0.5788248703125001 0.4856062828125 0.58090983125 0.4522469078125 0.591334634375 0.425142415625 0.6059293609374999 0.3938680015625 0.6309488937500001
3 0.4439070640625 0.36824381562499997 0.425142415625 0.376583659375 0.4178450515625 0.383881021875 0.4147176109375 0.3953483078125 0.41367512968750003 0.43392008437499996 0.4178450515625 0.44642985 0.425142415625 0.45372721406250005 0.45016194687500005 0.4620670578125 0.5106258140625 0.4662369796875 0.5189656578124999 0.468321940625 0.5231355796875 0.4745768234375 0.5262630203125 0.4735343421875 0.52834798125 0.37137125625 0.525220540625 0.36824381562499997 0.4689265953125 0.3661588546875 0.4439070640625 0.36824381562499997
3 0.433482259375 0.2702506515625 0.4188875328125 0.276505534375 0.4095052078125 0.28588785781250003 0.4063777671875 0.29944010468750004 0.4053352859375 0.3317569984375 0.4095052078125 0.3442667640625 0.4188875328125 0.35364908906250003 0.433482259375 0.359903971875 0.5231355796875 0.3661588546875 0.5356453453125 0.36824381562499997 0.5398152671875 0.3724137359375 0.5429427078125 0.3692862953125 0.5429427078125 0.275463053125 0.5398152671875 0.27233561093750003 0.4960310875 0.268165690625 0.433482259375 0.2702506515625
3 0.43765218125 0.176427409375 0.4230574546875 0.1826822921875 0.41367512968750003 0.192064615625 0.40846272812500006 0.20770182343750002 0.4095052078125 0.23793375625 0.4230574546875 0.2556559234375 0.43139729843749997 0.259825846875 0.466841634375 0.26608072968749996 0.5523250328125 0.27233561093750003 0.558579915625 0.2785904953125 0.56170735625 0.27337809218750003 0.5637923171875 0.18163981093749998 0.558579915625 0.1743424484375 0.4772664390625 0.1722574859375 0.43765218125 0.176427409375
3 0.5898543296875001 0.0742643234375 0.43973714218750004 0.08051920625 0.41993001406249997 0.091986490625 0.4147176109375 0.1055387359375 0.41576009062499997 0.14619547500000002 0.43139729843749997 0.16183268281250002 0.4439070640625 0.1660026046875 0.5022859703125 0.168087565625 0.5929817703125 0.1774698890625 0.59506673125 0.07739176406250001 0.5898543296875001 0.0742643234375
3 0.4154346609375 0 0.4147176109375 0.001290690625 0.41576009062499997 0.041947428125000005 0.4272273765625 0.055499673437499994 0.43556722031249995 0.059669596874999994 0.45433186875000003 0.06383951875 0.5690047203125 0.07009440156249999 0.6054915359375 0.07739176406250001 0.6069247171875001 0 0.4154346609375 0
3 0.184850075 1 0.1884993484375 0.9197159828125001 0.18641438906250002 0.900951334375 0.1812019859375 0.8957389328125 0.166607259375 0.9019938156249999 0.0978035484375 0.9061637359375 0.08737874375 0.9103336593750001 0.06131673125 0.9301407875000001 0.05401936875 0.9499479171875 0.055061848437500005 0.9822648109375001 0.0644441734375 0.9958170578125 0.0717643234375 1 0.184850075 1
3 0.1853719078125 0.7685563156249999 0.0811238609375 0.7789811203125 0.0592317703125 0.7967032875 0.05401936875 0.8123404953125 0.055061848437500005 0.8446573890625 0.07069905625 0.8623795578125 0.0790389 0.8665494796875001 0.10822835312500001 0.8707194015624999 0.166607259375 0.8707194015624999 0.207263996875 0.8759318031250001 0.2093489578125 0.7987882484375 0.207263996875 0.7716837562500001 0.2020515953125 0.7623014328125 0.1853719078125 0.7685563156249999
3 0.08737874375 0.6372037765624999 0.06652913437499999 0.6455436203125 0.0592317703125 0.6528409828124999 0.05193440781250001 0.6684781906249999 0.0529768890625 0.7028800453125 0.0592317703125 0.7153898109375 0.074868978125 0.7289420578125 0.0978035484375 0.7331119796875 0.2020515953125 0.7351969406250001 0.21456136093749997 0.7393668609375 0.21977376406250002 0.7362394203125 0.22185872343750002 0.7070499671875 0.21977376406250002 0.65492594375 0.21456136093749997 0.6288639328125 0.13741780625 0.6372037765624999 0.1186531578125 0.635118815625 0.08737874375 0.6372037765624999
3 0.0811238609375 0.5037662765625 0.060274251562500006 0.5121061203124999 0.0529768890625 0.5194034828125 0.047764485937500004 0.5371256515625 0.0467220046875 0.5485929359374999 0.0529768890625 0.575697428125 0.07069905625 0.5955045578125 0.0790389 0.5996744796875 0.099888509375 0.6038444015625 0.2427083328125 0.6111417640625 0.24479329375 0.5027237953125 0.241665853125 0.49542643281250004 0.17077718125000002 0.501681315625 0.0811238609375 0.5037662765625
3 0.058102706250000004 0 0.0467220046875 0.08156168593749999 0.0362972015625 0.2149991859375 0.017532551562500002 0.367201334375 0.0050227859375000005 0.41307047499999994 0 0.4180932609375 0 0.43498531875 0.05193440781250001 0.4412174484375 0.2604305015625 0.4391324859375 0.31046956406250004 0.43287760468750003 0.3177669265625 0.42766520156250004 0.316724446875 0.42245279843750005 0.301087240625 0.41724039687500003 0.2885774734375 0.37137125625 0.265642903125 0.175384928125 0.2552180984375 0.04611735 0.24896321562499998 0.0190128578125 0.24896321562499998 0 0.058102706250000004 0