3 0.251953125 0.2783203125 0.244140625 0.2470703125 0.2373046875 0.23828125 0.2275390625 0.234375 0.1962890625 0.234375 0.1748046875 0.23828125 0.0595703125 0.2421875 0.0458984375 0.248046875 0.0390625 0.2548828125 0.033203125 0.2802734375 0.025390625 0.2958984375 0.0146484375 0.296875 0.01171875 0.2998046875 0.0205078125 0.3046875 0.0302734375 0.3046875 0.037109375 0.3095703125 0.0478515625 0.349609375 0.0732421875 0.35546875 0.150390625 0.3564453125 0.1669921875 0.35546875 0.2294921875 0.33984375 0.244140625 0.3310546875 0.251953125 0.2783203125
3 0.2001953125 0.23046875 0.2216796875 0.232421875 0.2265625 0.2294921875 0.23046875 0.2099609375 0.2373046875 0.20703125 0.240234375 0.2021484375 0.2373046875 0.197265625 0.23046875 0.1943359375 0.2265625 0.1708984375 0.2138671875 0.16015625 0.0654296875 0.16015625 0.048828125 0.1708984375 0.046875 0.1943359375 0.029296875 0.2099609375 0.0322265625 0.212890625 0.0439453125 0.212890625 0.05078125 0.2333984375 0.0576171875 0.240234375 0.064453125 0.2392578125 0.0869140625 0.236328125 0.1650390625 0.236328125 0.1904296875 0.234375 0.2001953125 0.23046875
3 0.4775390625 0.314453125 0.498046875 0.3056640625 0.4970703125 0.296875 0.4765625 0.2939453125 0.47265625 0.2587890625 0.4677734375 0.25390625 0.4404296875 0.25390625 0.4267578125 0.2578125 0.3095703125 0.25390625 0.2919921875 0.2578125 0.283203125 0.2646484375 0.27734375 0.2939453125 0.279296875 0.2978515625 0.267578125 0.3095703125 0.279296875 0.3154296875 0.28125 0.3330078125 0.2880859375 0.34375 0.3544921875 0.345703125 0.3701171875 0.341796875 0.3759765625 0.34765625 0.3857421875 0.349609375 0.435546875 0.3505859375 0.4677734375 0.337890625 0.47265625 0.3291015625 0.47265625 0.3193359375 0.4775390625 0.314453125
3 0.451171875 0.2041015625 0.4453125 0.1728515625 0.4365234375 0.1640625 0.3271484375 0.1640625 0.314453125 0.1708984375 0.3046875 0.2041015625 0.298828125 0.2119140625 0.306640625 0.2177734375 0.3115234375 0.251953125 0.3154296875 0.25390625 0.3525390625 0.25 0.3994140625 0.25 0.4208984375 0.25390625 0.439453125 0.2529296875 0.4453125 0.2490234375 0.44921875 0.2197265625 0.466796875 0.2119140625 0.451171875 0.2041015625
3 0.70703125 0.1083984375 0.712890625 0.0947265625 0.734375 0.0771484375 0.734375 0.0712890625 0.708984375 0.0498046875 0.6943359375 0.029296875 0.6806640625 0.02734375 0.6669921875 0.037109375 0.6552734375 0.03125 0.6416015625 0.03125 0.630859375 0.0400390625 0.626953125 0.0498046875 0.60546875 0.0712890625 0.599609375 0.0849609375 0.6015625 0.1083984375 0.6181640625 0.12890625 0.6396484375 0.140625 0.6572265625 0.14453125 0.68359375 0.1435546875 0.6982421875 0.140625 0.708984375 0.1337890625 0.705078125 0.1220703125 0.70703125 0.1083984375
3 0.84765625 0.1474609375 0.85546875 0.1298828125 0.853515625 0.1083984375 0.845703125 0.0927734375 0.8369140625 0.083984375 0.8115234375 0.0703125 0.7958984375 0.06640625 0.7626953125 0.06640625 0.7490234375 0.0703125 0.71875 0.0908203125 0.71875 0.1162109375 0.724609375 0.1279296875 0.7138671875 0.1328125 0.7109375 0.1396484375 0.736328125 0.1650390625 0.73828125 0.1728515625 0.7431640625 0.177734375 0.7607421875 0.1796875 0.7724609375 0.17578125 0.7822265625 0.1875 0.794921875 0.1884765625 0.8037109375 0.185546875 0.8134765625 0.171875 0.8271484375 0.166015625 0.84765625 0.1474609375
3 0.732421875 0.2470703125 0.744140625 0.2255859375 0.744140625 0.2021484375 0.736328125 0.1865234375 0.7177734375 0.16796875 0.7099609375 0.1640625 0.6923828125 0.158203125 0.6474609375 0.15625 0.6181640625 0.16796875 0.595703125 0.1884765625 0.587890625 0.2138671875 0.58984375 0.2275390625 0.6015625 0.2490234375 0.6201171875 0.263671875 0.6455078125 0.275390625 0.6689453125 0.275390625 0.673828125 0.2783203125 0.6806640625 0.2734375 0.7001953125 0.271484375 0.7080078125 0.267578125 0.732421875 0.2470703125
3 0.908203125 0.2548828125 0.8984375 0.2373046875 0.87890625 0.2177734375 0.8720703125 0.205078125 0.8564453125 0.19921875 0.8369140625 0.208984375 0.8232421875 0.197265625 0.8115234375 0.197265625 0.7880859375 0.21875 0.7744140625 0.2265625 0.76171875 0.2431640625 0.7578125 0.2529296875 0.7578125 0.2783203125 0.7685546875 0.296875 0.7978515625 0.294921875 0.8330078125 0.3125 0.8525390625 0.328125 0.85546875 0.3271484375 0.8818359375 0.318359375 0.904296875 0.2958984375 0.91015625 0.2802734375 0.908203125 0.2548828125
3 0.8671875 0.3837890625 0.8671875 0.3583984375 0.86328125 0.3466796875 0.859375 0.3388671875 0.8388671875 0.3203125 0.7978515625 0.298828125 0.7861328125 0.302734375 0.7607421875 0.30078125 0.7431640625 0.306640625 0.7216796875 0.3203125 0.70703125 0.3369140625 0.69921875 0.3564453125 0.701171875 0.3896484375 0.7109375 0.4072265625 0.7373046875 0.4296875 0.7705078125 0.44140625 0.802734375 0.4404296875 0.8251953125 0.43359375 0.8388671875 0.42578125 0.859375 0.4033203125 0.8671875 0.3837890625
3 0.3359375 0.6572265625 0.330078125 0.6279296875 0.310546875 0.5947265625 0.2919921875 0.58203125 0.2802734375 0.578125 0.2626953125 0.578125 0.2431640625 0.5859375 0.228515625 0.5986328125 0.216796875 0.6162109375 0.212890625 0.6298828125 0.19921875 0.6435546875 0.1953125 0.6611328125 0.197265625 0.6669921875 0.208984375 0.6787109375 0.2109375 0.7060546875 0.22265625 0.7158203125 0.232421875 0.7294921875 0.2490234375 0.7421875 0.275390625 0.7470703125 0.3017578125 0.73828125 0.318359375 0.7216796875 0.330078125 0.6982421875 0.3359375 0.6572265625
3 0.46875 0.6923828125 0.470703125 0.6767578125 0.4609375 0.6630859375 0.466796875 0.6494140625 0.46484375 0.6318359375 0.4462890625 0.619140625 0.4228515625 0.595703125 0.3974609375 0.58984375 0.3759765625 0.59765625 0.359375 0.6162109375 0.34765625 0.6435546875 0.345703125 0.6728515625 0.34765625 0.6865234375 0.36328125 0.7255859375 0.3916015625 0.7421875 0.40625 0.7412109375 0.4248046875 0.734375 0.4501953125 0.705078125 0.4619140625 0.69921875 0.46875 0.6923828125
3 0.4296875 0.7978515625 0.4296875 0.7666015625 0.419921875 0.7353515625 0.41015625 0.7216796875 0.3798828125 0.703125 0.3701171875 0.703125 0.3427734375 0.71484375 0.3212890625 0.740234375 0.3125 0.7431640625 0.30859375 0.7490234375 0.3125 0.7763671875 0.30078125 0.7861328125 0.298828125 0.7998046875 0.302734375 0.8076171875 0.318359375 0.8212890625 0.32421875 0.8349609375 0.3369140625 0.8515625 0.3603515625 0.86328125 0.380859375 0.8623046875 0.3916015625 0.859375 0.4033203125 0.8515625 0.419921875 0.8291015625 0.4296875 0.7978515625
3 0.2763671875 0.88671875 0.287109375 0.8720703125 0.287109375 0.8623046875 0.279296875 0.8505859375 0.28125 0.8408203125 0.2890625 0.8330078125 0.287109375 0.8115234375 0.26953125 0.7958984375 0.26953125 0.7919921875 0.2548828125 0.7734375 0.2373046875 0.76171875 0.2294921875 0.759765625 0.1982421875 0.76171875 0.18359375 0.7724609375 0.181640625 0.7861328125 0.185546875 0.8017578125 0.177734375 0.8115234375 0.173828125 0.8271484375 0.158203125 0.8447265625 0.150390625 0.8603515625 0.158203125 0.8876953125 0.1806640625 0.9140625 0.1962890625 0.921875 0.21484375 0.9228515625 0.2333984375 0.919921875 0.2431640625 0.9140625 0.2666015625 0.890625 0.2763671875 0.88671875
3 0.1484375 0.8310546875 0.15234375 0.8134765625 0.162109375 0.7939453125 0.1728515625 0.787109375 0.1796875 0.7763671875 0.17578125 0.7490234375 0.16015625 0.7216796875 0.1416015625 0.705078125 0.1103515625 0.6953125 0.0810546875 0.701171875 0.0546875 0.7197265625 0.0390625 0.7431640625 0.029296875 0.7783203125 0.029296875 0.8017578125 0.033203125 0.8173828125 0.046875 0.8466796875 0.0712890625 0.869140625 0.0908203125 0.876953125 0.107421875 0.8779296875 0.1298828125 0.873046875 0.146484375 0.8603515625 0.150390625 0.8505859375 0.1484375 0.8310546875
3 0.7392578125 0.86328125 0.73828125 0.8525390625 0.744140625 0.8388671875 0.765625 0.8251953125 0.76953125 0.7998046875 0.775390625 0.7861328125 0.7802734375 0.78125 0.7880859375 0.78125 0.794921875 0.7763671875 0.7822265625 0.767578125 0.7509765625 0.767578125 0.7255859375 0.7734375 0.6650390625 0.775390625 0.6591796875 0.771484375 0.6259765625 0.771484375 0.5791015625 0.77734375 0.5517578125 0.787109375 0.544921875 0.7958984375 0.5390625 0.8232421875 0.5302734375 0.83203125 0.515625 0.8349609375 0.5166015625 0.841796875 0.5322265625 0.84375 0.546875 0.8505859375 0.55078125 0.8779296875 0.5595703125 0.890625 0.6162109375 0.900390625 0.65625 0.8994140625 0.7646484375 0.87890625 0.765625 0.8701171875 0.7568359375 0.865234375 0.7392578125 0.86328125
3 0.6865234375 0.7734375 0.7314453125 0.771484375 0.7548828125 0.765625 0.7783203125 0.765625 0.787109375 0.7548828125 0.7890625 0.7392578125 0.798828125 0.7353515625 0.798828125 0.7275390625 0.7890625 0.7216796875 0.78515625 0.7001953125 0.7724609375 0.6875 0.5751953125 0.6953125 0.5625 0.7099609375 0.560546875 0.7353515625 0.5537109375 0.736328125 0.548828125 0.7470703125 0.5517578125 0.75 0.5625 0.7509765625 0.56640625 0.7685546875 0.5732421875 0.775390625 0.583984375 0.7744140625 0.6376953125 0.767578125 0.6572265625 0.767578125 0.6669921875 0.7734375 0.6865234375 0.7734375
3 0.96484375 0.8701171875 0.962890625 0.8662109375 0.9697265625 0.86328125 0.9912109375 0.865234375 0.994140625 0.8525390625 0.9833984375 0.833984375 0.9677734375 0.83203125 0.96484375 0.8291015625 0.95703125 0.7900390625 0.9482421875 0.78125 0.7861328125 0.78125 0.7802734375 0.783203125 0.7734375 0.7919921875 0.765625 0.8310546875 0.7509765625 0.8359375 0.7421875 0.8466796875 0.740234375 0.8564453125 0.7451171875 0.86328125 0.7626953125 0.86328125 0.767578125 0.8662109375 0.775390625 0.9091796875 0.7841796875 0.91796875 0.947265625 0.9189453125 0.955078125 0.9130859375 0.95703125 0.9072265625 0.9609375 0.8759765625 0.96484375 0.8701171875