3 0.47693481406249993 0.0791015625 0.478889465625 0.0732421875 0.47498016249999997 0.0634765625 0.45836563124999996 0.05078125 0.43490982031250003 0.04296875 0.3782249453125 0.015625 0.35867843593750004 0.0078125 0.341086578125 0.005859375 0.2941749578125 0.021484375 0.23162612968750002 0.048828125 0.1338935859375 0.08203125 0.10652847343750001 0.09375 0.0996871953125 0.1005859375 0.09773254375 0.1083984375 0.0996871953125 0.1181640625 0.1290069578125 0.1455078125 0.1309616078125 0.1513671875 0.1417121890625 0.162109375 0.172986603125 0.1796875 0.20817031875 0.205078125 0.21989822343749998 0.2109375 0.23455810625 0.2099609375 0.44272842343749996 0.111328125 0.45445632968750005 0.091796875 0.4622749328125 0.08984375 0.47693481406249993 0.0791015625
3 0.880570221875 0.1640625 0.8962074281250001 0.16015625 0.9607109078124999 0.12890625 0.9655975343750001 0.1181640625 0.9695068359375 0.0947265625 0.98905334375 0.0810546875 0.9870986937499999 0.0654296875 0.9704841609375 0.052734375 0.87470626875 0.01171875 0.857114409375 0.0078125 0.632329559375 0.08984375 0.5863952640625001 0.1103515625 0.5824859625000001 0.1181640625 0.5824859625000001 0.1318359375 0.609851075 0.1552734375 0.6206016546875001 0.1796875 0.6636039734375 0.20703125 0.6987876890625 0.234375 0.70856094375 0.23828125 0.7193115234375 0.2373046875 0.7554725640625 0.224609375 0.8082481375 0.197265625 0.827794646875 0.19140625 0.880570221875 0.1640625
3 0.187646484375 0.2607421875 0.18275985625 0.251953125 0.0576622 0.224609375 0.010750579687500001 0.25 0.0039093015625 0.2568359375 0.0039093015625 0.2607421875 0.0244331359375 0.283203125 0.1241203296875 0.326171875 0.1407348625 0.3291015625 0.15148544218749999 0.31640625 0.160281371875 0.3115234375 0.166145325 0.3017578125 0.187646484375 0.2607421875
3 0.68021850625 0.2666015625 0.68021850625 0.2529296875 0.673377228125 0.236328125 0.6245109546875 0.232421875 0.6206016546875001 0.234375 0.5248237609374999 0.232421875 0.519937134375 0.2353515625 0.51602783125 0.2509765625 0.521891784375 0.2626953125 0.51407318125 0.2880859375 0.5101638796875 0.2919921875 0.5121185296874999 0.2958984375 0.5082092281249999 0.3056640625 0.5082092281249999 0.3212890625 0.51309585625 0.326171875 0.6567626953125 0.3271484375 0.6811958312499999 0.326171875 0.688037109375 0.3212890625 0.688037109375 0.3037109375 0.68021850625 0.2666015625
3 0.0801406859375 0.4677734375 0.0752540578125 0.4609375 0.049843596875 0.4609375 0.04007034375 0.46875 0.022478484375 0.470703125 0.0097732546875 0.4794921875 0.007818603125 0.4873046875 0.0117279046875 0.5126953125 0.043002318750000004 0.5224609375 0.04202499375 0.52734375 0.0185691828125 0.529296875 0.0117279046875 0.5361328125 0.0097732546875 0.5419921875 0.0117279046875 0.5966796875 0.020523834375 0.603515625 0.043979645312499996 0.609375 0.049843596875 0.6171875 0.054730225 0.6162109375 0.07720870937499999 0.60546875 0.0820953375 0.5947265625 0.0820953375 0.4814453125 0.0801406859375 0.4677734375
3 0.202306365625 0.4609375 0.1788505546875 0.4609375 0.1710319515625 0.46875 0.1358482359375 0.47265625 0.1260749828125 0.4765625 0.1211883546875 0.4833984375 0.1211883546875 0.5087890625 0.1260749828125 0.517578125 0.172009278125 0.5244140625 0.172009278125 0.5302734375 0.16712264999999998 0.533203125 0.1358482359375 0.53515625 0.12509765625 0.5400390625 0.12314300625 0.5458984375 0.12509765625 0.6064453125 0.13193893437499998 0.61328125 0.174941253125 0.62109375 0.18080520625000002 0.62890625 0.185691834375 0.6279296875 0.20817031875 0.6171875 0.21305694687500001 0.6083984375 0.2111022953125 0.4697265625 0.202306365625 0.4609375
3 0.2697418203125 0.4658203125 0.2677871703125 0.5244140625 0.2697418203125 0.6103515625 0.2765830984375 0.619140625 0.29222030625 0.625 0.297106934375 0.6240234375 0.297106934375 0.4521484375 0.2941749578125 0.451171875 0.2746284484375 0.458984375 0.2697418203125 0.4658203125
3 0.48279876718750003 0.4345703125 0.4720481875 0.42578125 0.4368644703125 0.421875 0.43100051875 0.431640625 0.4192726140625 0.431640625 0.3782249453125 0.44140625 0.3694290171875 0.4501953125 0.367474365625 0.4560546875 0.3694290171875 0.6142578125 0.37627029375 0.625 0.4329551703125 0.63671875 0.4407737734375 0.646484375 0.4495697015625 0.6455078125 0.4818214421875 0.634765625 0.48670806874999994 0.6220703125 0.48475341875 0.4423828125 0.48279876718750003 0.4345703125
3 0.9577789296875 0.4716796875 0.9665748593749999 0.46484375 0.9802574156249999 0.4609375 0.9870986937499999 0.4560546875 0.9870986937499999 0.4521484375 0.9743934640624999 0.435546875 0.95875625625 0.427734375 0.9137992859375 0.41015625 0.8707969656250001 0.388671875 0.8395225515625 0.380859375 0.8082481375 0.380859375 0.7887016296875 0.38671875 0.7281074515625 0.396484375 0.70856094375 0.40234375 0.6968330375 0.40234375 0.657740021875 0.412109375 0.6460121156249999 0.412109375 0.59714584375 0.423828125 0.5306877125 0.43359375 0.5209144593749999 0.4375 0.5082092281249999 0.4521484375 0.5082092281249999 0.4580078125 0.535574340625 0.4794921875 0.5590301515625 0.5869140625 0.5697807312500001 0.59765625 0.632329559375 0.640625 0.65187606875 0.6484375 0.68021850625 0.6474609375 0.9235725406249999 0.5859375 0.93041381875 0.5791015625 0.9343231203125001 0.5693359375 0.9577789296875 0.4716796875
3 0.8522277828125 0.7880859375 0.87372894375 0.7763671875 0.8698196406250001 0.7607421875 0.8512504578125 0.72265625 0.82193069375 0.71484375 0.8043388374999999 0.716796875 0.5404609671875 0.71484375 0.5228691109375 0.71875 0.51407318125 0.7275390625 0.5062545765625 0.7744140625 0.5091865531249999 0.779296875 0.5238464359375 0.7880859375 0.5394836421875 0.8291015625 0.5521888734375 0.83984375 0.7740417484375001 0.8408203125 0.8180213937499999 0.83984375 0.8336586 0.833984375 0.840499878125 0.8251953125 0.8522277828125 0.7880859375
3 0.33717727656249996 0.826171875 0.42904586875 0.787109375 0.437841796875 0.7646484375 0.4564109796875 0.755859375 0.46325225937500003 0.7470703125 0.45543365468749997 0.7255859375 0.44272842343749996 0.716796875 0.4329551703125 0.71484375 0.3430412296875 0.673828125 0.3156761171875 0.671875 0.1338935859375 0.740234375 0.104573821875 0.751953125 0.0879592890625 0.7626953125 0.0860046390625 0.7724609375 0.0801406859375 0.7763671875 0.07720870937499999 0.783203125 0.10652847343750001 0.802734375 0.110437775 0.802734375 0.1338935859375 0.826171875 0.16125869843750001 0.83984375 0.1925331125 0.86328125 0.2140342703125 0.873046875 0.2267395015625 0.8720703125 0.255081940625 0.86328125 0.26290054375 0.857421875 0.32935867343749997 0.83203125 0.33717727656249996 0.826171875
3 0.1485534671875 0.8759765625 0.1378028875 0.8671875 0.118256378125 0.869140625 0.0987098703125 0.876953125 0.0166145328125 0.8984375 0.0097732546875 0.9033203125 0.005863953125 0.9189453125 0.01563720625 0.9541015625 0.0322517390625 0.953125 0.035183715625 0.9580078125 0.0254104609375 0.9755859375 0.0254104609375 0.9853515625 0.030297089062499998 0.990234375 0.046911621875 0.9912109375 0.174941253125 0.943359375 0.185691834375 0.9365234375 0.187646484375 0.9267578125 0.1485534671875 0.8759765625
3 0.9841667171875 0.9140625 0.9910079953125001 0.9072265625 0.9861213687499999 0.8984375 0.9196632375 0.869140625 0.894252778125 0.869140625 0.8707969656250001 0.873046875 0.8043388374999999 0.88671875 0.7456993109375001 0.89453125 0.7271301265625 0.9013671875 0.7232208250000001 0.9091796875 0.7427673343750001 0.9248046875 0.7505859375 0.9462890625 0.76329116875 0.958984375 0.7945655828125 0.98046875 0.813134765625 0.9814453125 0.95680160625 0.94921875 0.9636428828125 0.9423828125 0.9734161374999999 0.9169921875 0.9841667171875 0.9140625