3 0 0.25419463124999997 0.045511745312500004 0.25419463124999997 0.0769714765625 0.25 0.1440855703125 0.25 0.16086409375 0.24580536875 0.16610738281249998 0.238464765625 0.167156040625 0.109479865625 0.16820469843750002 0.024538590625000002 0.16610738281249998 0.014052014062500002 0.16086409375 0.008808725 0.1419882546875 0.0067114093750000004 0.0832634234375 0.010906040625 0.0748741609375 0.0067114093750000004 0.045511745312500004 0.008808725 0.0350251671875 0.00461409375 0 0.006136926562500001 0 0.25419463124999997
3 0 0.5183846265625001 0.1566694625 0.5142617453125 0.16610738281249998 0.504823825 0.167156040625 0.48699664374999996 0.16610738281249998 0.2888003359375 0.15247483281250002 0.27936241562499997 0.01824664375 0.2751677859375 0 0.27848535625 0 0.5183846265625001
3 0.3721802765625 0 0.2783137578125 0.031879195312500004 0.2730704703125 0.0371224828125 0.2730704703125 0.2195889265625 0.28250838906250003 0.2290268453125 0.372692953125 0.2604865765625 0.40834731562500004 0.2625838921875 0.41254194687499995 0.2583892625 0.4114932890625 0.0035654359375 0.40872017187500004 0 0.3721802765625 0
3 0.40834731562500004 0.5121644296875 0.43561241562499997 0.5121644296875 0.4429530203125 0.504823825 0.44400167812499997 0.491191275 0.4429530203125 0.2992869125 0.43770973125 0.2940436234375 0.4272231546875 0.291946309375 0.3118708046875 0.3003355703125 0.2888003359375 0.30662751718750003 0.2856543625 0.309773490625 0.2856543625 0.4964345640625 0.29509228125 0.5037751671875 0.37898489999999996 0.5058724828125001 0.40834731562500004 0.5121644296875
3 0.265310403125 1 0.42932047031250004 0.8645134234375 0.45134228125 0.8445889265625001 0.46497483281249996 0.8246644296874999 0.463926175 0.8047399328125 0.4544882546875 0.7932046984375 0.2552432890625 0.6505872484374999 0.17554530156249998 0.5897650999999999 0.1294043625 0.560402684375 0.11682047031250001 0.564597315625 0.10318791875 0.578229865625 0.0612416109375 0.6348573828124999 0 0.709708240625 0 0.8456486218749999 0.0570469796875 0.9117030203125 0.1241610734375 0.9955956374999999 0.1285654359375 1 0.265310403125 1
3 0.703020134375 0.32445469843749997 0.70092281875 0.2762164421875 0.72818791875 0.230075503125 0.7732802015625 0.1283557046875 0.7732802015625 0.11786912812499999 0.7648909390624999 0.11786912812499999 0.7575503359375 0.127307046875 0.70092281875 0.234270134375 0.6925335578125 0.265729865625 0.6841442953125 0.28250838906250003 0.631711409375 0.3580117453125 0.62961409375 0.36640100625 0.645343959375 0.382130871875 0.65163590625 0.382130871875 0.6726090609375001 0.3653523484375 0.6988255031249999 0.334941275 0.703020134375 0.32445469843749997
3 0.6568791953125 0.26153523437500004 0.6568791953125 0.2132969796875 0.694630871875 0.1503775171875 0.7292365765625 0.07592281875 0.7302852343749999 0.06858221406250001 0.720847315625 0.06543624218750001 0.6778523484375001 0.1398909390625 0.6526845640625 0.192323825 0.6442953015625 0.21749161093749997 0.6285654359375 0.2248322140625 0.6065436234375 0.24895134218749998 0.596057046875 0.2783137578125 0.5992030203125001 0.3003355703125 0.6117869125000001 0.3024328859375 0.6306627515625001 0.291946309375 0.6568791953125 0.26153523437500004
3 0.752307046875 0.4114932890625 0.7774748328125 0.39890939531249997 0.7932046984375 0.3831795296875 0.8005453015624999 0.3569630875 0.801593959375 0.3265520140625 0.7753775171874999 0.3024328859375 0.7386744968750001 0.399958053125 0.703020134375 0.4502936234375 0.671560403125 0.5132130874999999 0.6694630874999999 0.5278942953125 0.6726090609375001 0.53104026875 0.676803690625 0.53104026875 0.6841442953125 0.5236996640625 0.7156040265625 0.475461409375 0.7386744968750001 0.4251258390625 0.752307046875 0.4114932890625
3 0.6904362421875 0.43561241562499997 0.6862416109375 0.40625 0.734479865625 0.337038590625 0.7669882546875 0.27936241562499997 0.7680369125000001 0.2720218125 0.760696309375 0.2667785234375 0.7386744968750001 0.2929949671875 0.70511745 0.34333053750000003 0.67365771875 0.40415268437499996 0.6600251671875 0.40520134218750004 0.640100671875 0.42302852343749997 0.6275167781250001 0.44609899375 0.623322146875 0.4628775171875 0.623322146875 0.475461409375 0.6285654359375 0.48489932812500003 0.645343959375 0.48699664374999996 0.657927853125 0.48070469843749997 0.6820469796874999 0.4565855703125 0.6904362421875 0.43561241562499997
3 0.833170209375 0 0.8288590609375 0.0077600671875 0.84354026875 0.127307046875 0.8498322140625 0.158766778125 0.8624161078125001 0.19651845625 0.8582214765625 0.2720218125 0.868708053125 0.3538171140625 0.8718540265625 0.3569630875 0.8781459734375 0.348573825 0.88443791875 0.3569630875 0.89282718125 0.348573825 0.8970218125 0.354865771875 0.9054110734374999 0.348573825 0.9138003359375 0.35276845625000003 0.9190436234374999 0.33913590625 0.92009228125 0.321308725 0.9190436234374999 0.25943791875 0.9085570468749999 0.23636745 0.8938758390625001 0.22168624218750002 0.8833892625 0.20490771875 0.8791946312500001 0.192323825 0.8729026843750001 0.1294043625 0.8498322140625 0.022441275 0.84354026875 0.0014681203125000001 0.8391359062499999 0 0.833170209375 0
3 0.8278104031250001 0.348573825 0.8351510062499999 0.34333053750000003 0.8456375843749999 0.32445469843749997 0.850880871875 0.2982382546875 0.8498322140625 0.2510486578125 0.8403942953125 0.23741610781250003 0.8162751671875 0.21749161093749997 0.809983221875 0.20490771875 0.805788590625 0.1440855703125 0.7911073828124999 0.0664849 0.7827181203125 0.0350251671875 0.7732802015625 0.031879195312500004 0.770134228125 0.0350251671875 0.770134228125 0.0580956375 0.7827181203125 0.1503775171875 0.7890100671875 0.1818372484375 0.803691275 0.225880871875 0.803691275 0.24056208125 0.797399328125 0.2510486578125 0.7932046984375 0.26782718125 0.7932046984375 0.2992869125 0.803691275 0.33074664375 0.815226509375 0.3443791953125 0.8278104031250001 0.348573825
3 0.6820469796874999 0.7418204703125 0.6820469796874999 0.7145553687499999 0.6862416109375 0.6998741609375 0.689387584375 0.661073825 0.6883389265625001 0.64324664375 0.6757550328125 0.6264681203125 0.6694630874999999 0.6033976515624999 0.641149328125 0.5834731546875 0.6285654359375 0.5792785234375 0.618078859375 0.5897650999999999 0.5981543625 0.6013003359375 0.5897650999999999 0.6327600671875 0.5771812078125 0.7774748328125 0.59395973125 0.8278104031250001 0.60759228125 0.837248321875 0.6306627515625001 0.8624161078125001 0.63800335625 0.855075503125 0.6442953015625 0.8278104031250001 0.6558305375 0.8225671140624999 0.66526845625 0.8110318796874999 0.671560403125 0.78586409375 0.671560403125 0.7711828859375001 0.6820469796874999 0.7418204703125
3 0.760696309375 0.7407718125 0.7648909390624999 0.7407718125 0.776426175 0.7334312078125 0.7816694625 0.5981543625 0.7806208046875 0.586619128125 0.7512583890625 0.5551593953125 0.7491610734374999 0.54467281875 0.7418204703125 0.5352349000000001 0.7334312078125 0.5373322140625 0.720847315625 0.5499161078125 0.6935822140625 0.560402684375 0.66526845625 0.5908137578125 0.663171140625 0.5992030203125001 0.671560403125 0.609689596875 0.67365771875 0.6264681203125 0.6883389265625001 0.649538590625 0.6799496640625 0.748112415625 0.6694630874999999 0.7816694625 0.6694630874999999 0.796350671875 0.6726090609375001 0.79949664375 0.680998321875 0.79949664375 0.694630871875 0.779572146875 0.7397231546875 0.734479865625 0.752307046875 0.73238255 0.760696309375 0.7407718125
3 0.9207853078125 1 0.9190436234374999 0.959941275 0.9022650999999999 0.8341023484375001 0.8708053687499999 0.7082634234375 0.85717281875 0.6883389265625001 0.8424916109374999 0.6862416109375 0.7753775171874999 0.7407718125 0.7669882546875 0.742869128125 0.7617449671875 0.75020973125 0.76384228125 0.7627936234375 0.770134228125 0.7711828859375001 0.77223154375 0.7816694625 0.776426175 0.7837667781250001 0.7816694625 0.8162751671875 0.7837667781250001 0.7932046984375 0.7869127515625001 0.8026426171875001 0.7890100671875 0.8341023484375001 0.7953020140625 0.8466862421875 0.7953020140625 0.863464765625 0.803691275 0.8970218125 0.803691275 0.9179949671875001 0.8078859062499999 0.934773490625 0.809983221875 0.9767197984375 0.805788590625 0.989303690625 0.797766359375 1 0.9207853078125 1
3 0.8301090609375 1 0.8309563765625001 0.9788171140624999 0.8078859062499999 0.8278104031250001 0.803691275 0.7690855703125 0.792156040625 0.7512583890625 0.7732802015625 0.7680369125000001 0.7690855703125 0.7680369125000001 0.76384228125 0.7627936234375 0.7617449671875 0.748112415625 0.7575503359375 0.7418204703125 0.75020973125 0.734479865625 0.7439177859375 0.734479865625 0.6988255031249999 0.7774748328125 0.6778523484375001 0.8068372484375 0.6694630874999999 0.8257130874999999 0.6778523484375001 0.9683305375 0.6820469796874999 0.9955956374999999 0.6840044734374999 1 0.8301090609375 1