3 0.2265625 0.4091796875 0.2421875 0.3974609375 0.2421875 0.3896484375 0.23046875 0.3525390625 0.2197265625 0.345703125 0.212890625 0.3486328125 0.205078125 0.3837890625 0.1962890625 0.390625 0.0302734375 0.392578125 0.01953125 0.3857421875 0.009765625 0.3525390625 0.0009765625 0.349609375 0 0.4287109375 0.009765625 0.4599609375 0.0166015625 0.466796875 0.0263671875 0.46875 0.07421875 0.4677734375 0.2021484375 0.466796875 0.2119140625 0.462890625 0.216796875 0.4560546875 0.2265625 0.4091796875
3 0 0.3369140625 0.0078125 0.3427734375 0.01953125 0.3857421875 0.0244140625 0.390625 0.146484375 0.3916015625 0.1943359375 0.390625 0.203125 0.3857421875 0.21484375 0.3408203125 0.228515625 0.3291015625 0.220703125 0.2939453125 0.2158203125 0.287109375 0.2109375 0.2880859375 0.205078125 0.3134765625 0.1962890625 0.3203125 0.1826171875 0.322265625 0.0302734375 0.322265625 0.021484375 0.3173828125 0.015625 0.2939453125 0.0107421875 0.2890625 0.0078125 0.2900390625 0 0.3056640625 0 0.3369140625
3 0 0.2666015625 0.0078125 0.2724609375 0.013671875 0.2861328125 0.017578125 0.3076171875 0.0263671875 0.3203125 0.15234375 0.3212890625 0.1962890625 0.3203125 0.205078125 0.3134765625 0.21484375 0.2724609375 0.228515625 0.2607421875 0.228515625 0.2490234375 0.2177734375 0.216796875 0.2021484375 0.212890625 0.197265625 0.2216796875 0.193359375 0.2412109375 0.1845703125 0.248046875 0.0888671875 0.25 0.0341796875 0.248046875 0.025390625 0.2373046875 0.021484375 0.2197265625 0.0185546875 0.216796875 0.0078125 0.2197265625 0 0.2392578125 0 0.2666015625
3 0.20703125 0.1611328125 0.2021484375 0.154296875 0.1923828125 0.150390625 0.0888671875 0.150390625 0.0263671875 0.15234375 0.015625 0.1591796875 0.005859375 0.1865234375 0.005859375 0.1982421875 0.015625 0.2041015625 0.025390625 0.2353515625 0.0322265625 0.24609375 0.181640625 0.2470703125 0.193359375 0.2392578125 0.201171875 0.2060546875 0.21484375 0.1904296875 0.20703125 0.1611328125
3 0.5 0.3974609375 0.5 0.3701171875 0.494140625 0.3525390625 0.4853515625 0.345703125 0.4775390625 0.345703125 0.46875 0.3779296875 0.4521484375 0.38671875 0.3173828125 0.388671875 0.3037109375 0.3828125 0.296875 0.3759765625 0.2880859375 0.34765625 0.2763671875 0.349609375 0.26953125 0.3623046875 0.263671875 0.3955078125 0.27734375 0.4091796875 0.29296875 0.4658203125 0.3017578125 0.47265625 0.3115234375 0.474609375 0.388671875 0.4736328125 0.4638671875 0.47265625 0.4765625 0.4658203125 0.4921875 0.4052734375 0.5 0.3974609375
3 0.49609375 0.3115234375 0.49609375 0.3017578125 0.4814453125 0.267578125 0.4716796875 0.263671875 0.4658203125 0.265625 0.458984375 0.2822265625 0.45703125 0.2978515625 0.4521484375 0.302734375 0.4345703125 0.306640625 0.3193359375 0.306640625 0.306640625 0.2998046875 0.298828125 0.2724609375 0.2939453125 0.265625 0.28125 0.2705078125 0.271484375 0.3017578125 0.271484375 0.3134765625 0.283203125 0.3212890625 0.298828125 0.3779296875 0.3037109375 0.3828125 0.3251953125 0.388671875 0.375 0.3876953125 0.4541015625 0.384765625 0.46875 0.3759765625 0.484375 0.3193359375 0.49609375 0.3115234375
3 0.48046875 0.2392578125 0.47265625 0.2119140625 0.4658203125 0.201171875 0.4521484375 0.19921875 0.447265625 0.2060546875 0.44140625 0.2314453125 0.4267578125 0.236328125 0.3251953125 0.236328125 0.314453125 0.2275390625 0.3056640625 0.201171875 0.2978515625 0.201171875 0.2890625 0.2080078125 0.28125 0.2392578125 0.29296875 0.2490234375 0.3046875 0.2958984375 0.3115234375 0.302734375 0.3232421875 0.306640625 0.392578125 0.3056640625 0.4443359375 0.3046875 0.455078125 0.2978515625 0.46875 0.2490234375 0.48046875 0.2392578125
3 0.462890625 0.1787109375 0.455078125 0.1533203125 0.4501953125 0.1484375 0.4384765625 0.14453125 0.3818359375 0.14453125 0.3115234375 0.146484375 0.302734375 0.1513671875 0.296875 0.1689453125 0.296875 0.1826171875 0.3046875 0.1884765625 0.314453125 0.2255859375 0.3212890625 0.234375 0.421875 0.2353515625 0.4345703125 0.234375 0.44140625 0.2294921875 0.453125 0.1865234375 0.462890625 0.1787109375
3 0.6357421875 0.2109375 0.642578125 0.2333984375 0.642578125 0.2587890625 0.6474609375 0.263671875 0.6845703125 0.259765625 0.689453125 0.2509765625 0.697265625 0.2080078125 0.705078125 0.2001953125 0.705078125 0.1962890625 0.6982421875 0.19140625 0.6689453125 0.18359375 0.5126953125 0.1953125 0.509765625 0.1982421875 0.51171875 0.2138671875 0.525390625 0.2197265625 0.541015625 0.2724609375 0.5458984375 0.27734375 0.560546875 0.2763671875 0.6240234375 0.267578125 0.626953125 0.2646484375 0.6328125 0.2158203125 0.6357421875 0.2109375
3 0.953125 0.3740234375 0.95703125 0.3662109375 0.9609375 0.3310546875 0.96484375 0.3232421875 0.9765625 0.2490234375 0.982421875 0.2314453125 0.982421875 0.1982421875 0.9765625 0.1884765625 0.9677734375 0.1796875 0.9462890625 0.171875 0.9033203125 0.171875 0.8857421875 0.16796875 0.8330078125 0.16796875 0.7822265625 0.1640625 0.7236328125 0.166015625 0.7109375 0.1806640625 0.703125 0.2216796875 0.69921875 0.2294921875 0.697265625 0.2548828125 0.685546875 0.3056640625 0.6875 0.3310546875 0.7060546875 0.345703125 0.8955078125 0.41796875 0.927734375 0.4189453125 0.9384765625 0.412109375 0.9453125 0.4033203125 0.951171875 0.3916015625 0.953125 0.3740234375
3 0.46875 0.6162109375 0.4541015625 0.603515625 0.3388671875 0.6015625 0.3310546875 0.60546875 0.3203125 0.6220703125 0.3203125 0.7998046875 0.3291015625 0.806640625 0.3759765625 0.80859375 0.3955078125 0.81640625 0.453125 0.8193359375 0.4619140625 0.81640625 0.47265625 0.8017578125 0.47265625 0.6376953125 0.46875 0.6162109375
3 0.3056640625 0.611328125 0.2978515625 0.607421875 0.1962890625 0.60546875 0.1845703125 0.609375 0.17578125 0.6220703125 0.173828125 0.7998046875 0.1787109375 0.8046875 0.30859375 0.8056640625 0.314453125 0.8017578125 0.31640625 0.7939453125 0.314453125 0.6220703125 0.3056640625 0.611328125
3 0.173828125 0.6220703125 0.1611328125 0.60546875 0.1513671875 0.6015625 0.0439453125 0.599609375 0.0341796875 0.603515625 0.025390625 0.6123046875 0.021484375 0.6259765625 0.015625 0.7958984375 0.01953125 0.8056640625 0.0263671875 0.8125 0.0361328125 0.81640625 0.107421875 0.8154296875 0.1240234375 0.806640625 0.1630859375 0.8046875 0.169921875 0.7978515625 0.173828125 0.6220703125
3 0.3984375 0.8271484375 0.3857421875 0.814453125 0.3701171875 0.810546875 0.2158203125 0.806640625 0.1240234375 0.80859375 0.1123046875 0.814453125 0.068359375 0.8603515625 0.064453125 0.8681640625 0.064453125 0.8818359375 0.0693359375 0.88671875 0.0908203125 0.892578125 0.2255859375 0.892578125 0.41015625 0.8974609375 0.4267578125 0.89453125 0.43359375 0.8876953125 0.431640625 0.8720703125 0.3984375 0.8271484375
3 0.9833984375 0.75 0.9921875 0.7412109375 0.990234375 0.7314453125 0.951171875 0.7158203125 0.943359375 0.6865234375 0.927734375 0.6591796875 0.9208984375 0.65234375 0.8974609375 0.63671875 0.8349609375 0.619140625 0.8095703125 0.619140625 0.7861328125 0.626953125 0.7744140625 0.626953125 0.7060546875 0.642578125 0.6826171875 0.64453125 0.6533203125 0.65234375 0.6162109375 0.654296875 0.5888671875 0.662109375 0.56640625 0.6845703125 0.5498046875 0.71875 0.513671875 0.7294921875 0.515625 0.7529296875 0.5380859375 0.76953125 0.5732421875 0.7890625 0.58984375 0.8173828125 0.6044921875 0.83203125 0.6767578125 0.87890625 0.7099609375 0.8828125 0.728515625 0.8818359375 0.8974609375 0.810546875 0.91015625 0.7978515625 0.9228515625 0.7734375 0.9833984375 0.75