3 1 0.9355501687500001 0.9997892078125 0.9354974703125001 0.907040471875 0.9354974703125001 0.8922849921875 0.9502529515625 0.8817453625 0.948145025 0.8712057328125 0.9354974703125001 0.8258853281249999 0.9365514328125 0.8185075890625001 0.937605396875 0.8079679593750001 0.9502529515625 0.7953204046875 0.954468803125 0.792158515625 0.9639544687500001 0.8069139968749999 0.9829258015625 0.8250229953125 1 0.9985244515625 1 1 0.9985244515625 1 0.9355501687500001
3 1 0.639388884375 0.9744940984375001 0.6382799328125001 0.8069139968749999 0.6393338953125001 0.792158515625 0.6477655984374999 0.790050590625 0.6730607078124999 0.792158515625 0.6878161890625 0.7963743671875 0.694139965625 0.7942664421875001 0.70257166875 0.79848229375 0.708895446875 0.8090219218750001 0.78267285 0.8153457 0.8016441828125 0.822723440625 0.8090219218750001 0.83115514375 0.8132377734375 1 0.8132377734375 1 0.639388884375
3 0.7584317031250001 0.8712057328125 0.76475548125 0.7805649234375001 0.7531618890625 0.7710792578125 0.682546375 0.7700252953125 0.5318296796875 0.7710792578125 0.52129005 0.773187184375 0.5139123109375 0.7805649234375001 0.5286677906249999 0.86698988125 0.5328836421875 0.921795953125 0.53499156875 0.9323355812499999 0.5423693093749999 0.939713321875 0.742622259375 0.939713321875 0.7478920734375001 0.9344435078125001 0.7584317031250001 0.8712057328125
3 0.7194350765624999 0.674114671875 0.7489460375 0.6551433390625 0.759485665625 0.642495784375 0.775295109375 0.63511804375 0.775295109375 0.6245784140625 0.7721332203125 0.6214165265625 0.7531618890625 0.6214165265625 0.7478920734375001 0.6034991562500001 0.7362984828125 0.5961214171875 0.692032040625 0.5961214171875 0.6730607078124999 0.608768971875 0.6625210796875 0.6066610453125 0.65198145 0.5982293421875 0.6393338953125001 0.5961214171875 0.60244519375 0.5971753796875 0.5486930859375 0.5982293421875 0.53709949375 0.609822934375 0.5339376046875 0.6235244515625 0.5170741984375 0.6235244515625 0.511804384375 0.6287942671875 0.5139123109375 0.6372259703125 0.5255059015625 0.6403878578125 0.5339376046875 0.6530354125 0.576096121875 0.674114671875 0.7194350765624999 0.674114671875
3 0.5094910484375 1 0.5075885328124999 0.5529089375 0.4580522765625 0.5139123109375 0.151349071875 0.5149662734375 0.1355396296875 0.5202360875 0.1271079265625 0.5286677906249999 0.0933811125 0.5455311968750001 0 0.6064319234375 0 1 0.5094910484375 1
3 1 0.2644603703125 0.987141653125 0.2567453625 0.888069140625 0.216694771875 0.8764755484375 0.20720910625000002 0.86593591875 0.1903457 0.8522344015625001 0.1766441828125 0.8248313656249999 0.1703204046875 0.8090219218750001 0.17137436718750002 0.7932124796875 0.17242833125 0.784780775 0.1766441828125 0.7816188875 0.181913996875 0.7816188875 0.1966694765625 0.8185075890625001 0.19983136562499998 0.8438026984375 0.20615514375 0.915472175 0.2440978078125 0.9597386171875 0.2588532890625 0.97870995 0.26939291718749997 1 0.2721698796875 1 0.2644603703125
3 0.6119308593749999 0.47175379375000004 0.6150927484375 0.46859190625 0.6150927484375 0.4580522765625 0.6182546375 0.4569983140625 0.6224704890625 0.47175379375000004 0.6256323781249999 0.46859190625 0.6256323781249999 0.4517284984375 0.6287942671875 0.446458684375 0.63301011875 0.46964586875 0.63617200625 0.46859190625 0.6382799328125001 0.46016020312499994 0.6382799328125001 0.388490725 0.6214165265625 0.346332209375 0.6235244515625 0.27466273124999996 0.6193086 0.20931703281249997 0.6172006750000001 0.19245362500000002 0.6119308593749999 0.1871838109375 0.608768971875 0.18823777343749998 0.6045531203125 0.1966694765625 0.60244519375 0.27466273124999996 0.6066610453125 0.3505480609375 0.5919055656250001 0.38638279999999997 0.5919055656250001 0.428541315625 0.5982293421875 0.46859190625 0.60244519375 0.47069983125 0.6056070828125 0.4422428328125 0.608768971875 0.46859190625 0.6119308593749999 0.47175379375000004
3 1 0.052843065625 0.9744940984375001 0.0480607078125 0.937605396875 0.049114671875 0.9028246203125001 0.067032040625 0.888069140625 0.0712478921875 0.86698988125 0.0712478921875 0.850126475 0.067032040625 0.7552698140625 0.069139965625 0.7215430015625001 0.0733558171875 0.7183811125 0.0807335578125 0.7299747046875 0.0860033734375 0.8142917375 0.090219225 0.907040471875 0.0860033734375 0.9323355812499999 0.0944350765625 0.9913575046875 0.0965430015625 1 0.09846355625 1 0.052843065625
3 0.555040284375 0 0.5855817875 0.034359190625 0.5876897140625 0.0406829671875 0.608768971875 0.05965430000000001 0.63617200625 0.10813659375 0.661467115625 0.14397133281250002 0.6709527828125 0.151349071875 0.6783305234375 0.14397133281250002 0.674114671875 0.1355396296875 0.6488195609375 0.0954890390625 0.6235244515625 0.0638701515625 0.6193086 0.0533305234375 0.6193086 0.030143339062500003 0.6129848234375 0.0132799328125 0.599704890625 0 0.555040284375 0
3 0.295741990625 0.4232715015625 0.331576728125 0.41483979687500006 0.3410623953125 0.4095699828125 0.3663575046875 0.348440134375 0.39376053906249997 0.33368465468749997 0.3905986515625 0.3263069140625 0.3663575046875 0.323145025 0.3516020234375 0.266231028125 0.3442242828125 0.2567453625 0.1365935921875 0.257799325 0.1239460375 0.2767706578125 0.115514334375 0.3252529515625 0.099704890625 0.330522765625 0.0786256328125 0.3284148390625 0.07757166875 0.3357925796875 0.1134064078125 0.3505480609375 0.1365935921875 0.3990303546875 0.1460792578125 0.4106239453125 0.280986509375 0.4232715015625 0.295741990625 0.4232715015625
3 0.07967959531249999 0.1566188875 0.0881112984375 0.1966694765625 0.10075885312499999 0.23882799375000002 0.1060286671875 0.24620573281250002 0.1376475546875 0.2567453625 0.28731028593749997 0.2588532890625 0.3442242828125 0.2567453625 0.37057335625 0.2451517703125 0.38111298437499996 0.21985666093749998 0.39376053906249997 0.1524030359375 0.3990303546875 0.149241146875 0.4180016859375 0.149241146875 0.42432546406249994 0.14291736875 0.43908094374999995 0.14291736875 0.4422428328125 0.1376475546875 0.43908094374999995 0.134485665625 0.4011382796875 0.134485665625 0.397976390625 0.131323778125 0.3853288359375 0.08705733593750001 0.38111298437499996 0.057546375000000004 0.3747892078125 0.038575042187500005 0.3695193921875 0.033305228125 0.3189291734375 0.024873525 0.2841483984375 0.025927487500000002 0.10813659375 0.0311973015625 0.0944350765625 0.042790893749999996 0.0733558171875 0.125 0.06597807812499999 0.13237774062500002 0.0448988203125 0.134485665625 0.0480607078125 0.14397133281250002 0.0406829671875 0.149241146875 0.0322512640625 0.149241146875 0.0311973015625 0.1524030359375 0.07967959531249999 0.1566188875