3 0.536180896875 0 0.5226723078125 0.010312795312500001 0.5184744 0.020789984375 0.5205733546875 0.027076299999999998 0.5363155078124999 0.038601209375 0.5447113234375001 0.040696646875 0.5573050484375 0.06165102812499999 0.7808436453125001 0.1674706546875 0.7965858 0.1685183734375 0.8091795234375001 0.16223205937500002 0.8469606953125 0.1349913640625 0.8805439578125 0.1161324203125 0.8920882062500001 0.104607509375 0.8941871593749999 0.0983211953125 0.9256714687500001 0.0689850625 0.9277704234374999 0.0585078703125 0.9256714687500001 0.050126118750000004 0.9183251296874999 0.0427920859375 0.8889397750000001 0.03021945625 0.7999098906250001 0 0.536180896875 0
3 0 0 0 0.078133015625 0.001082246875 0.080509971875 0.070347728125 0.11403698124999999 0.087139359375 0.1182278578125 0.1438111171875 0.1475639921875 0.16480065625 0.15385030625 0.2214724140625 0.1831864390625 0.2603030625 0.1968067875 0.271847309375 0.19785450625 0.282342078125 0.19366363125 0.32012325 0.16432749687499998 0.3663002375 0.1349913640625 0.377844484375 0.10879838593749999 0.4072298390625 0.08365312968750001 0.4072298390625 0.0689850625 0.40303193125 0.060603309375000004 0.35370651406250003 0.038601209375 0.24783538906249997 0 0 0
3 1 0.198977165625 0.9707989796875 0.1831864390625 0.836465925 0.21252257343749997 0.831218540625 0.22195204531249998 0.8543070328125 0.26595624687499997 0.8606038953124999 0.27643343593749997 0.8700491890625001 0.28167203125 0.8815934359375 0.2952923796875 0.89943454375 0.2921492234375 1 0.24884071093750001 1 0.198977165625
3 0.293886325 0.268051684375 0.293886325 0.2869106265625 0.3012326640625 0.2921492234375 0.3274695890625 0.293196940625 0.48174270625000004 0.2921492234375 0.486990090625 0.2869106265625 0.486990090625 0.270147121875 0.48279218281249997 0.25966993125000004 0.4848911359375 0.2554790546875 0.480693228125 0.2512881796875 0.4722974125 0.2240474828125 0.478594275 0.2114748546875 0.4743963671875 0.19471135 0.46914898125000004 0.1915681921875 0.3663002375 0.19366363125 0.3621023296875 0.1915681921875 0.3096284796875 0.19575906875 0.302282140625 0.21357029375 0.302282140625 0.228238359375 0.293886325 0.268051684375
3 1 0.44625989062500004 0.9896895640625001 0.44511620625 0.97919479375 0.43673445468749994 0.9519083937499999 0.43673445468749994 0.9466610078125001 0.4440684859375 0.9445620546875 0.45873655312499995 0.9445620546875 0.5802719656249999 0.9498094390625 0.591796875 0.9739474093749999 0.6033217843750001 0.97919479375 0.6043695046875001 0.98549165625 0.5959877515625001 1 0.5923667406249999 1 0.509011734375 0.9875906109375 0.50797935 0.9865411328125001 0.5027407546875 1 0.498541903125 1 0.44625989062500004
3 0.8060310921875 0.446163925 0.8039321390625 0.59494003125 0.8091795234375001 0.6043695046875001 0.8333174937500001 0.6158944140625 0.8385648796874999 0.6169421328125 0.844861740625 0.6085603796875 0.891038728125 0.6001786265625 0.8983850671875 0.59284459375 0.9004840203125 0.5278860125 0.8983850671875 0.521599696875 0.8868408203125 0.5163611015625 0.8532575578125 0.5142656640625 0.8480101718749999 0.51112250625 0.8480101718749999 0.5048361921875 0.8973355890624999 0.49750215937500003 0.902582975 0.4880726875 0.902582975 0.46083199218750004 0.8973355890624999 0.4534979578125 0.8868408203125 0.4493070828125 0.84905965 0.44511620625 0.8406638328125 0.43673445468749994 0.8154763859375 0.43673445468749994 0.8060310921875 0.446163925
3 0.7378150890625 0.434639015625 0.71682555 0.42625726249999996 0.71367711875 0.42730498125 0.71367711875 0.6117035375000001 0.718924503125 0.6127512562499999 0.7357161343749999 0.6064649421875 0.7430624734375 0.5970354703125 0.7451614281250001 0.5048361921875 0.7430624734375 0.4419730484375 0.7378150890625 0.434639015625
3 0.5121775375000001 0.4168277921875 0.510078584375 0.6096080984375 0.51532596875 0.623228446875 0.549958709375 0.63475335625 0.5594040015624999 0.635801075 0.5677998171875 0.6253238859375 0.6286694828125 0.6127512562499999 0.6360158218749999 0.601226346875 0.638114775 0.4314958578125 0.6360158218749999 0.42520954375000003 0.626570528125 0.415780071875 0.5824924953124999 0.40530288125 0.5698987718749999 0.40530288125 0.5636019109375 0.394825690625 0.5258207374999999 0.3990165671875 0.5142764921875 0.4084460390625 0.5121775375000001 0.4168277921875
3 0 0.44497434687500004 0.004230678125 0.4482593640625 0.0294181265625 0.5530312703125 0.0336160328125 0.5635084609375001 0.040962371875 0.5708424937500001 0.302282140625 0.6368487953125 0.3327169734375 0.6378965140624999 0.35370651406250003 0.6295147609375 0.420873040625 0.583415121875 0.4324172875 0.5718902124999999 0.457604734375 0.456641115625 0.486990090625 0.433591296875 0.486990090625 0.42730498125 0.4733468890625 0.4115891953125 0.46285212031249995 0.40739832031249995 0.39148768437500003 0.39692112968750004 0.3390138359375 0.3843485 0.3264201109375 0.3843485 0.2844410328125 0.373871309375 0.271847309375 0.373871309375 0.25085776875 0.3675849953125 0.185790196875 0.3571078046875 0.16480065625 0.350821490625 0.13121739375000002 0.350821490625 0.0976341296875 0.3592032421875 0.051457142187500006 0.3822530625 0.0031812015625000004 0.40111200468749997 0 0.402699940625 0 0.44497434687500004
3 0.13016791562500002 0.8275336640625 0.1375142546875 0.8369631359374999 0.15430588750000002 0.8432494500000001 0.20153235 0.84429716875 0.43976362656249995 0.8432494500000001 0.4534068265625 0.831724540625 0.47019845781249997 0.787720340625 0.4859406125 0.77829086875 0.48908904375000006 0.7730522734374999 0.480693228125 0.7227617578125 0.47124793593750003 0.7133322859375 0.45235735000000005 0.7091414109375 0.1689985640625 0.7112368484375 0.1501079796875 0.7091414109375 0.11862366875000001 0.7175231625 0.09868360625 0.7583842062499999 0.0944856984375 0.7751477109375 0.11757419218750001 0.787720340625 0.13016791562500002 0.8275336640625
3 0.679044378125 0.8348676968750001 0.7504088125 0.86210839375 0.7588046281249999 0.8683947078124999 0.7892394609375 0.8778241796874999 0.8028826625000001 0.8788718984375 0.8259711546874999 0.8683947078124999 0.8595544187499999 0.8432494500000001 0.8889397750000001 0.8285813828125 0.9141272218750001 0.803436125 0.9183251296874999 0.803436125 0.9498094390625 0.7824817453125 0.9466610078125001 0.7751477109375 0.9403641453124999 0.770956834375 0.9382651921875 0.76047964375 0.920424084375 0.748954734375 0.8889397750000001 0.73638210625 0.6937370546875 0.663041771875 0.6643517 0.665137209375 0.5677998171875 0.7091414109375 0.5573050484375 0.7112368484375 0.543661846875 0.7206663203125 0.53526603125 0.7437161390625 0.5426123703125 0.7531456109375 0.5625524328125 0.7625750828125 0.571997725 0.7866726203125001 0.6706485625 0.8285813828125 0.679044378125 0.8348676968750001
3 1 0.9022227609375 0.9267209453125 0.883062775 0.9057314062499999 0.874681021875 0.8847418671874999 0.8725855843750001 0.8731976187500001 0.88201505625 0.831218540625 0.9364964468749999 0.8333174937500001 0.9469736375 0.844861740625 0.9543076703125 0.9672237453125 1 1 1 1 0.9791216828125 0.9949369499999999 0.9700234578125 0.9980853796875 0.9647848625 1 0.9648972984374999 1 0.9022227609375
3 0 0.955322675 0.0052801546875 0.9605939859375001 0.15955327187499999 0.9951687140625 0.17949333437499998 0.9941209953125 0.2130765984375 0.9710711765625 0.2267197984375 0.957450828125 0.2351156140625 0.934401009375 0.2561051546875 0.9176375046875 0.251907246875 0.9092557515624999 0.23196718437500002 0.9019217171875 0.1689985640625 0.893539965625 0.0976341296875 0.8788718984375 0.0724466828125 0.874681021875 0.04516028125 0.874681021875 0 0.894571303125 0 0.955322675