3 1 0.271350834375 0.9710646328125 0.20510188281250002 0.935442184375 0.1001541859375 0.92286955625 0.0707688296875 0.915535521875 0.06342249062500001 0.9071537703124999 0.061323537500000004 0.8966765796875 0.06342249062500001 0.8673404453125 0.0949068 0.8610541312500001 0.0970057546875 0.849529221875 0.10855000156250001 0.8306702781249999 0.142133265625 0.8034295828125 0.1799144359375 0.79714326875 0.1925081609375 0.7981909875000001 0.2082503140625 0.9040106124999999 0.43178891249999996 0.92496499375 0.44438263593749994 0.9270604328125 0.4527784515625 0.9385853421875 0.46852060624999997 0.9448716562499999 0.4706195609375 0.955348846875 0.46642165156250004 0.9689691953124999 0.44858054375 0.9773509468749999 0.4233930953125 1 0.3763984828125 1 0.271350834375
3 1 0.8354380203125 0.9270604328125 0.635387446875 0.90505833125 0.586062028125 0.8966765796875 0.5818641203125 0.8820085125 0.5818641203125 0.8568632546874999 0.6112494749999999 0.8306702781249999 0.622793721875 0.8013341453124999 0.668970709375 0.7719980109375 0.70675188125 0.767807134375 0.7172466515625 0.768854853125 0.728790896875 0.7824752015625001 0.767621546875 0.811811334375 0.824293303125 0.81809765 0.8452828421874999 0.8474337843749999 0.9019546 0.8516246593749999 0.9187462312499999 0.8851516703125 0.9880117125 0.8966765796875 0.993259096875 0.9218218359374999 0.9974570046875 0.9235989515625 1 0.9657335687499999 1 0.9668737578125001 0.9985064828124999 1 0.9210822249999999 1 0.8354380203125
3 0.7121242453125001 0 0.67351241875 0.089659415625 0.6703692609375 0.107500525 0.683989609375 0.1190447703125 0.6892282046875 0.12849006406250002 0.6997053953125 0.1347869265625 0.7437095968749999 0.15787541875 0.7531390671875 0.152628034375 0.7824752015625001 0.01829498125 0.7725820203125 0 0.7121242453125001 0
3 0.7719980109375 0.622793721875 0.7740934484374999 0.5199449781250001 0.7709502921875 0.51469759375 0.7541867859375 0.5104996859375001 0.7416141578125 0.516796546875 0.7143734625 0.50840073125 0.7101825859375 0.5042028234375 0.7059917109375 0.506301778125 0.69551451875 0.50210386875 0.6787510140624999 0.50210386875 0.67351241875 0.5073512546875001 0.6724647 0.6616243703125 0.67351241875 0.6878612953125 0.6787510140624999 0.695207634375 0.6976099578125 0.695207634375 0.73742328125 0.6868118187500001 0.7520913484375 0.6868118187500001 0.7699025734375 0.6794654796875 0.7740934484374999 0.6269916296875 0.7719980109375 0.622793721875
3 0.3705729578125 0 0.369673890625 0.0036023031249999998 0.3612921375 0.009899165625000001 0.36233985625 0.01514655 0.373864765625 0.0392845203125 0.3853896765625 0.0445319046875 0.5069250875 0.0445319046875 0.5215931546875 0.0424329515625 0.5289271875 0.037185565625 0.5289271875 0.009899165625000001 0.5210211218749999 0 0.46371730937500005 0 0.4629208875 0.0025528265625 0.4576822921875 0.0015033484375 0.457557221875 0 0.3705729578125 0
3 0.5121636828125 0.0917583703125 0.50482965 0.086510984375 0.47758895468749996 0.086510984375 0.4681594828125 0.0917583703125 0.4608254484375 0.1410837875 0.45453913437500004 0.1410837875 0.451395978125 0.135836403125 0.4493005390625 0.1022531390625 0.44406194374999997 0.0907088921875 0.4377756296875 0.0886099390625 0.3728170484375 0.0907088921875 0.3654830140625 0.09805523125 0.3571012609375 0.14423221875 0.348719509375 0.15052908125 0.349767228125 0.155776465625 0.3612921375 0.1799144359375 0.370721609375 0.18516182187500002 0.519497715625 0.1830628671875 0.5289271875 0.1736175734375 0.5289271875 0.14843012656250001 0.5205454359374999 0.14003431093750002 0.5163545593750001 0.1022531390625 0.5121636828125 0.0917583703125
3 0.3529103859375 0.27016945625 0.3539581046875 0.2754168421875 0.538356659375 0.2754168421875 0.539404378125 0.2722684109375 0.5310226265625 0.2512788703125 0.5236885921875001 0.2460314859375 0.4608254484375 0.24393253124999997 0.3686261703125 0.2460314859375 0.3591967 0.253377825 0.3529103859375 0.27016945625
3 0.560358759375 0.40660146406250003 0.5498815687499999 0.36252343125 0.5404520984375 0.3530781390625 0.5341657828125 0.350979184375 0.36443529531249996 0.3530781390625 0.3529103859375 0.360424478125 0.34033775624999996 0.42129414218749994 0.329860565625 0.4296899578125 0.33090828437500003 0.4391352515625 0.34243319375 0.473767990625 0.3560535421875 0.4790153765625 0.5488338500000001 0.47691642187500005 0.557215603125 0.47481746874999997 0.566645075 0.46327322187500003 0.57083595 0.42549205 0.560358759375 0.4191951875 0.560358759375 0.40660146406250003
3 0.5575178140625 1 0.5645496359375 0.9859127578125 0.5834085796874999 0.9376368171875 0.6064583984375 0.8914598296875 0.6148401515625 0.857876565625 0.6148401515625 0.824293303125 0.6085538359375 0.8033037640625 0.598076646875 0.738236190625 0.59179033125 0.7172466515625 0.59179033125 0.7046529265625 0.5813131421875 0.6626738484375 0.5813131421875 0.6500801234375 0.5687405125 0.597606275 0.5582633218749999 0.5262418390625 0.5540724453125 0.5157470703125 0.538356659375 0.50210386875 0.5320703453125 0.50210386875 0.5090205265625001 0.531489225 0.393771428125 0.5566766734375 0.38224651875000004 0.56822091875 0.3361468796875 0.635387446875 0.3277651265625 0.6563769859375 0.328812846875 0.6868118187500001 0.394819146875 0.9481315875 0.40215318125 0.9554779265625 0.412630371875 0.959675834375 0.517402278125 0.98486328125 0.5247363109375 0.9943085734375 0.526359709375 1 0.5575178140625 1
3 0.25652023125 0.8389859812499999 0.25442479375 0.8200953953125 0.25652023125 0.536736609375 0.2523293546875 0.517846025 0.24289988281250002 0.50840073125 0.19260936875 0.500004915625 0.1873707734375 0.503153346875 0.17794130156250001 0.5188955015625 0.1339371 0.5356871328125 0.122412190625 0.549330334375 0.12136447187499999 0.787561609375 0.122412190625 0.8347880734375 0.12869850625 0.8515797046875001 0.138127978125 0.85892604375 0.17794130156250001 0.8715197671875 0.19051393125 0.8946082609375001 0.20727743593749998 0.8904103531249999 0.2481384796875 0.870470290625 0.25652023125 0.8389859812499999
3 0.221945503125 0.45382792812500006 0.244995321875 0.4454321125 0.25442479375 0.43178891249999996 0.25652023125 0.42129414218749994 0.30052443281249996 0.324742259375 0.3026198703125 0.29535690468750003 0.2292795359375 0.1001541859375 0.2167069078125 0.0686698765625 0.205181996875 0.0508287671875 0.19470480625 0.0487298140625 0.19051393125 0.0424329515625 0.183179896875 0.0392845203125 0.162225515625 0.0707688296875 0.162225515625 0.0749667375 0.1370802578125 0.1001541859375 0.122412190625 0.129539540625 0.097266934375 0.1631228046875 0.08678974218749999 0.1862112984375 0.08783746249999999 0.1998544984375 0.097266934375 0.23028933125 0.1035532484375 0.23868514687500003 0.13079394375 0.3100495828125 0.1370802578125 0.318445396875 0.1789890203125 0.41709623437500004 0.20308655937500003 0.4265415265625 0.21251603125 0.4464815890625 0.221945503125 0.45382792812500006
3 0 0 0 0.11382679531249999 0.0113539703125 0.14423221875 0.018688004687500002 0.155776465625 0.029165193750000002 0.15787541875 0.08364658593749999 0.11589634062500001 0.09307605625000001 0.10435209375000001 0.09098061874999999 0.083362553125 0.08259886718750001 0.062373014062499996 0.0662904390625 0 0 0
3 0.06628690937500001 1 0.09098061874999999 0.9439336781250001 0.09098061874999999 0.916647278125 0.08678974218749999 0.8914598296875 0.0721216765625 0.8200953953125 0.0637399234375 0.7571267765624999 0.056405890624999996 0.7371867125 0.0480241375 0.7329888046875 0.0312606328125 0.7539783453125 0.008210812500000001 0.7623741609375 0 0.7705987515625 0 0.9612018250000001 0.00506765625 0.9838138046875 0.0124016890625 0.99116014375 0.035346818749999995 1 0.06628690937500001 1