3 0.7841483984375001 0 0.7841483984375001 0.033094434374999995 0.78836425 0.064713321875 0.78836425 0.13216694843750001 0.7925801015625 0.1490303546875 0.7999578421875 0.15430016875000002 0.929595278125 0.15535413125 1 0.156223325 1 0 0.7841483984375001 0
3 0.518954690625 0 0.5227655984374999 0.144814503125 0.5322512640625 0.15430016875000002 0.5501686343750001 0.15535413125 0.7493676218750001 0.15430016875000002 0.7588532890625 0.1405986515625 0.7630691406250001 0.0056914 0.7620343390625 0 0.518954690625 0
3 1 0.26180438437500003 0.8189291734375 0.26180438437500003 0.8094435078125001 0.27129005 0.7778246203125 0.361930859375 0.7757166953125 0.39776559843750003 0.779932546875 0.40198144999999996 1 0.40107582343750003 1 0.26180438437500003
3 0.5248735250000001 0.39776559843750003 0.5248735250000001 0.425168634375 0.5322512640625 0.432546375 0.5459527828125 0.4336003375 0.73882799375 0.432546375 0.7440978078125 0.427276559375 0.7462057328125 0.41673693125 0.7377740296875 0.3008010125 0.731450253125 0.277613828125 0.7282883640625 0.2744519390625 0.5406829671875 0.2744519390625 0.5333052281249999 0.2839376046875 0.5311973015625 0.3682546375 0.5248735250000001 0.39776559843750003
3 0.175057690625 0 0.12331365937500001 0.0446880265625 0.0389966265625 0.11214165312499999 0.004215851562499999 0.146922428125 0.006323778125 0.163785834375 0.0021079265625 0.1722175375 0.0021079265625 0.203836425 0.0105396296875 0.2249156828125 0.170741990625 0.41884485624999995 0.19076728437499998 0.440978078125 0.2107925796875 0.45467959531249996 0.230817875 0.4536256328125 0.2424114671875 0.44413996562499997 0.38575042187499997 0.243887015625 0.4468802703125 0.163785834375 0.47639123124999994 0.1174114671875 0.4721753796875 0.10476391249999999 0.4584738625 0.0910623953125 0.401559865625 0.048903878125 0.3417884578125 0 0.175057690625 0
3 0.713532884375 0.6939291734374999 0.7620151765625 0.6918212484375 0.8083895453125001 0.7192242828125 0.9106239453124999 0.7645446875 0.9211635749999999 0.7645446875 0.9211635749999999 0.756112984375 0.911677909375 0.74873524375 0.8041736937499999 0.6918212484375 0.77255480625 0.6833895453125 0.7556914 0.6749578421875 0.6798060703125001 0.6222596968749999 0.6713743671875 0.6201517703125 0.6555649234375001 0.6359612140625 0.6555649234375001 0.6422849921875 0.67242833125 0.66336425 0.7029932546875 0.689713321875 0.713532884375 0.6939291734374999
3 0.7767706578125 0.64755480625 0.8252529515625 0.64755480625 0.8884907249999999 0.6854974703125001 0.963322090625 0.720278246875 0.9706998312499999 0.7213322093750001 0.9738617203125 0.71184654375 0.8990303546874999 0.6686340640624999 0.846332209375 0.6433389546875 0.8210371000000001 0.6349072515625 0.813659359375 0.6190978078125 0.7894182125 0.5969645875 0.7599072515625 0.5864249578125 0.7377740296875 0.589586846875 0.7356661046874999 0.6022344015625001 0.7462057328125 0.6212057328125 0.7767706578125 0.64755480625
3 0.6260539625 0.7434654296875001 0.6387015171875 0.7687605390625001 0.6545109609375 0.7845699828125 0.680860034375 0.7919477234375 0.7114249578125 0.7930016859375 0.7356661046874999 0.7666526140625 0.6376475546875 0.7297639125 0.5870573359375 0.6939291734374999 0.5238195609375 0.6623102859375 0.50906408125 0.6602023609375001 0.5059021921875 0.66336425 0.5059021921875 0.6675801015625 0.5132799328125001 0.6749578421875 0.5617622265625 0.706576728125 0.6123524453125 0.7297639125 0.6260539625 0.7434654296875001
3 0.601812815625 0.68128161875 0.631323778125 0.6770657671875 0.700885328125 0.7255480609375 0.7588532890625 0.7582209109375 0.766231028125 0.7592748734375 0.7715008437499999 0.7518971328124999 0.7451517703125 0.7297639125 0.6945615515625 0.6960371000000001 0.6334317031250001 0.6644182125 0.632377740625 0.6507166953125 0.6144603703125 0.6306914 0.5912731875 0.6180438453125 0.57440978125 0.61382799375 0.5617622265625 0.61382799375 0.552276559375 0.6190978078125 0.5501686343750001 0.6359612140625 0.5564924109375 0.6486087687500001 0.5807335578124999 0.672849915625 0.601812815625 0.68128161875
3 1 0.8243136296875001 0.911677909375 0.835160203125 0.880059021875 0.8414839796875 0.8421163578125 0.854131534375 0.766231028125 0.8499156828125001 0.684021921875 0.8604553125000001 0.680860034375 0.8636172 0.6892917375 0.869940978125 0.680860034375 0.87626475625 0.6892917375 0.884696459375 0.682967959375 0.8889123109374999 0.6892917375 0.8973440140625 0.6850758859375 0.9057757171875 0.698777403125 0.9110455312499999 0.7166947718750001 0.9120994937500001 0.7788785828125 0.9110455312499999 0.8020657671875 0.9005059015624999 0.8168212484374999 0.885750421875 0.8336846546875 0.8752107921875 0.846332209375 0.870994940625 0.9095699828124999 0.8646711640625 1 0.84516665 1 0.8243136296875001
3 1 0.7613828 0.9812394609374999 0.7613828 0.8884907249999999 0.7740303546875 0.8568718375 0.78035413125 0.812605396875 0.7951096125 0.797849915625 0.7951096125 0.7873102859375 0.7887858343749999 0.7704468796875 0.7845699828125 0.73882799375 0.7845699828125 0.70720910625 0.7951096125 0.6935075890625 0.8067032046874999 0.6892917375 0.819350759375 0.6945615515625 0.8267284984375 0.713532884375 0.837268128125 0.73988195625 0.8425379421875 0.7873102859375 0.8414839796875 0.8010118046875 0.8319983140625 0.8210371000000001 0.8077571671875001 0.8336846546875 0.8014333890625001 0.894814503125 0.7972175375 0.9728077578125 0.7824620578125 1 0.7752107921875 1 0.7613828
3 0.29405565 0.672849915625 0.32145868437499997 0.672849915625 0.336214165625 0.6770657671875 0.3752107921875 0.68022765625 0.3931281625 0.6791736937499999 0.40999156875000003 0.6665261375 0.43317875156249996 0.6602023609375001 0.453204046875 0.6317453625 0.4574198984375 0.6190978078125 0.4468802703125 0.608558178125 0.43528667812500005 0.588532884375 0.40366779062499997 0.5801011796875 0.2582209109375 0.567453625 0.207630690625 0.5843170328125 0.198145025 0.59801855 0.17284991562500002 0.6212057328125 0.18022765624999998 0.6285834734375 0.207630690625 0.6349072515625 0.21290050625 0.6465008437499999 0.22449409843749998 0.655986509375 0.2497892078125 0.6623102859375 0.26454468750000004 0.6623102859375 0.29405565 0.672849915625
3 0.2951096125 0.7518971328124999 0.2951096125 0.756112984375 0.30248735312499997 0.7677065765625 0.43844856718749997 0.772976390625 0.45004215781249995 0.771922428125 0.4816610453125 0.7424114671875001 0.49220067500000003 0.740303540625 0.501686340625 0.7329258015625 0.49957841406250003 0.7244940984375 0.48693085937499997 0.71184654375 0.47639123124999994 0.6844435078125 0.44582630625 0.655986509375 0.437394603125 0.6538785828125 0.426854975 0.6623102859375 0.40999156875000003 0.6644182125 0.38680438437500003 0.6791736937499999 0.287731871875 0.6707419906250001 0.254005059375 0.6602023609375001 0.239249578125 0.6602023609375001 0.23608768906250002 0.66336425 0.23608768906250002 0.671795953125 0.25611298437499996 0.6854974703125001 0.3014333890625 0.730817875 0.30354131562500003 0.7434654296875001 0.2951096125 0.7518971328124999
3 0 0.9136527031250001 0.0021079265625 0.9142074203125 0.07483136562500001 0.9110455312499999 0.20130691406249998 0.894182125 0.3277824625 0.8625632375000001 0.3478077578125 0.8488617203125 0.34991568281249996 0.8341062390625 0.2951096125 0.7666526140625 0.2930016859375 0.7582209109375 0.2856239453125 0.7529510968750001 0.272976390625 0.755059021875 0.26454468750000004 0.7613828 0.254005059375 0.763490725 0.25189713281250004 0.7677065765625 0.2192242828125 0.772976390625 0.2424114671875 0.7750843171875 0.23292580156249998 0.77824620625 0.20130691406249998 0.78035413125 0.188659359375 0.786677909375 0.171795953125 0.786677909375 0.138069140625 0.7951096125 0.11698988125000001 0.7951096125 0.100126475 0.7993254640624999 0.057967959375 0.8014333890625001 0.045320404687499996 0.7972175375 0.0284569984375 0.7845699828125 0 0.782537340625 0 0.9136527031250001
3 0 0.7794319140625 0.013701517187500001 0.7845699828125 0.026349071875 0.7845699828125 0.033726812499999995 0.789839796875 0.029510960937500004 0.804595278125 0.029510960937500004 0.821458684375 0.055860034375 0.822512646875 0.207630690625 0.7993254640624999 0.26665261406249996 0.7951096125 0.2845699828125 0.7835160203125 0.2677065765625 0.7645446875 0.2677065765625 0.7603288359375 0.272976390625 0.755059021875 0.287731871875 0.7529510968750001 0.29405565 0.74873524375 0.3014333890625 0.7413575046875 0.3014333890625 0.7350337265625 0.2582209109375 0.689713321875 0.22870995 0.6686340640624999 0.20973861718750003 0.6602023609375001 0.0663996625 0.6686340640624999 0.0389966265625 0.672849915625 0.0200252953125 0.68128161875 0.009485665625 0.698145025 0.0010539625 0.7002529515625 0 0.7013069140625 0 0.7794319140625