3 0.2138671875 0.19921875 0.2568359375 0.19140625 0.2705078125 0.173828125 0.2900390625 0.169921875 0.296875 0.1650390625 0.296875 0.1611328125 0.2841796875 0.15234375 0.2666015625 0.130859375 0.2216796875 0.1171875 0.1025390625 0.12890625 0.0751953125 0.13671875 0.0703125 0.1416015625 0.06640625 0.1533203125 0.05859375 0.1591796875 0.05859375 0.1669921875 0.07421875 0.1923828125 0.0830078125 0.19921875 0.1064453125 0.205078125 0.1142578125 0.212890625 0.138671875 0.2119140625 0.1494140625 0.2109375 0.1630859375 0.205078125 0.2080078125 0.203125 0.2138671875 0.19921875
3 0.19140625 0.2529296875 0.2265625 0.2177734375 0.22265625 0.2119140625 0.224609375 0.2080078125 0.2333984375 0.208984375 0.236328125 0.2060546875 0.2236328125 0.19921875 0.2099609375 0.19921875 0.1923828125 0.205078125 0.1201171875 0.212890625 0.1123046875 0.2109375 0.0966796875 0.19921875 0.0849609375 0.19921875 0.0693359375 0.19140625 0.0390625 0.2197265625 0.03125 0.2412109375 0.01953125 0.2568359375 0.0224609375 0.26171875 0.0439453125 0.271484375 0.0634765625 0.291015625 0.072265625 0.2919921875 0.1884765625 0.287109375 0.1953125 0.2763671875 0.1875 0.2666015625 0.19140625 0.2529296875
3 0.455078125 0.3134765625 0.453125 0.3076171875 0.4423828125 0.298828125 0.4208984375 0.302734375 0.3935546875 0.302734375 0.2685546875 0.296875 0.2626953125 0.291015625 0.2451171875 0.2890625 0.2392578125 0.28515625 0.2236328125 0.283203125 0.2138671875 0.27734375 0.2001953125 0.275390625 0.1953125 0.2802734375 0.1953125 0.2861328125 0.1484375 0.3427734375 0.150390625 0.3564453125 0.1650390625 0.3671875 0.2626953125 0.392578125 0.3486328125 0.40625 0.4208984375 0.412109375 0.447265625 0.4111328125 0.46484375 0.4033203125 0.466796875 0.3818359375 0.455078125 0.3271484375 0.455078125 0.3134765625
3 0.451171875 0.2373046875 0.4443359375 0.23046875 0.4365234375 0.228515625 0.4228515625 0.2109375 0.4052734375 0.205078125 0.3271484375 0.201171875 0.2763671875 0.1953125 0.2646484375 0.197265625 0.2509765625 0.203125 0.2216796875 0.224609375 0.189453125 0.2607421875 0.189453125 0.2646484375 0.1962890625 0.271484375 0.2802734375 0.29296875 0.3349609375 0.298828125 0.4296875 0.2998046875 0.4462890625 0.296875 0.453125 0.2900390625 0.455078125 0.2646484375 0.451171875 0.2373046875
3 1 0.0009765625 0.5048828125 0 0.501953125 0.0048828125 0.501953125 0.0771484375 0.505859375 0.0869140625 0.505859375 0.1259765625 0.501953125 0.1298828125 0.5 0.2314453125 0.50390625 0.3896484375 0.5107421875 0.396484375 0.5263671875 0.3984375 0.5361328125 0.40625 0.5556640625 0.40625 0.5673828125 0.3984375 0.5810546875 0.400390625 0.6787109375 0.439453125 0.689453125 0.4580078125 0.7060546875 0.46875 0.7724609375 0.4921875 0.7939453125 0.49609375 0.8193359375 0.494140625 0.8271484375 0.498046875 0.92578125 0.4970703125 0.9375 0.4833984375 1 0.3720703125 1 0.0009765625
3 0.244140625 0.6982421875 0.23828125 0.6689453125 0.232421875 0.6572265625 0.2138671875 0.642578125 0.1669921875 0.638671875 0.0478515625 0.638671875 0.0263671875 0.6484375 0.015625 0.6669921875 0.0078125 0.7236328125 0.0078125 0.7783203125 0.015625 0.8349609375 0.0244140625 0.83984375 0.212890625 0.8388671875 0.2255859375 0.833984375 0.236328125 0.8232421875 0.24609375 0.7783203125 0.244140625 0.6982421875
3 0.49609375 0.6650390625 0.48828125 0.6396484375 0.4658203125 0.6015625 0.4462890625 0.59765625 0.3095703125 0.59765625 0.2958984375 0.6015625 0.2890625 0.6083984375 0.26953125 0.6533203125 0.26953125 0.6611328125 0.2783203125 0.662109375 0.283203125 0.6689453125 0.279296875 0.6845703125 0.263671875 0.6982421875 0.263671875 0.7119140625 0.2724609375 0.7265625 0.2998046875 0.734375 0.44921875 0.7353515625 0.4833984375 0.734375 0.4912109375 0.73046875 0.498046875 0.7216796875 0.49609375 0.6650390625
3 0.482421875 0.8759765625 0.470703125 0.8408203125 0.453125 0.8134765625 0.4384765625 0.798828125 0.4208984375 0.794921875 0.3701171875 0.79296875 0.3232421875 0.79296875 0.3154296875 0.796875 0.2958984375 0.794921875 0.28125 0.8037109375 0.259765625 0.8388671875 0.25390625 0.8603515625 0.251953125 0.8857421875 0.2587890625 0.896484375 0.2705078125 0.90234375 0.3017578125 0.91015625 0.435546875 0.9091796875 0.4462890625 0.90234375 0.4716796875 0.900390625 0.482421875 0.8896484375 0.482421875 0.8759765625
3 0.75 0.8486328125 0.751953125 0.7939453125 0.7568359375 0.79296875 0.76171875 0.7841796875 0.755859375 0.7705078125 0.7431640625 0.763671875 0.7314453125 0.74609375 0.5830078125 0.74609375 0.5615234375 0.751953125 0.521484375 0.7783203125 0.513671875 0.7998046875 0.501953125 0.8154296875 0.5048828125 0.8203125 0.529296875 0.8212890625 0.521484375 0.8369140625 0.521484375 0.8447265625 0.5302734375 0.85546875 0.5556640625 0.8671875 0.6064453125 0.8671875 0.6162109375 0.8828125 0.640625 0.8837890625 0.6533203125 0.869140625 0.7197265625 0.869140625 0.7412109375 0.857421875 0.75 0.8486328125
3 0.7294921875 0.744140625 0.73046875 0.7099609375 0.73828125 0.7021484375 0.736328125 0.6748046875 0.7333984375 0.671875 0.7255859375 0.671875 0.716796875 0.6572265625 0.7041015625 0.650390625 0.5908203125 0.65625 0.55078125 0.6884765625 0.546875 0.7060546875 0.537109375 0.7177734375 0.5380859375 0.72265625 0.552734375 0.7275390625 0.546875 0.7373046875 0.5517578125 0.74609375 0.5703125 0.7470703125 0.5810546875 0.744140625 0.6298828125 0.74609375 0.6748046875 0.7421875 0.7294921875 0.744140625
3 0.970703125 0.8505859375 0.962890625 0.8330078125 0.9794921875 0.828125 0.986328125 0.8173828125 0.9580078125 0.787109375 0.9189453125 0.763671875 0.8037109375 0.765625 0.7978515625 0.767578125 0.7861328125 0.779296875 0.77734375 0.7822265625 0.775390625 0.7939453125 0.78125 0.8271484375 0.787109375 0.8349609375 0.7890625 0.8486328125 0.8076171875 0.8671875 0.8251953125 0.873046875 0.8701171875 0.873046875 0.8779296875 0.87890625 0.904296875 0.8779296875 0.9091796875 0.873046875 0.9384765625 0.873046875 0.96875 0.8603515625 0.970703125 0.8505859375
3 0.935546875 0.7470703125 0.916015625 0.7138671875 0.9501953125 0.7109375 0.951171875 0.7080078125 0.9306640625 0.685546875 0.9150390625 0.681640625 0.7841796875 0.685546875 0.7705078125 0.689453125 0.7607421875 0.703125 0.751953125 0.7041015625 0.751953125 0.7119140625 0.759765625 0.7294921875 0.759765625 0.7470703125 0.7646484375 0.75390625 0.7861328125 0.765625 0.8046875 0.7646484375 0.8369140625 0.76171875 0.9248046875 0.76171875 0.935546875 0.7548828125 0.935546875 0.7470703125