3 0.37529296875 0.2529296875 0.388975525 0.2294921875 0.396794128125 0.2021484375 0.3987487796875 0.1904296875 0.396794128125 0.1357421875 0.3928848265625 0.1220703125 0.367474365625 0.0771484375 0.34695053124999997 0.056640625 0.31763076875 0.03515625 0.2902656546875 0.0234375 0.26290054375 0.01953125 0.20817031875 0.0234375 0.18080520625000002 0.03515625 0.1495307921875 0.05859375 0.132916259375 0.0751953125 0.11141509999999999 0.1064453125 0.0996871953125 0.1474609375 0.1016418453125 0.2041015625 0.10750579843750001 0.2255859375 0.1290069578125 0.2626953125 0.15344009375 0.2890625 0.1690773015625 0.30078125 0.1905784609375 0.3125 0.2140342703125 0.3203125 0.23162612968750002 0.3203125 0.245308684375 0.32421875 0.26192321875 0.3232421875 0.2941749578125 0.31640625 0.325449371875 0.30078125 0.354769134375 0.275390625 0.37529296875 0.2529296875
3 0.9294364937499999 0.26953125 0.9607109078124999 0.255859375 0.9773254390625 0.2412109375 0.9812347421875 0.2333984375 0.9812347421875 0.2158203125 0.9734161374999999 0.2041015625 0.9753707890625 0.1962890625 0.9734161374999999 0.1826171875 0.9655975343750001 0.1689453125 0.951914978125 0.1572265625 0.938232421875 0.0888671875 0.938232421875 0.0751953125 0.93041381875 0.0576171875 0.9196632375 0.048828125 0.8825248718750001 0.033203125 0.8453865046875 0.025390625 0.79261093125 0.01953125 0.7046516421875 0.01953125 0.65187606875 0.025390625 0.618647003125 0.033203125 0.593236540625 0.04296875 0.5727127078125 0.0595703125 0.55512085 0.1513671875 0.535574340625 0.1689453125 0.5316650390625 0.1767578125 0.5316650390625 0.1923828125 0.521891784375 0.2158203125 0.521891784375 0.2275390625 0.5258010875 0.2353515625 0.5385063171875 0.248046875 0.554143525 0.2578125 0.6069190984375 0.27734375 0.6948783875 0.291015625 0.7447219859375 0.2919921875 0.8023841859375 0.2890625 0.8062934875 0.291015625 0.8629783640625 0.28515625 0.9294364937499999 0.26953125
3 0.3850662234375 0.5791015625 0.3987487796875 0.5537109375 0.4085220328125 0.5224609375 0.410476684375 0.4892578125 0.4065673828125 0.4658203125 0.3987487796875 0.4423828125 0.3811569203125 0.4130859375 0.3625877375 0.392578125 0.33717727656249996 0.373046875 0.311766815625 0.359375 0.2726737984375 0.34765625 0.2179435734375 0.349609375 0.1983970640625 0.35546875 0.18080520625000002 0.365234375 0.157349396875 0.384765625 0.1368255609375 0.4072265625 0.117279053125 0.4443359375 0.10946045 0.4716796875 0.10750579843750001 0.4833984375 0.10946045 0.5302734375 0.1211883546875 0.5654296875 0.132916259375 0.5849609375 0.172986603125 0.625 0.202306365625 0.640625 0.22576217656250003 0.6484375 0.285379028125 0.6494140625 0.3078575125 0.64453125 0.3352226265625 0.630859375 0.36161041250000003 0.6083984375 0.3850662234375 0.5791015625
3 0.609851075 0.5380859375 0.6078964234375 0.4853515625 0.6049644468750001 0.482421875 0.5091865531249999 0.484375 0.5082092281249999 0.4873046875 0.51407318125 0.4912109375 0.51602783125 0.4990234375 0.519937134375 0.5556640625 0.5277557374999999 0.5791015625 0.534597015625 0.5859375 0.5463249203125 0.58984375 0.5824859625000001 0.5888671875 0.593236540625 0.5859375 0.60007781875 0.5791015625 0.6078964234375 0.5615234375 0.609851075 0.5380859375
3 0.701719665625 0.5126953125 0.6978103640625 0.4716796875 0.6948783875 0.46875 0.6069190984375 0.46875 0.603987121875 0.4716796875 0.6078964234375 0.4755859375 0.609851075 0.4873046875 0.6157150265625 0.5712890625 0.6215789796875 0.5849609375 0.6303749078124999 0.59375 0.6421028140625 0.59765625 0.672399903125 0.5966796875 0.6851051328125 0.59375 0.6939010609375 0.5849609375 0.6997650140625 0.5712890625 0.701719665625 0.5126953125
3 0.79163360625 0.5302734375 0.7896789546874999 0.4541015625 0.782837678125 0.44921875 0.6968330375 0.451171875 0.6919464109375 0.4541015625 0.6978103640625 0.4599609375 0.703674315625 0.5400390625 0.70953826875 0.5732421875 0.713447571875 0.5810546875 0.7300621031250001 0.59375 0.758404540625 0.5947265625 0.7730644234375 0.58984375 0.7818603515625 0.5810546875 0.787724303125 0.5673828125 0.79163360625 0.5302734375
3 0.880570221875 0.419921875 0.7867469781249999 0.421875 0.7955429078125 0.5068359375 0.797497559375 0.5615234375 0.801406859375 0.5732421875 0.8160667421875001 0.587890625 0.854182434375 0.5888671875 0.866887665625 0.583984375 0.8776382437500001 0.5654296875 0.8835021968750001 0.4248046875 0.880570221875 0.419921875
3 0.9851440437500001 0.4150390625 0.9910079953125001 0.4111328125 0.9861213687499999 0.408203125 0.880570221875 0.41015625 0.8874115 0.4443359375 0.8932754515625 0.5517578125 0.8971847531250001 0.5693359375 0.9010940546875 0.5771484375 0.9137992859375 0.587890625 0.951914978125 0.5888671875 0.9695068359375 0.5791015625 0.9773254390625 0.5615234375 0.9831893921875 0.4267578125 0.9851440437500001 0.4150390625
3 0 0.8212890625 0.0039093015625 0.8271484375 0.007818603125 0.8857421875 0.0117279046875 0.8935546875 0.0117279046875 0.9033203125 0.019546509375 0.9169921875 0.0322517390625 0.92578125 0.062548828125 0.9267578125 0.0811180125 0.919921875 0.0996871953125 0.8955078125 0.10359649687500001 0.8857421875 0.10750579843750001 0.8212890625 0.1133697515625 0.8076171875 0.1084831234375 0.802734375 0.090891265625 0.80078125 0.0048866281249999996 0.8046875 0 0.8076171875 0 0.8212890625
3 0.23846740624999999 0.7880859375 0.229671478125 0.783203125 0.20426101718749998 0.78125 0.13193893437499998 0.783203125 0.1368255609375 0.8212890625 0.1368255609375 0.8759765625 0.1407348625 0.9033203125 0.144644165625 0.9111328125 0.16125869843750001 0.92578125 0.1915557859375 0.9267578125 0.2062156671875 0.921875 0.22283019999999998 0.9013671875 0.2326034546875 0.8037109375 0.23846740624999999 0.7880859375
3 0.3577011109375 0.8662109375 0.3557464609375 0.8486328125 0.3635650625 0.7763671875 0.3391319265625 0.771484375 0.2902656546875 0.76953125 0.26290054375 0.771484375 0.2599685671875 0.7763671875 0.26387786874999997 0.7880859375 0.26583251875 0.8857421875 0.2697418203125 0.9072265625 0.2824470515625 0.921875 0.2941749578125 0.927734375 0.326426696875 0.9287109375 0.341086578125 0.921875 0.34792785625 0.9150390625 0.3557464609375 0.8955078125 0.3577011109375 0.8662109375
3 0.48279876718750003 0.8173828125 0.4886627203125 0.7509765625 0.4818214421875 0.748046875 0.380179596875 0.75 0.38702087500000004 0.8837890625 0.390930175 0.9033203125 0.39483947656249996 0.9111328125 0.4134086609375 0.927734375 0.4388191234375 0.93359375 0.4495697015625 0.9326171875 0.466184234375 0.927734375 0.4730255125 0.9208984375 0.48084411562499996 0.9013671875 0.48279876718750003 0.8173828125
3 0.6088737484375 0.9609375 0.7515632640625001 0.943359375 0.8766609187500001 0.93359375 0.9607109078124999 0.921875 0.9675521859374999 0.9072265625 0.9753707890625 0.8505859375 0.9714614859375 0.7744140625 0.9616882328124999 0.7490234375 0.9548469546874999 0.744140625 0.9353004453124999 0.744140625 0.9098899843750001 0.73828125 0.7887016296875 0.728515625 0.6049644468750001 0.70703125 0.5619621265625 0.6953125 0.5570755015625 0.6806640625 0.5521888734375 0.6796875 0.547302246875 0.6865234375 0.54143829375 0.7333984375 0.5394836421875 0.9287109375 0.5453475953125 0.9775390625 0.547302246875 0.9833984375 0.554143525 0.990234375 0.5570755015625 0.9892578125 0.560984803125 0.9853515625 0.560984803125 0.9775390625 0.5658714296875 0.97265625 0.6088737484375 0.9609375