3 0.18359375 0.2373046875 0.189453125 0.2197265625 0.189453125 0.1923828125 0.18359375 0.1845703125 0.18359375 0.1748046875 0.1796875 0.1669921875 0.16015625 0.1474609375 0.16015625 0.1337890625 0.1572265625 0.130859375 0.1494140625 0.130859375 0.13671875 0.1494140625 0.0390625 0.3232421875 0.03125 0.3466796875 0.021484375 0.3974609375 0.021484375 0.4052734375 0.0283203125 0.41015625 0.033203125 0.4091796875 0.0400390625 0.400390625 0.0830078125 0.40234375 0.091796875 0.3955078125 0.18359375 0.2373046875
3 0.4609375 0.3154296875 0.4609375 0.3037109375 0.453125 0.2744140625 0.4501953125 0.271484375 0.4453125 0.2744140625 0.4375 0.3017578125 0.4248046875 0.310546875 0.4150390625 0.3125 0.2333984375 0.314453125 0.2236328125 0.3125 0.2109375 0.3037109375 0.203125 0.2802734375 0.19921875 0.2626953125 0.201171875 0.2607421875 0.1962890625 0.25390625 0.1884765625 0.251953125 0.18359375 0.2646484375 0.1796875 0.3154296875 0.1953125 0.3291015625 0.212890625 0.3916015625 0.2333984375 0.400390625 0.318359375 0.3994140625 0.4248046875 0.390625 0.43359375 0.3701171875 0.4453125 0.3271484375 0.4609375 0.3154296875
3 0.451171875 0.2666015625 0.451171875 0.2529296875 0.466796875 0.2431640625 0.466796875 0.2255859375 0.4580078125 0.203125 0.453125 0.2119140625 0.453125 0.2216796875 0.4404296875 0.23828125 0.4091796875 0.2421875 0.2255859375 0.2421875 0.2109375 0.2353515625 0.201171875 0.2060546875 0.1953125 0.2080078125 0.18359375 0.2412109375 0.185546875 0.2470703125 0.197265625 0.2568359375 0.208984375 0.3017578125 0.2177734375 0.310546875 0.2294921875 0.314453125 0.373046875 0.3134765625 0.4169921875 0.3125 0.4306640625 0.30859375 0.439453125 0.2998046875 0.451171875 0.2666015625
3 0.4658203125 0.1875 0.4765625 0.1767578125 0.458984375 0.1220703125 0.4501953125 0.11328125 0.4169921875 0.107421875 0.3271484375 0.111328125 0.2841796875 0.109375 0.2099609375 0.111328125 0.189453125 0.1201171875 0.185546875 0.1357421875 0.185546875 0.1806640625 0.19921875 0.1943359375 0.20703125 0.2236328125 0.2138671875 0.236328125 0.2255859375 0.2421875 0.40234375 0.2412109375 0.4404296875 0.236328125 0.455078125 0.2099609375 0.45703125 0.1904296875 0.4658203125 0.1875
3 0.689453125 0.1591796875 0.6875 0.1533203125 0.67578125 0.1455078125 0.67578125 0.1279296875 0.658203125 0.1142578125 0.65625 0.1005859375 0.6494140625 0.095703125 0.642578125 0.1005859375 0.63671875 0.1103515625 0.564453125 0.2431640625 0.537109375 0.2998046875 0.517578125 0.3330078125 0.51171875 0.3544921875 0.505859375 0.3876953125 0.5126953125 0.39453125 0.5166015625 0.39453125 0.5244140625 0.38671875 0.5703125 0.3935546875 0.578125 0.3857421875 0.587890625 0.3681640625 0.689453125 0.1767578125 0.689453125 0.1591796875
3 0.9638671875 0.326171875 0.9716796875 0.32421875 0.978515625 0.3173828125 0.96875 0.2880859375 0.9580078125 0.267578125 0.951171875 0.2802734375 0.947265625 0.3017578125 0.9384765625 0.3125 0.7373046875 0.314453125 0.7158203125 0.3125 0.7060546875 0.30859375 0.701171875 0.2998046875 0.693359375 0.2568359375 0.6865234375 0.25390625 0.6796875 0.2587890625 0.67578125 0.2685546875 0.673828125 0.3154296875 0.689453125 0.3291015625 0.69921875 0.3798828125 0.7060546875 0.390625 0.8037109375 0.39453125 0.8828125 0.3935546875 0.9326171875 0.390625 0.9453125 0.3857421875 0.9609375 0.3310546875 0.9638671875 0.326171875
3 0.966796875 0.2255859375 0.98046875 0.2158203125 0.98046875 0.2041015625 0.9677734375 0.181640625 0.9609375 0.2041015625 0.9560546875 0.2109375 0.7060546875 0.208984375 0.697265625 0.2021484375 0.6953125 0.1884765625 0.6904296875 0.18359375 0.6875 0.1923828125 0.681640625 0.1962890625 0.673828125 0.2099609375 0.673828125 0.2138671875 0.685546875 0.2216796875 0.697265625 0.2685546875 0.701171875 0.2998046875 0.7119140625 0.310546875 0.8408203125 0.314453125 0.908203125 0.3134765625 0.9345703125 0.3125 0.9404296875 0.310546875 0.947265625 0.3017578125 0.966796875 0.2255859375
3 0.990234375 0.1455078125 0.986328125 0.1279296875 0.970703125 0.0966796875 0.9599609375 0.08984375 0.6982421875 0.087890625 0.6845703125 0.091796875 0.6796875 0.0986328125 0.67578125 0.1357421875 0.6796875 0.1455078125 0.69140625 0.1513671875 0.697265625 0.1884765625 0.7041015625 0.20703125 0.8134765625 0.2109375 0.94921875 0.2099609375 0.958984375 0.2060546875 0.97265625 0.1630859375 0.97265625 0.1552734375 0.990234375 0.1455078125
3 0 0.6416015625 0.015625 0.6572265625 0.0234375 0.6787109375 0.0361328125 0.693359375 0.0732421875 0.70703125 0.1171875 0.7080078125 0.125 0.7021484375 0.1318359375 0.685546875 0.1533203125 0.697265625 0.1630859375 0.69921875 0.1845703125 0.689453125 0.19921875 0.6767578125 0.20703125 0.6552734375 0.220703125 0.6396484375 0.224609375 0.6279296875 0.22265625 0.6103515625 0.2119140625 0.599609375 0.1826171875 0.5859375 0.1591796875 0.580078125 0.0947265625 0.578125 0.0439453125 0.58984375 0.005859375 0.6103515625 0 0.6181640625 0 0.6416015625
3 0.48828125 0.6669921875 0.4921875 0.6494140625 0.48828125 0.6240234375 0.4765625 0.6044921875 0.4677734375 0.595703125 0.4423828125 0.580078125 0.4111328125 0.572265625 0.3759765625 0.57421875 0.3408203125 0.587890625 0.31640625 0.6083984375 0.302734375 0.6357421875 0.3046875 0.6630859375 0.318359375 0.6865234375 0.3369140625 0.705078125 0.3583984375 0.716796875 0.3984375 0.7216796875 0.4248046875 0.71875 0.4599609375 0.703125 0.48046875 0.6826171875 0.48828125 0.6669921875
3 0.234375 0.7958984375 0.2314453125 0.79296875 0.2158203125 0.787109375 0.1494140625 0.775390625 0.1064453125 0.763671875 0.0869140625 0.763671875 0.0361328125 0.78515625 0.00390625 0.8037109375 0.005859375 0.8134765625 0.01171875 0.8193359375 0.0185546875 0.837890625 0.0693359375 0.85546875 0.0849609375 0.8515625 0.08984375 0.8603515625 0.0966796875 0.865234375 0.1357421875 0.87890625 0.158203125 0.8818359375 0.1669921875 0.87890625 0.22265625 0.8271484375 0.234375 0.8037109375 0.234375 0.7958984375
3 0.486328125 0.7919921875 0.4716796875 0.78125 0.4404296875 0.77734375 0.3876953125 0.775390625 0.3681640625 0.771484375 0.3642578125 0.7734375 0.3505859375 0.76953125 0.3369140625 0.76953125 0.3251953125 0.775390625 0.30859375 0.7998046875 0.28125 0.8544921875 0.275390625 0.8779296875 0.2841796875 0.88671875 0.3076171875 0.89453125 0.4306640625 0.919921875 0.44140625 0.9189453125 0.4599609375 0.91015625 0.46484375 0.9013671875 0.486328125 0.8076171875 0.486328125 0.7919921875
3 0.9140625 0.9091796875 0.921875 0.8974609375 0.9296875 0.8681640625 0.95703125 0.7119140625 0.9794921875 0.6953125 0.986328125 0.6845703125 0.986328125 0.6650390625 0.982421875 0.6533203125 0.9697265625 0.640625 0.9326171875 0.625 0.8740234375 0.61328125 0.8056640625 0.607421875 0.7236328125 0.607421875 0.6240234375 0.6171875 0.5810546875 0.626953125 0.5302734375 0.6484375 0.513671875 0.6669921875 0.51171875 0.6943359375 0.513671875 0.7001953125 0.5244140625 0.7109375 0.5283203125 0.7109375 0.54296875 0.7216796875 0.544921875 0.7412109375 0.5703125 0.8388671875 0.578125 0.8818359375 0.5859375 0.9052734375 0.591796875 0.9130859375 0.6005859375 0.921875 0.6279296875 0.9375 0.6650390625 0.94921875 0.7236328125 0.95703125 0.76953125 0.9560546875 0.8076171875 0.953125 0.8525390625 0.943359375 0.8935546875 0.92578125 0.9140625 0.9091796875