3 0.76533698125 0 0.7638968890625 0.0005760375 0.7412154375 0.02109735 0.7260944703125001 0.053499423437500006 0.713133640625 0.0967021890625 0.7088133640625001 0.135584678125 0.7098934328125 0.192828340625 0.713133640625 0.22631048437499998 0.730414746875 0.28031394062500004 0.747695853125 0.31055587500000004 0.7595766125 0.3202764984375 0.7898185484375 0.3332373265625 0.81358006875 0.335397465625 0.8567828343749999 0.32459677343750004 0.8794642859374999 0.3062355984375 0.8989055296874999 0.2695132484375 0.911866359375 0.2219902078125 0.9161866359375 0.1399049546875 0.9075460828124999 0.08806163593750001 0.894585253125 0.049179146875 0.8794642859374999 0.02109735 0.8654233874999999 0.007056451562500001 0.8492943546875 0 0.76533698125 0
3 0.877304146875 0.658338134375 0.8859446999999999 0.6432171656250001 0.8924251156249999 0.5697724656250001 0.8837845625 0.5028081796875 0.8600230421875 0.43368375625000005 0.840581796875 0.39696140625 0.8265408984375 0.38076036874999997 0.8006192390625 0.3656394015625 0.783338134375 0.3634792625 0.7703773046875 0.3677995390625 0.747695853125 0.38832085312500003 0.7260944703125001 0.41640265000000004 0.7196140546875001 0.4380040328125 0.720694125 0.460685484375 0.72177419375 0.4920074890625 0.732574884375 0.5503312218749999 0.747695853125 0.595694125 0.7649769578125001 0.6302563359375 0.81141993125 0.6875 0.8308611750000001 0.6918202765625 0.8524625578125 0.6831797234375 0.877304146875 0.658338134375
3 0.8791632828125 1 0.8794642859374999 0.9996399765625 0.9140264984375 0.9456365203124999 0.9140264984375 0.9175547234374999 0.909706221875 0.9045938937500001 0.84922235 0.7598646312499999 0.8287010374999999 0.7263824890625 0.8179003453125 0.7220622125 0.804939515625 0.7263824890625 0.747695853125 0.7814660140624999 0.7001728109375 0.8441100234375 0.6990927421875 0.8646313359375 0.7260944703125001 0.9283554140625 0.7627498390625 1 0.8791632828125 1
3 0.5576036859375 0.2522321421875 0.5576036859375 0.0988623265625 0.5554435484375 0.0599798390625 0.548963134375 0.0448588703125 0.5306019578125001 0.030817971875 0.5090005765625001 0.026497695312500003 0.3599510375 0.026497695312500003 0.336189515625 0.028657834375000003 0.3210685484375 0.035138248437500005 0.30702765 0.053499423437500006 0.3027073734375 0.081581221875 0.3037874421875 0.246831796875 0.30918778750000003 0.29975518437500004 0.318908409375 0.31379608281250004 0.336189515625 0.3224366359375 0.5046803 0.3224366359375 0.52412154375 0.3202764984375 0.54140265 0.3116359453125 0.5554435484375 0.2867943546875 0.5576036859375 0.2522321421875
3 0.570564515625 0.5395305296874999 0.5338421656250001 0.4466445859375 0.49063940156249997 0.355918778125 0.46795795 0.3483582953125 0.43555587500000004 0.3742799546875 0.371831796875 0.442324309375 0.3567108296875 0.4682459671875 0.3556307609375 0.482286865625 0.3588709671875 0.498487903125 0.386952765625 0.5611319124999999 0.43879608281250004 0.662658409375 0.461477534375 0.6939804140625 0.48091877812500006 0.6939804140625 0.5446428578125 0.61729550625 0.5727246546875 0.5697724656250001 0.570564515625 0.5395305296874999
3 0.53317225 1 0.548963134375 0.9801987328124999 0.5727246546875 0.94131624375 0.568404378125 0.90243375625 0.49063940156249997 0.7296226953125 0.47659850156249994 0.7177419359375 0.45931739687500006 0.7177419359375 0.45283698125000005 0.7220622125 0.36319124375 0.8181883640625 0.352390553125 0.8354694703125001 0.3491503453125 0.8538306453125 0.354550690625 0.878672234375 0.386952765625 0.947796659375 0.4161866359375 1 0.53317225 1
3 0 0.261952765625 0.05753168125 0.261952765625 0.07265265 0.25331221249999997 0.08345334062500001 0.25331221249999997 0.0964141703125 0.261952765625 0.1136952765625 0.264112903125 0.2022609453125 0.264112903125 0.2119815671875 0.2587125578125 0.2141417046875 0.2349510375 0.2238623265625 0.229550690625 0.2292626734375 0.21983006875000002 0.2292626734375 0.14638536875 0.21630184375 0.13774481562500002 0.21630184375 0.1139832953125 0.208741359375 0.10642281093749999 0.098574309375 0.10642281093749999 0.08561347968750001 0.11506336406249999 0.07265265 0.11506336406249999 0.0596918203125 0.10642281093749999 0 0.10522897499999999 0 0.261952765625
3 0.13637672812499999 0.36455933125 0.120175690625 0.354838709375 0.1126152078125 0.355918778125 0.10181451562499999 0.3818404375 0.0964141703125 0.45420506875 0.10181451562499999 0.5200892859375 0.11045506875 0.54385080625 0.118015553125 0.5492511515625 0.1309763828125 0.544930875 0.138536865625 0.535210253125 0.14717741875 0.47040610625 0.1406970046875 0.37752016093749996 0.13637672812499999 0.36455933125
3 0 0.5287344843749999 0.014328917187500002 0.5319700453125 0.027289746875 0.5470910140624999 0.0348502296875 0.54169066875 0.045650921875 0.4920074890625 0.045650921875 0.4120823734375 0.03917050625 0.373199884375 0.0316100234375 0.36131912499999996 0.027289746875 0.36131912499999996 0.01864919375 0.3742799546875 0 0.37849106250000003 0 0.5287344843749999
3 0.207661290625 0.61729550625 0.2033410140625 0.6043346781250001 0.192540321875 0.5848934328125 0.18065956249999998 0.5751728109375 0.1676987328125 0.5708525343749999 0.14177707343749998 0.5730126734375001 0.1244959671875 0.5902937781250001 0.1028945859375 0.59677419375 0.091013825 0.6086549546875 0.08453340937500001 0.6216157828125 0.08561347968750001 0.6529377875 0.1028945859375 0.676699309375 0.120175690625 0.6810195859375 0.1396169359375 0.7004608296875 0.1504176265625 0.70478110625 0.174179146875 0.7026209671875 0.1947004609375 0.68641993125 0.207661290625 0.6561779953125 0.207661290625 0.61729550625
3 0.1517922609375 1 0.153657834375 0.9931595625 0.153657834375 0.94131624375 0.14501728125 0.8808323734375 0.1255760375 0.81170795 0.10181451562499999 0.7598646312499999 0.07913306406250001 0.730702765625 0.0596918203125 0.7220622125 0.0424107140625 0.72422235 0.027289746875 0.732862903125 0 0.761913278125 0 0.9309795828125 0.017569124999999998 0.97587845625 0.031137493750000002 1 0.1517922609375 1