3 0.302734375 0.1943359375 0.302734375 0.1474609375 0.287109375 0.1025390625 0.265625 0.0732421875 0.2470703125 0.056640625 0.2197265625 0.041015625 0.1962890625 0.033203125 0.1474609375 0.03125 0.1220703125 0.037109375 0.0908203125 0.052734375 0.056640625 0.0849609375 0.04296875 0.1064453125 0.033203125 0.1337890625 0.029296875 0.1845703125 0.037109375 0.2177734375 0.046875 0.2373046875 0.0830078125 0.279296875 0.1201171875 0.30078125 0.1396484375 0.306640625 0.1953125 0.3056640625 0.2392578125 0.2890625 0.28125 0.2490234375 0.294921875 0.2216796875 0.302734375 0.1943359375
3 0.6126893359375 0.0634122640625 0.5960254359375 0.05674359062499999 0.5543656859375 0.0384048328125 0.527703471875 0.0384048328125 0.4927093078125 0.0450734734375 0.47437904218750004 0.051742117187500006 0.4543822859375 0.0650794015625 0.4477167015625 0.07674954843750001 0.44938319218749995 0.0934211703125 0.4593815078125 0.1050913171875 0.47104618593750003 0.116761496875 0.48604372187499995 0.22345980468749999 0.5027076218750001 0.233462815625 0.5160387921875 0.24680010000000002 0.5393681515625001 0.24680010000000002 0.5410346421875001 0.2451328984375 0.5610312703125 0.2417986265625 0.6045832953125 0.11916666875 0.6243541421875001 0.09008683281249999 0.6210212859375 0.0734152109375 0.6126893359375 0.0634122640625
3 0.4060569515625 0.2267941421875 0.40772344374999997 0.2684731953125 0.4210544875 0.2968149640625 0.43938475156249995 0.316820921875 0.46104787187499996 0.3218223953125 0.4927093078125 0.32015519531250003 0.5093732078125 0.311819384375 0.527703471875 0.2951477640625 0.5377017859375 0.2684731953125 0.5443673718750001 0.2267941421875 0.5327026921875 0.201786709375 0.5327026921875 0.198452371875 0.5243707421875 0.19178379375000001 0.519371521875 0.1884493921875 0.5043739859375 0.175112171875 0.4827109921875 0.16677636093749998 0.456666628125 0.1650000015625 0.4377183859375 0.16677636093749998 0.4127225375 0.1951180671875 0.4060569515625 0.2267941421875
3 0.984375 0.2177734375 0.98828125 0.1806640625 0.9765625 0.1474609375 0.93359375 0.0927734375 0.9169921875 0.078125 0.8818359375 0.05859375 0.8544921875 0.05078125 0.8037109375 0.05078125 0.7607421875 0.06640625 0.724609375 0.0947265625 0.68359375 0.1552734375 0.673828125 0.2060546875 0.6875 0.2373046875 0.7041015625 0.25390625 0.7294921875 0.26953125 0.7861328125 0.287109375 0.84375 0.2880859375 0.9033203125 0.27734375 0.9287109375 0.267578125 0.9580078125 0.25 0.984375 0.2177734375
3 0.291015625 0.5673828125 0.3046875 0.5458984375 0.310546875 0.5263671875 0.30859375 0.4755859375 0.296875 0.4462890625 0.275390625 0.4169921875 0.2568359375 0.3984375 0.2353515625 0.384765625 0.2041015625 0.373046875 0.1806640625 0.369140625 0.1298828125 0.373046875 0.1103515625 0.37890625 0.0791015625 0.396484375 0.05078125 0.4267578125 0.025390625 0.4736328125 0.021484375 0.5009765625 0.0234375 0.5322265625 0.0390625 0.5673828125 0.0556640625 0.5859375 0.0771484375 0.6015625 0.1064453125 0.615234375 0.1298828125 0.62109375 0.185546875 0.6220703125 0.2158203125 0.6171875 0.2412109375 0.607421875 0.2705078125 0.587890625 0.291015625 0.5673828125
3 0.625 0.5537109375 0.634765625 0.5361328125 0.640625 0.5126953125 0.638671875 0.4775390625 0.6328125 0.4560546875 0.623046875 0.4365234375 0.6015625 0.4091796875 0.5712890625 0.3828125 0.5380859375 0.369140625 0.5107421875 0.36328125 0.4658203125 0.365234375 0.4384765625 0.373046875 0.4091796875 0.388671875 0.388671875 0.4072265625 0.361328125 0.4462890625 0.349609375 0.4892578125 0.349609375 0.5146484375 0.35546875 0.5361328125 0.373046875 0.5654296875 0.3916015625 0.583984375 0.4267578125 0.603515625 0.4501953125 0.611328125 0.494140625 0.6162109375 0.5380859375 0.611328125 0.5654296875 0.6015625 0.5927734375 0.5859375 0.625 0.5537109375
3 0.826171875 0.4560546875 0.8212890625 0.453125 0.6767578125 0.455078125 0.68359375 0.4599609375 0.6953125 0.4892578125 0.720703125 0.6123046875 0.7353515625 0.623046875 0.76953125 0.6240234375 0.7841796875 0.62109375 0.8046875 0.6064453125 0.814453125 0.4912109375 0.826171875 0.4560546875
3 0.984375 0.4404296875 0.994140625 0.4306640625 0.9794921875 0.42578125 0.8994140625 0.42578125 0.8427734375 0.431640625 0.83984375 0.4365234375 0.84765625 0.4423828125 0.85546875 0.4931640625 0.865234375 0.6064453125 0.8720703125 0.615234375 0.8857421875 0.62109375 0.923828125 0.6240234375 0.9404296875 0.62109375 0.951171875 0.6123046875 0.9765625 0.4716796875 0.984375 0.4404296875
3 0.3134765625 0.876953125 0.326171875 0.8662109375 0.328125 0.8525390625 0.298828125 0.8291015625 0.29296875 0.7998046875 0.2080078125 0.744140625 0.0556640625 0.767578125 0.04296875 0.7783203125 0.037109375 0.8095703125 0.017578125 0.8154296875 0.0234375 0.8251953125 0.0234375 0.8310546875 0.0185546875 0.83203125 0.017578125 0.8369140625 0.046875 0.8623046875 0.0546875 0.8798828125 0.0908203125 0.912109375 0.1142578125 0.927734375 0.15234375 0.9306640625 0.2685546875 0.91015625 0.29296875 0.8916015625 0.2978515625 0.87890625 0.3134765625 0.876953125
3 0.640625 0.9169921875 0.638671875 0.9052734375 0.615234375 0.8642578125 0.6064453125 0.857421875 0.587890625 0.8525390625 0.603515625 0.8310546875 0.60546875 0.7255859375 0.5947265625 0.7109375 0.5595703125 0.70703125 0.5517578125 0.69921875 0.5322265625 0.69921875 0.5263671875 0.70703125 0.4697265625 0.70703125 0.4619140625 0.69921875 0.4443359375 0.69921875 0.4365234375 0.70703125 0.4091796875 0.70703125 0.396484375 0.7138671875 0.390625 0.7255859375 0.392578125 0.8310546875 0.41015625 0.8525390625 0.3916015625 0.857421875 0.380859375 0.8662109375 0.35546875 0.9189453125 0.3701171875 0.931640625 0.3896484375 0.935546875 0.4033203125 0.951171875 0.4189453125 0.95703125 0.4296875 0.9560546875 0.5849609375 0.953125 0.6142578125 0.9296875 0.6259765625 0.927734375 0.640625 0.9169921875
3 0.982421875 0.7490234375 0.978515625 0.7255859375 0.9599609375 0.712890625 0.8916015625 0.703125 0.7783203125 0.705078125 0.7158203125 0.720703125 0.708984375 0.7275390625 0.705078125 0.7490234375 0.7265625 0.7685546875 0.748046875 0.9052734375 0.7578125 0.9384765625 0.7705078125 0.951171875 0.7958984375 0.96484375 0.8251953125 0.970703125 0.8671875 0.9697265625 0.9111328125 0.955078125 0.9296875 0.9326171875 0.9609375 0.7666015625 0.982421875 0.7490234375