3 0.859036796875 0.7622429656249999 0.8478760828125 0.7510822515625 0.8083062765625 0.750067640625 0.7991747828125 0.7510822515625 0.78801406875 0.7602137453125 0.7738095234375 0.8758793296875 0.7697510828125 0.8819669906250001 0.778882575 0.8890692640625 0.8072916671874999 0.8931277062499999 0.8701975109375001 0.8890692640625 0.8772997828125 0.8839962124999999 0.8772997828125 0.8779085500000001 0.859036796875 0.7622429656249999
3 0.9655708875 0.7510822515625 0.934117965625 0.7480384203125 0.9148403671875001 0.7510822515625 0.905708875 0.7581845234375 0.8874458875 0.8860254328125 0.9148403671875001 0.8931277062499999 0.9655708875 0.8931277062499999 0.987892315625 0.8890692640625 0.9949945890624999 0.8799377703125 0.990936146875 0.8738501078124999 0.9767316015624999 0.7642721859375 0.9655708875 0.7510822515625
3 0.7433712124999999 0.7581845234375 0.7322104984375 0.7510822515625 0.6926406921875 0.750067640625 0.6794507578125 0.7531114718749999 0.66829004375 0.76630140625 0.6561147187499999 0.8819669906250001 0.6652462124999999 0.891098484375 0.687567640625 0.8951569265625 0.7504734843749999 0.891098484375 0.7616341984375 0.8839962124999999 0.7616341984375 0.8738501078124999 0.747429653125 0.76630140625 0.7433712124999999 0.7581845234375
3 0.843817640625 0.609036796875 0.8844020562500001 0.572510821875 0.9391910171875001 0.5136634203125 0.9736877703125 0.5055465375 0.984848484375 0.4984442640625 0.9645562765625 0.4051001078125 0.9574540046875001 0.40002705625 0.937161796875 0.4020562765625 0.931074134375 0.389880953125 0.915854978125 0.386837121875 0.6977137453125 0.452786796875 0.6885822515625 0.461918290625 0.684523809375 0.4740936140625 0.66220238125 0.4923566015625 0.6601731609375 0.5004734843749999 0.718005953125 0.5542478359375 0.72815205625 0.5583062765625 0.7504734843749999 0.55627705625 0.8194669906250001 0.607007575 0.843817640625 0.609036796875
3 0.62567640625 0.47815205625 0.6195887453125 0.46597673124999994 0.6175595234375 0.4416260828125 0.6104572515625 0.4324945890625 0.353760821875 0.43147997812499994 0.3476731609375 0.43756764062500003 0.3456439390625 0.45988906875 0.33752705625 0.4801812765625 0.3649215375 0.4893127703125 0.4298566015625 0.5481601734375 0.47247023749999995 0.58062770625 0.4947916671875 0.5785984843749999 0.6043695890625 0.4832251078125 0.6206033546875 0.4832251078125 0.62567640625 0.47815205625
3 0.6074134203125 0.8718208875 0.593208875 0.843411796875 0.5739312765625 0.8180465375000001 0.5516098484375 0.8200757578125 0.5110254328125 0.834280303125 0.50595238125 0.8292072515625 0.5018939390625 0.8089150437500001 0.4927624453125 0.8038419906250001 0.3953598484375 0.7794913421875 0.38419913437500003 0.780505953125 0.356804653125 0.7916666671875 0.3517316015625 0.8089150437500001 0.34361471875 0.819061146875 0.42782738125 0.840367965625 0.4765286796875 0.846455628125 0.4866747828125 0.858630953125 0.5739312765625 0.8951569265625 0.6104572515625 0.891098484375 0.62567640625 0.8839962124999999 0.6074134203125 0.8718208875
3 0 0.8218822593749999 0.0321293296875 0.8383387453125 0.1132981609375 0.9377705625000001 0.12750270625 0.9397997828125 0.2746212125 0.8718208875 0.2766504328125 0.8616747828125 0.2583874453125 0.8454410171875001 0.25331439375000003 0.822104978125 0.10923971875 0.7389069265625 0.1011228359375 0.7348484843749999 0.08793290000000001 0.7358630953125 0.0240124453125 0.7693452375 0.016910173437500002 0.780505953125 0.016910173437500002 0.7947104984375 0 0.8057388718749999 0 0.8218822593749999
3 0.27766504375 0.5359848484375 0.19852543281249999 0.49134199062499995 0.1863501078125 0.4852543296875 0.1721455625 0.4852543296875 0.1599702375 0.4690205625 0.050392315624999996 0.40002705625 0.03720238125 0.3990124453125 0.0027056281250000002 0.44974296562499994 0.005749459375 0.46293290000000004 0.11532738125 0.5258387453125 0.131561146875 0.5278679656249999 0.1417072515625 0.540043290625 0.2330221859375 0.584686146875 0.2391098484375 0.584686146875 0.26548971875 0.55627705625 0.284767315625 0.5451163421875 0.27766504375 0.5359848484375
3 0.89657738125 0.215367965625 0.9452786796874999 0.2052218609375 0.95643939375 0.1960903671875 0.9635416671874999 0.18290043281249999 0.9736877703125 0.1808712125 0.9828192640625 0.17173971875 0.9807900437500001 0.1636228359375 0.9665854984375001 0.14738906875 0.952380953125 0.1149215375 0.900635821875 0.071293290625 0.8570075750000001 0.0662202375 0.7667072515625 0.0794101734375 0.7261228359375 0.08955627656250001 0.714962121875 0.0986877703125 0.7017721859375 0.12405302968750001 0.675392315625 0.12405302968750001 0.67437770625 0.13115530312499998 0.6946699140625 0.1453598484375 0.7159767312499999 0.18290043281249999 0.793087121875 0.2234848484375 0.89657738125 0.215367965625
3 0.5861066015625 0.20116342031249998 0.6033549781249999 0.19000270625 0.6104572515625 0.162608225 0.6327786796875 0.1565205625 0.639880953125 0.149418290625 0.6195887453125 0.08651244531249999 0.6195887453125 0.062161796874999994 0.6043695890625 0.046942640625 0.597267315625 0.0479572515625 0.4420319265625 0.11187770625 0.3710091984375 0.1301406921875 0.3547754328125 0.1443452375 0.3385416671875 0.1504329 0.327380953125 0.1615936140625 0.32535173125 0.17173971875 0.35579004375 0.2082656921875 0.39738906875 0.24783549843750002 0.4359442640625 0.2417478359375 0.5861066015625 0.20116342031249998
3 0 0.1925450625 0.0077786796875 0.197104978125 0.0199540046875 0.21333874531250002 0.074742965625 0.23768939375000003 0.1843208875 0.184929653125 0.24113906875 0.1504329 0.2502705625 0.1392721859375 0.256358225 0.1108630953125 0.2898403671875 0.08955627656250001 0.2949134203125 0.0783955625 0.2391098484375 0.040854978125000004 0.2147591984375 0.0165043296875 0.19954004375 0.015489718750000001 0.1011228359375 0.0834686140625 0.0179247828125 0.12405302968750001 0.0047348484375 0.137242965625 0.0027056281250000002 0.1514475109375 0 0.1536120125 0 0.1925450625