3 0.267578125 0.0732421875 0.271484375 0.0654296875 0.275390625 0.0224609375 0.28125 0.0146484375 0.2744140625 0.009765625 0.2294921875 0.005859375 0.1259765625 0.005859375 0.0556640625 0.01171875 0.052734375 0.0146484375 0.060546875 0.0224609375 0.095703125 0.3076171875 0.1064453125 0.318359375 0.1201171875 0.32421875 0.169921875 0.3291015625 0.2158203125 0.32421875 0.240234375 0.3076171875 0.259765625 0.1689453125 0.267578125 0.0732421875
3 0.578125 0.2763671875 0.580078125 0.2470703125 0.61328125 0.0908203125 0.6171875 0.0498046875 0.619140625 0.0400390625 0.62890625 0.0283203125 0.6162109375 0.021484375 0.5478515625 0.013671875 0.4150390625 0.013671875 0.3662109375 0.01953125 0.353515625 0.0283203125 0.36328125 0.0400390625 0.3671875 0.0888671875 0.396484375 0.2392578125 0.3984375 0.2822265625 0.404296875 0.2919921875 0.40234375 0.3076171875 0.4091796875 0.314453125 0.4365234375 0.3203125 0.5078125 0.3232421875 0.5595703125 0.318359375 0.57421875 0.3095703125 0.572265625 0.2958984375 0.578125 0.2763671875
3 0.921875 0.1083984375 0.931640625 0.0498046875 0.939453125 0.0419921875 0.939453125 0.0361328125 0.9072265625 0.025390625 0.8544921875 0.021484375 0.7724609375 0.0234375 0.7255859375 0.03125 0.716796875 0.0380859375 0.716796875 0.0439453125 0.724609375 0.0498046875 0.75390625 0.2783203125 0.76171875 0.3056640625 0.7705078125 0.3125 0.8017578125 0.318359375 0.857421875 0.3173828125 0.8876953125 0.3125 0.8984375 0.3056640625 0.91796875 0.1650390625 0.921875 0.1083984375
3 0.27734375 0.4169921875 0.27734375 0.4072265625 0.2890625 0.3955078125 0.291015625 0.3837890625 0.2841796875 0.375 0.2685546875 0.3671875 0.2138671875 0.35546875 0.1259765625 0.35546875 0.0654296875 0.3671875 0.0458984375 0.37890625 0.041015625 0.3916015625 0.056640625 0.4111328125 0.07421875 0.4599609375 0.11328125 0.6142578125 0.119140625 0.6240234375 0.1376953125 0.638671875 0.1552734375 0.642578125 0.19140625 0.6416015625 0.2099609375 0.6328125 0.2265625 0.6123046875 0.263671875 0.4482421875 0.27734375 0.4169921875
3 0.63671875 0.4521484375 0.646484375 0.4443359375 0.64453125 0.4384765625 0.6123046875 0.427734375 0.5419921875 0.419921875 0.4189453125 0.421875 0.3701171875 0.431640625 0.36328125 0.4423828125 0.373046875 0.4501953125 0.404296875 0.6162109375 0.4208984375 0.630859375 0.4404296875 0.638671875 0.4873046875 0.646484375 0.5234375 0.6455078125 0.5751953125 0.63671875 0.6015625 0.6181640625 0.634765625 0.4599609375 0.63671875 0.4521484375
3 0.939453125 0.4228515625 0.943359375 0.4072265625 0.951171875 0.3974609375 0.9326171875 0.388671875 0.8798828125 0.384765625 0.7646484375 0.384765625 0.7158203125 0.388671875 0.6962890625 0.39453125 0.693359375 0.4013671875 0.69921875 0.4052734375 0.701171875 0.4130859375 0.734375 0.5986328125 0.7470703125 0.611328125 0.7763671875 0.623046875 0.8017578125 0.626953125 0.84375 0.6259765625 0.8837890625 0.6171875 0.8994140625 0.609375 0.908203125 0.5986328125 0.939453125 0.4228515625
3 0.318359375 0.8173828125 0.2919921875 0.8046875 0.2548828125 0.806640625 0.251953125 0.7978515625 0.263671875 0.7900390625 0.26953125 0.7744140625 0.263671875 0.7509765625 0.2490234375 0.734375 0.2314453125 0.724609375 0.2177734375 0.72265625 0.2099609375 0.7265625 0.197265625 0.7490234375 0.19921875 0.7724609375 0.2158203125 0.79296875 0.2255859375 0.798828125 0.2412109375 0.80078125 0.24609375 0.8076171875 0.23828125 0.8271484375 0.248046875 0.8486328125 0.24609375 0.8720703125 0.25 0.8837890625 0.2626953125 0.89453125 0.298828125 0.8935546875 0.30859375 0.8837890625 0.314453125 0.8447265625 0.322265625 0.8310546875 0.318359375 0.8173828125
3 0.2421875 0.8447265625 0.2333984375 0.8359375 0.2158203125 0.830078125 0.1728515625 0.83203125 0.171875 0.8232421875 0.185546875 0.8095703125 0.185546875 0.7900390625 0.1796875 0.7783203125 0.1552734375 0.7578125 0.1416015625 0.751953125 0.1240234375 0.75390625 0.109375 0.7744140625 0.109375 0.7978515625 0.1171875 0.8115234375 0.1298828125 0.822265625 0.1640625 0.8310546875 0.166015625 0.8369140625 0.158203125 0.8466796875 0.158203125 0.8603515625 0.162109375 0.8642578125 0.169921875 0.9169921875 0.1865234375 0.92578125 0.216796875 0.9248046875 0.232421875 0.9150390625 0.23828125 0.8681640625 0.244140625 0.8603515625 0.2421875 0.8447265625
3 0.16015625 0.8857421875 0.15625 0.8681640625 0.1318359375 0.85546875 0.0830078125 0.859375 0.080078125 0.8486328125 0.09375 0.8330078125 0.08984375 0.8056640625 0.0732421875 0.787109375 0.0595703125 0.779296875 0.0419921875 0.7734375 0.0283203125 0.775390625 0.01953125 0.7841796875 0.01171875 0.8037109375 0.013671875 0.8212890625 0.01953125 0.8330078125 0.0341796875 0.84765625 0.0556640625 0.85546875 0.0693359375 0.853515625 0.076171875 0.8623046875 0.068359375 0.8837890625 0.076171875 0.8955078125 0.08203125 0.9443359375 0.0966796875 0.955078125 0.125 0.9560546875 0.1416015625 0.951171875 0.150390625 0.9404296875 0.154296875 0.8935546875 0.16015625 0.8857421875
3 0.505859375 0.8037109375 0.4912109375 0.78515625 0.4541015625 0.7734375 0.3798828125 0.7734375 0.3623046875 0.779296875 0.35546875 0.7841796875 0.3515625 0.7958984375 0.341796875 0.8017578125 0.341796875 0.8115234375 0.349609375 0.8154296875 0.353515625 0.8310546875 0.359375 0.8349609375 0.375 0.9599609375 0.3798828125 0.966796875 0.3896484375 0.970703125 0.439453125 0.9716796875 0.4638671875 0.96875 0.4765625 0.9580078125 0.48828125 0.8427734375 0.505859375 0.8037109375
3 0.66015625 0.7626953125 0.6572265625 0.759765625 0.6025390625 0.7578125 0.5048828125 0.759765625 0.501953125 0.7626953125 0.505859375 0.7685546875 0.5078125 0.7978515625 0.513671875 0.8076171875 0.53125 0.9599609375 0.5419921875 0.96875 0.5595703125 0.97265625 0.603515625 0.9716796875 0.6259765625 0.966796875 0.6328125 0.9560546875 0.646484375 0.8271484375 0.66015625 0.7626953125
3 0.694342596875 0.7402800671875001 0.6776785703125 0.7502830140625 0.6660138921875001 0.758618825 0.6793449359375 0.9353381140625 0.702674546875 0.948675334375 0.7193384468749999 0.948675334375 0.7310031265625 0.948675334375 0.744334296875 0.9470081984375 0.754332484375 0.9420066609375001 0.7712499609375 0.7670833359375 0.7426678046874999 0.7486158781250001 0.7243374140625 0.7402800671875001 0.694342596875 0.7402800671875001
3 0.7493332640625 0.778624846875 0.7376685843749999 0.7969636046875 0.762664434375 0.9503424703125001 0.7726628765625 0.953676871875 0.7893267765624999 0.9570111453125 0.8059906765625 0.9570111453125 0.8243208125000001 0.9553440078125 0.839318475 0.9503424703125001 0.8545832953125 0.7900000015625 0.8326527625000001 0.780291984375 0.770996384375 0.7769577109375 0.7493332640625 0.778624846875
3 0.8743125125000001 0.7952964687499999 0.8676470546875 0.7952964687499999 0.8509831546875001 0.8019651421875 0.8459839328125 0.8036322796875 0.8326527625000001 0.8119680890625001 0.847650425 0.85364714375 0.8609815953125001 0.953676871875 0.8726462749999999 0.9703484937500001 0.8926429046875001 0.9753499031249999 0.9026413453125001 0.9753499031249999 0.9193052453125 0.9736827671875 0.930969925 0.9720156296875 0.9393018734374999 0.9703484937500001 0.9493000609375001 0.9703484937500001 0.9576320109375001 0.9603455453124999 0.9742959109375 0.8469784703125001 0.987916628125 0.8087500015625 0.9376353828124999 0.7969636046875 0.8959756328124999 0.7952964687499999 0.8743125125000001 0.7952964687499999