3 0.17090277812500002 0 0.03868055625 0.03694444375 0.02305555625 0.05881944375 0.020972221875 0.085902778125 0.0313888890625 0.25673611093750004 0.035555556249999995 0.2817361109375 0.043888889062500006 0.29631944374999997 0.06368055624999999 0.3098611109375 0.1845138890625 0.339027778125 0.21368055625000001 0.33694444375 0.22513888906249999 0.32756944374999997 0.23243055625000003 0.307777778125 0.22722222187500002 0.0442361109375 0.220972221875 0.017152778125 0.201801471875 0 0.17090277812500002 0
3 0.252222221875 0.6504861109375 0.26888888906249997 0.62131944375 0.2813888890625 0.585902778125 0.28659722187500003 0.5411111109375 0.28555555625 0.48173611093749996 0.27305555625 0.435902778125 0.24805555625000003 0.392152778125 0.2157638890625 0.370277778125 0.19493055625 0.370277778125 0.161597221875 0.382777778125 0.142847221875 0.395277778125 0.11993055625 0.40361111093749996 0.08868055625 0.43069444375000004 0.055347221875 0.43694444375 0.04180555625 0.454652778125 0.043888889062500006 0.4754861109375 0.060555556249999996 0.49631944375000003 0.058472221874999994 0.5463194437500001 0.064722221875 0.5775694437500001 0.0813888890625 0.6088194437500001 0.11159722187500001 0.6411111109375 0.16368055625 0.6661111109375 0.192847221875 0.67444444375 0.2220138890625 0.67444444375 0.23451388906249998 0.66819444375 0.252222221875 0.6504861109375
3 0.14781249999999999 1 0.1657638890625 0.98694444375 0.2126388890625 0.94006944375 0.22305555625 0.90881944375 0.224097221875 0.8911111109375 0.220972221875 0.84631944375 0.208472221875 0.8171527781249999 0.155347221875 0.76819444375 0.10534722187500001 0.74319444375 0.08868055625 0.7181944437500001 0.067847221875 0.720277778125 0.060555556249999996 0.729652778125 0.0563888890625 0.74631944375 0.050138889062500004 0.8129861109375 0.052222221874999995 0.96506944375 0.05739711875 1 0.14781249999999999 1
3 0.524097221875 0.2661111109375 0.5522222218749999 0.235902778125 0.56055555625 0.21506944374999998 0.56368055625 0.189027778125 0.5626388890625 0.14631944375 0.5501388890625 0.1129861109375 0.50743055625 0.070277778125 0.47618055625 0.04944444375 0.4470138890625 0.03694444375 0.43243055625000004 0.01194444375 0.40951388906249997 0.0161111109375 0.4001388890625 0.035902778125 0.39388888906249997 0.08381944375 0.39180555625 0.210902778125 0.39805555625 0.28798611093750004 0.41055555625 0.335902778125 0.43659722187499994 0.3411111109375 0.45118055625000003 0.314027778125 0.48243055625000003 0.29944444375 0.524097221875 0.2661111109375
3 0.4595138890625 0.570277778125 0.48868055625 0.5536111109374999 0.5188888890625 0.52756944375 0.5282638890625 0.49736111093749996 0.52930555625 0.460902778125 0.52305555625 0.442152778125 0.48868055625 0.40569444375 0.44493055625 0.38069444375 0.43659722187499994 0.36819444375 0.43243055625000004 0.36819444375 0.42097222187499994 0.39006944374999997 0.4126388890625 0.4567361109375 0.41472222187499996 0.5504861109375 0.42305555625 0.5817361109375 0.43034722187499996 0.5848611109374999 0.43659722187499994 0.576527778125 0.4595138890625 0.570277778125
3 0.370972221875 0.5379861109374999 0.4126388890625 0.60256944375 0.486597221875 0.6931944437500001 0.5032638890625 0.6931944437500001 0.502222221875 0.68381944375 0.458472221875 0.62131944375 0.42305555625 0.5838194437500001 0.39597222187500003 0.542152778125 0.37826388906249997 0.52444444375 0.370972221875 0.5317361109375 0.370972221875 0.5379861109374999
3 0.474097221875 0.91819444375 0.51368055625 0.8890277781249999 0.52305555625 0.8754861109375 0.5282638890625 0.8515277781249999 0.52930555625 0.8171527781249999 0.5188888890625 0.792152778125 0.4782638890625 0.7536111109375 0.44493055625 0.73694444375 0.4345138890625 0.7223611109375 0.42305555625 0.7379861109375 0.4188888890625 0.754652778125 0.4126388890625 0.8129861109375 0.41472222187499996 0.9067361109375 0.42305555625 0.9379861109375 0.4282638890625 0.9411111109375 0.43868055625 0.93069444375 0.474097221875 0.91819444375
3 0.474550653125 1 0.45430555625 0.97131944375 0.42097222187499994 0.9359027781249999 0.39180555625 0.8921527781249999 0.37618055625 0.8806944437500001 0.370972221875 0.8879861109375 0.37305555625000003 0.8984027781249999 0.439722221875 0.9942361109375 0.4448573234375 1 0.474550653125 1
3 0.8970138890625 0.332777778125 0.91993055625 0.332777778125 0.93555555625 0.323402778125 0.9449305562499999 0.30361111093750004 0.9397222218750001 0.2817361109375 0.9293055562499999 0.26506944374999997 0.8699305562499999 0.214027778125 0.8095138890625 0.189027778125 0.77618055625 0.189027778125 0.7626388890625 0.198402778125 0.7563888890625 0.210902778125 0.7563888890625 0.2254861109375 0.7688888890625 0.2504861109375 0.7970138890625 0.28069444374999997 0.8345138890625 0.307777778125 0.874097221875 0.326527778125 0.8970138890625 0.332777778125
3 0.8990972218750001 0.22861111093750003 0.9188888890625 0.20673611093750002 0.9293055562499999 0.1879861109375 0.9386805562499999 0.14944444375 0.9376388890625 0.10673611093749999 0.9251388890625 0.07131944375 0.9011805562499999 0.04319444375 0.8782638890625 0.03069444375 0.842847221875 0.0286111109375 0.817847221875 0.039027778125 0.789722221875 0.06506944375 0.77305555625 0.098402778125 0.76680555625 0.1504861109375 0.7751388890625 0.1879861109375 0.7938888890625 0.22131944374999998 0.8053472218750001 0.232777778125 0.8282638890625 0.245277778125 0.8615972218750001 0.24736111093750002 0.8824305562499999 0.23694444374999998 0.886597221875 0.22861111093750003 0.8990972218750001 0.22861111093750003
3 0.8657638890625 0.601527778125 0.905347221875 0.5786111109375 0.9313888890625 0.5379861109374999 0.9386805562499999 0.5056944437500001 0.9376388890625 0.460902778125 0.9230555562499999 0.423402778125 0.8990972218750001 0.39736111093750004 0.874097221875 0.38486111093750003 0.8511805562499999 0.382777778125 0.8157638890625 0.395277778125 0.789722221875 0.42131944375 0.77305555625 0.454652778125 0.76680555625 0.5067361109374999 0.77305555625 0.5379861109374999 0.7813888890625 0.5463194437500001 0.7876388890625 0.5692361109374999 0.8095138890625 0.5911111109375 0.824097221875 0.5994444437500001 0.8407638890625 0.6036111109375 0.8657638890625 0.601527778125
3 0.8761805562499999 0.682777778125 0.905347221875 0.689027778125 0.9282638890625 0.6848611109375 0.942847221875 0.66819444375 0.9438888890625 0.648402778125 0.9313888890625 0.623402778125 0.9095138890625 0.5994444437500001 0.86368055625 0.5661111109375 0.80118055625 0.54319444375 0.7803472218749999 0.54319444375 0.7626388890625 0.554652778125 0.7563888890625 0.567152778125 0.7563888890625 0.5817361109375 0.76680555625 0.60256944375 0.7865972218749999 0.626527778125 0.82618055625 0.657777778125 0.8761805562499999 0.682777778125
3 1 0.8451838234375 0.9907638890625 0.8348611109374999 0.9303472218750001 0.8202777781249999 0.8345138890625 0.807777778125 0.811597221875 0.782777778125 0.80118055625 0.7786111109375 0.7657638890625 0.782777778125 0.72930555625 0.8129861109375 0.714722221875 0.84631944375 0.7084722218749999 0.8900694437500001 0.7126388890625 0.9275694437500001 0.7251388890625 0.9609027781249999 0.7553472218749999 0.9911111109374999 0.7699305562500001 0.9973611109375 0.80118055625 0.9973611109375 0.817847221875 0.98694444375 0.8303472218750001 0.9723611109375 0.8907638890625 0.9661111109375 0.9865972218750001 0.9473611109375 1 0.9353691515625 1 0.8451838234375