3 0.3125 0.2177734375 0.314453125 0.2138671875 0.2998046875 0.19921875 0.224609375 0.1787109375 0.291015625 0.0927734375 0.294921875 0.0771484375 0.2900390625 0.0703125 0.2763671875 0.064453125 0.2587890625 0.068359375 0.2294921875 0.056640625 0.1767578125 0.044921875 0.1669921875 0.037109375 0.1279296875 0.03515625 0.10546875 0.0498046875 0.02734375 0.1435546875 0.021484375 0.1533203125 0.021484375 0.1806640625 0.015625 0.1982421875 0.01953125 0.2138671875 0.0390625 0.2255859375 0.04296875 0.2470703125 0.0576171875 0.263671875 0.1279296875 0.29296875 0.1513671875 0.298828125 0.173828125 0.2978515625 0.2705078125 0.26953125 0.287109375 0.2568359375 0.29296875 0.2294921875 0.3125 0.2177734375
3 0.6005859375 0.1640625 0.6513671875 0.119140625 0.662109375 0.1044921875 0.5654296875 0.0546875 0.5478515625 0.046875 0.5380859375 0.046875 0.4794921875 0.083984375 0.470703125 0.0927734375 0.470703125 0.1044921875 0.4658203125 0.109375 0.4404296875 0.109375 0.35546875 0.1650390625 0.4755859375 0.255859375 0.486328125 0.2587890625 0.572265625 0.1865234375 0.5703125 0.1708984375 0.5732421875 0.16796875 0.6005859375 0.1640625
3 0.9150390625 0.23046875 0.9345703125 0.23046875 0.9599609375 0.220703125 0.96875 0.2138671875 0.97265625 0.2041015625 0.9140625 0.0634765625 0.9013671875 0.046875 0.8876953125 0.041015625 0.8779296875 0.041015625 0.8564453125 0.05078125 0.8447265625 0.0625 0.8134765625 0.072265625 0.7998046875 0.09375 0.7861328125 0.08984375 0.7744140625 0.091796875 0.7255859375 0.123046875 0.7138671875 0.12109375 0.6962890625 0.12890625 0.693359375 0.1337890625 0.697265625 0.1474609375 0.7119140625 0.166015625 0.8408203125 0.267578125 0.8544921875 0.2734375 0.865234375 0.2724609375 0.8876953125 0.259765625 0.90234375 0.2451171875 0.9072265625 0.234375 0.9150390625 0.23046875
3 0.1455078125 0.39453125 0.1162109375 0.40234375 0.0751953125 0.42578125 0.0576171875 0.427734375 0.0263671875 0.44140625 0.013671875 0.4521484375 0.015625 0.4619140625 0.0400390625 0.484375 0.2431640625 0.58984375 0.275390625 0.5908203125 0.3134765625 0.568359375 0.32421875 0.5458984375 0.1650390625 0.396484375 0.1455078125 0.39453125
3 0.6240234375 0.529296875 0.5849609375 0.525390625 0.4365234375 0.49609375 0.4150390625 0.5 0.3583984375 0.537109375 0.345703125 0.5498046875 0.361328125 0.5576171875 0.36328125 0.5732421875 0.3759765625 0.583984375 0.484375 0.5849609375 0.6259765625 0.580078125 0.64453125 0.5693359375 0.6328125 0.5361328125 0.6240234375 0.529296875
3 0.8603515625 0.611328125 0.9638671875 0.60546875 0.974609375 0.5927734375 0.974609375 0.4072265625 0.970703125 0.3974609375 0.9541015625 0.38671875 0.8603515625 0.3828125 0.8427734375 0.39453125 0.8291015625 0.3828125 0.7119140625 0.3828125 0.703125 0.3935546875 0.705078125 0.5986328125 0.708984375 0.6064453125 0.7197265625 0.61328125 0.74609375 0.6142578125 0.8291015625 0.61328125 0.8427734375 0.6015625 0.8486328125 0.6015625 0.8603515625 0.611328125
3 0.318359375 0.8447265625 0.3203125 0.8349609375 0.2802734375 0.810546875 0.1376953125 0.748046875 0.1259765625 0.748046875 0.0986328125 0.76171875 0.0517578125 0.787109375 0.03125 0.8056640625 0.029296875 0.8154296875 0.0537109375 0.830078125 0.05859375 0.8408203125 0.0732421875 0.853515625 0.1884765625 0.91796875 0.2080078125 0.92578125 0.220703125 0.9248046875 0.2822265625 0.884765625 0.291015625 0.8759765625 0.294921875 0.8623046875 0.318359375 0.8447265625
3 0.5732421875 0.859375 0.6142578125 0.845703125 0.6474609375 0.830078125 0.65234375 0.8251953125 0.650390625 0.8193359375 0.5361328125 0.755859375 0.4658203125 0.7734375 0.4560546875 0.783203125 0.4404296875 0.78125 0.357421875 0.8154296875 0.357421875 0.8212890625 0.4501953125 0.908203125 0.4658203125 0.91796875 0.4765625 0.9169921875 0.5361328125 0.88671875 0.541015625 0.8740234375 0.5595703125 0.857421875 0.5732421875 0.859375
3 0.771484375 0.8095703125 0.7568359375 0.802734375 0.7275390625 0.802734375 0.6826171875 0.8125 0.677734375 0.8212890625 0.6875 0.8291015625 0.693359375 0.8408203125 0.712890625 0.9033203125 0.7197265625 0.908203125 0.744140625 0.9072265625 0.7529296875 0.904296875 0.763671875 0.8916015625 0.763671875 0.8330078125 0.771484375 0.8095703125
3 0.86328125 0.7841796875 0.8095703125 0.78125 0.7802734375 0.787109375 0.7734375 0.7958984375 0.779296875 0.8017578125 0.78515625 0.8193359375 0.80078125 0.8935546875 0.8134765625 0.90625 0.8359375 0.9052734375 0.8466796875 0.900390625 0.8515625 0.8916015625 0.85546875 0.8212890625 0.86328125 0.7841796875
3 0.99609375 0.7568359375 0.9736328125 0.75 0.8916015625 0.751953125 0.888671875 0.7587890625 0.892578125 0.7744140625 0.89453125 0.8935546875 0.9033203125 0.904296875 0.9189453125 0.91015625 0.943359375 0.9091796875 0.951171875 0.9052734375 0.95703125 0.8916015625 0.98828125 0.7685546875 0.99609375 0.7568359375