3 0.314453125 0.1064453125 0.314453125 0.0986328125 0.2978515625 0.08984375 0.2744140625 0.0859375 0.2158203125 0.078125 0.1767578125 0.078125 0.0361328125 0.126953125 0.0263671875 0.1328125 0.01953125 0.1435546875 0.0341796875 0.158203125 0.1103515625 0.1875 0.1337890625 0.1953125 0.158203125 0.1962890625 0.1806640625 0.193359375 0.2099609375 0.1796875 0.2939453125 0.123046875 0.314453125 0.1064453125
3 0.65234375 0.0986328125 0.64453125 0.0771484375 0.6337890625 0.06640625 0.6142578125 0.056640625 0.6064453125 0.056640625 0.6005859375 0.048828125 0.5888671875 0.048828125 0.5791015625 0.056640625 0.5615234375 0.05859375 0.4697265625 0.05859375 0.4619140625 0.05078125 0.4462890625 0.05859375 0.3896484375 0.05859375 0.3671875 0.0732421875 0.35546875 0.0927734375 0.353515625 0.1044921875 0.3515625 0.2431640625 0.359375 0.2666015625 0.3701171875 0.279296875 0.3876953125 0.2890625 0.4853515625 0.2890625 0.4970703125 0.28125 0.5068359375 0.283203125 0.5107421875 0.2890625 0.615234375 0.2880859375 0.6298828125 0.28125 0.646484375 0.2646484375 0.65625 0.2314453125 0.65234375 0.0986328125
3 0.984375 0.2373046875 0.98828125 0.2314453125 0.98828125 0.2138671875 0.96875 0.1533203125 0.9560546875 0.13671875 0.9443359375 0.1328125 0.7294921875 0.134765625 0.7138671875 0.140625 0.705078125 0.1494140625 0.68359375 0.2275390625 0.6923828125 0.2421875 0.7041015625 0.248046875 0.7333984375 0.25 0.7490234375 0.255859375 0.8515625 0.2548828125 0.9248046875 0.25390625 0.9404296875 0.248046875 0.9697265625 0.24609375 0.984375 0.2373046875
3 0.078125 0.4462890625 0.1005859375 0.427734375 0.1552734375 0.41796875 0.166015625 0.4091796875 0.166015625 0.4013671875 0.1513671875 0.390625 0.1103515625 0.3828125 0.0693359375 0.384765625 0.0361328125 0.392578125 0.01953125 0.4033203125 0.017578125 0.4130859375 0.03125 0.4248046875 0.05859375 0.5615234375 0.0654296875 0.5703125 0.0771484375 0.576171875 0.10546875 0.5771484375 0.109375 0.5693359375 0.095703125 0.4794921875 0.080078125 0.4619140625 0.078125 0.4462890625
3 0.255859375 0.4658203125 0.259765625 0.4501953125 0.2529296875 0.439453125 0.2353515625 0.4296875 0.2021484375 0.421875 0.1533203125 0.419921875 0.1005859375 0.4296875 0.08203125 0.4423828125 0.080078125 0.4580078125 0.095703125 0.4736328125 0.119140625 0.6337890625 0.1318359375 0.646484375 0.1455078125 0.65234375 0.181640625 0.6533203125 0.1982421875 0.6484375 0.21484375 0.6318359375 0.2421875 0.4755859375 0.255859375 0.4658203125
3 0.30078125 0.4267578125 0.3125 0.4189453125 0.314453125 0.4072265625 0.2978515625 0.39453125 0.2548828125 0.384765625 0.2138671875 0.384765625 0.1826171875 0.390625 0.169921875 0.3974609375 0.16796875 0.4091796875 0.1708984375 0.4140625 0.1806640625 0.419921875 0.2333984375 0.427734375 0.259765625 0.4462890625 0.26171875 0.4580078125 0.2421875 0.4833984375 0.2265625 0.5693359375 0.2275390625 0.578125 0.25 0.5771484375 0.2646484375 0.572265625 0.2734375 0.5595703125 0.298828125 0.4326171875 0.30078125 0.4267578125
3 0.5927734375 0.43359375 0.595703125 0.4267578125 0.57421875 0.3818359375 0.5537109375 0.361328125 0.5146484375 0.34765625 0.4677734375 0.349609375 0.4443359375 0.359375 0.423828125 0.3779296875 0.4140625 0.4033203125 0.404296875 0.4130859375 0.404296875 0.4208984375 0.3984375 0.4287109375 0.4072265625 0.435546875 0.4189453125 0.4375 0.421875 0.4443359375 0.447265625 0.6435546875 0.4658203125 0.66015625 0.4833984375 0.6640625 0.5078125 0.6630859375 0.5341796875 0.658203125 0.55078125 0.6455078125 0.576171875 0.4404296875 0.5927734375 0.43359375
3 0.7216796875 0.44921875 0.71484375 0.4560546875 0.6796875 0.5634765625 0.677734375 0.5810546875 0.6845703125 0.5859375 0.7177734375 0.5859375 0.7431640625 0.595703125 0.84765625 0.5947265625 1 0.5908203125 0.9990234375 0.4375 0.7431640625 0.44140625 0.7216796875 0.44921875
3 0.328125 0.8291015625 0.328125 0.8154296875 0.296875 0.7958984375 0.294921875 0.7705078125 0.2841796875 0.7578125 0.2216796875 0.724609375 0.2041015625 0.7265625 0.0244140625 0.79296875 0.017578125 0.8056640625 0.015625 0.8271484375 0.00390625 0.8427734375 0.0078125 0.8564453125 0.021484375 0.8701171875 0.025390625 0.8876953125 0.0380859375 0.900390625 0.0830078125 0.9375 0.103515625 0.9384765625 0.2802734375 0.859375 0.2939453125 0.84765625 0.3212890625 0.8359375 0.328125 0.8291015625
3 0.6162109375 0.83984375 0.4833984375 0.73828125 0.44921875 0.7080078125 0.4443359375 0.697265625 0.4365234375 0.697265625 0.404296875 0.7275390625 0.373046875 0.7724609375 0.349609375 0.8193359375 0.34375 0.8466796875 0.3486328125 0.8515625 0.3623046875 0.8515625 0.4189453125 0.87890625 0.5595703125 0.95703125 0.5830078125 0.966796875 0.58984375 0.9658203125 0.62890625 0.9091796875 0.6484375 0.8759765625 0.6484375 0.8701171875 0.6162109375 0.83984375
3 0.3903898484375 0.8999923609374999 0.41314315781250005 0.8954396109375 0.43719663437499995 0.8869844453125 0.4638505484375 0.8674725734375001 0.47035149374999996 0.85056229375 0.4716516640625 0.8238960515624999 0.453448996875 0.77836835 0.4254949625 0.7562549093750001 0.38323881875 0.7464989734375 0.3429329296875 0.7510517484375 0.3325785421875 0.7600866734375 0.3338316453125 0.8928380171875 0.3572350390625 0.8999923609374999 0.3903898484375 0.8999923609374999
3 0.9560546875 0.884765625 0.9853515625 0.875 0.98828125 0.8623046875 0.9501953125 0.818359375 0.9326171875 0.810546875 0.7451171875 0.806640625 0.7216796875 0.814453125 0.6875 0.8505859375 0.6796875 0.8642578125 0.6796875 0.8740234375 0.689453125 0.8818359375 0.689453125 0.8896484375 0.7119140625 0.908203125 0.8115234375 0.91015625 0.8154296875 0.9140625 0.837890625 0.9150390625 0.8544921875 0.9140625 0.8583984375 0.91015625 0.9384765625 0.90625 0.9560546875 0.884765625