3 0.33251728125 0.885584678125 0.304435484375 0.8121399765625 0.2947148625 0.8024193546875 0.1229838703125 0.7408554140625 0.106782834375 0.7397753453125 0.089501728125 0.7462557609375 0.049539170312500005 0.8034994234375 0.0279377875 0.8661434328125001 0.00849654375 0.8942252296875 0.00849654375 0.907186059375 0.0138968890625 0.91474654375 0.18670795 0.9471486171875 0.2385512671875 0.9514688937500001 0.343317971875 0.913666475 0.34547811093749997 0.8963853687500001 0.33251728125 0.885584678125
3 0.7062211984375 0.8942252296875 0.6759792625000001 0.8186203921875 0.6684187781250001 0.8110599078125 0.5010080640625 0.7494959671875 0.48048675156250004 0.7484158984375 0.46536578281249996 0.7548963140625 0.4275633640625 0.8078196999999999 0.40596198125000005 0.870463709375 0.3865207375 0.89854550625 0.3865207375 0.913666475 0.39192108281250004 0.9190668203125 0.40920218906250005 0.925547234375 0.6057747703125 0.9557891703125 0.64033698125 0.9471486171875 0.7148617515625 0.9179867515625 0.7170218890625 0.9028657828125001 0.7062211984375 0.8942252296875
3 1 0.74164091875 0.9891993093749999 0.7386952765625 0.9557171656250001 0.741935484375 0.8001872125 0.8002592171874999 0.783986175 0.82510080625 0.7623847921875 0.8834245390625 0.7494239625 0.8963853687500001 0.7515841015625 0.9093461984375001 0.8541906687499999 0.9471486171875 0.8801123265624999 0.9471486171875 0.9492367515625 0.9363479265624999 1 0.9275619796875001 1 0.74164091875
3 0.3389976953125 0.50108006875 0.323876728125 0.470838134375 0.3001152078125 0.40171370937499995 0.2849942390625 0.3952332953125 0.0743807609375 0.39415322656249996 0.060339862499999994 0.40603398593750006 0.0236175109375 0.507560484375 0.070060484375 0.5302419359375 0.27959389375 0.528081796875 0.3271169359375 0.5129608296875 0.3389976953125 0.5054003453125 0.3389976953125 0.50108006875
3 0.33251728125 0.5658842171875 0.3292770734375 0.55400345625 0.31415610625 0.5496831796875 0.17266705 0.546442971875 0.035498271875 0.5475230421874999 0.018217165625 0.55184331875 0.0149769578125 0.5615639406249999 0.0225374421875 0.5712845625 0.0787010375 0.5950460828125 0.27959389375 0.5972062218749999 0.324956796875 0.5756048390624999 0.33251728125 0.5658842171875
3 0.7235023046875 0.509720621875 0.6792194703125001 0.3984735015625 0.666258640625 0.39415322656249996 0.557171659375 0.39307315625 0.4416042625 0.3963133640625 0.43404377812500006 0.4038738484375 0.395161290625 0.5118807609375 0.43944412499999996 0.5345622125 0.4891273046875 0.53672235 0.6619383640625001 0.5324020734375 0.6878600234375 0.525921659375 0.7235023046875 0.509720621875
3 0.7170218890625 0.57020449375 0.71378168125 0.5604838703125 0.700820853125 0.55616359375 0.6090149765625 0.5529233875 0.4005616359375 0.55400345625 0.3865207375 0.5615639406249999 0.3865207375 0.57020449375 0.4113623265625 0.5864055296874999 0.4567252296875 0.6036866359374999 0.65545795 0.6058467734375 0.6684187781250001 0.6036866359374999 0.7051411296875 0.5842453921875 0.7170218890625 0.57020449375
3 0.9481566812500001 0.475158409375 0.9416762671875001 0.4513968890625 0.92979550625 0.43087557656250003 0.8379896312499999 0.40171370937499995 0.81962845625 0.40495391718749996 0.773185484375 0.4578773046875 0.7623847921875 0.5961261515625 0.774265553125 0.6123271890625 0.7893865203125 0.6188076031249999 0.8887528796874999 0.6339285718750001 0.902793778125 0.6263680875000001 0.9330357140625001 0.5723646312499999 0.9330357140625001 0.5658842171875 0.94599654375 0.5486031109375 0.96327765 0.507560484375 0.96327765 0.4967597921875 0.9481566812500001 0.475158409375
3 1 0.4427563359375 0.9578773046875 0.4654377875 0.9287154375 0.49459965468749995 0.9243951609375 0.5054003453125 0.9265553000000001 0.53564228125 0.935195853125 0.598286290625 0.944916475 0.6166474656250001 0.96435771875 0.6123271890625 1 0.591805875 1 0.4427563359375
3 0.0038972484374999996 0 0.0020161296875000003 0.015048962499999999 0.019297234375 0.0647321421875 0.0387384796875 0.1446572578125 0.054939515625000004 0.1630184328125 0.0765408984375 0.1759792625 0.1370247703125 0.210541475 0.15430587499999998 0.2127016125 0.161866359375 0.20298099062500002 0.1661866359375 0.1511376734375 0.1748271890625 0.114415321875 0.1748271890625 0.09281394062500001 0.1661866359375 0.075532834375 0.1564660140625 0.06797235 0.1478254609375 0.06797235 0.14890552968749998 0.060411865625000005 0.14350518437499998 0.05501152031249999 0.039794940625000004 0 0.0038972484374999996 0
3 0.2154892203125 0 0.17158698125 0.01396889375 0.161866359375 0.0258496546875 0.14890552968749998 0.06689228124999999 0.1359447 0.0841733875 0.13810483906249998 0.1057747703125 0.1661866359375 0.15545795 0.179147465625 0.19002016093750002 0.1942684328125 0.2181019578125 0.20830933125 0.22998271875 0.22559043750000002 0.2321428578125 0.3119959671875 0.21702188906250003 0.33143721249999997 0.210541475 0.34547811093749997 0.1965005765625 0.3368375578125 0.0452908984375 0.29667393125 0 0.2154892203125 0
3 0.58525345625 0.112255184375 0.576612903125 0.094974078125 0.56797235 0.0344902078125 0.5614919359375 0.0280097921875 0.49776785781250005 0.026929723437500004 0.42000287968750005 0.0334101375 0.41244239687500006 0.038810484374999996 0.3865207375 0.09713421718750001 0.37788018437500004 0.1079349078125 0.38760080625 0.1176555296875 0.45024481562499996 0.1543778796875 0.53233006875 0.1543778796875 0.540970621875 0.147897465625 0.5452908984375 0.1543778796875 0.5647321421875 0.15653801875 0.5647321421875 0.1608582953125 0.5820132484375 0.15653801875 0.58525345625 0.1532978109375 0.58525345625 0.112255184375
3 0.71378168125 0.0787730421875 0.7213421656250001 0.06905241875 0.7073012671875001 0.059331796874999995 0.6824596781250001 0.056091590625 0.6468173968750001 0.05501152031249999 0.6273761515625 0.0658122125 0.5182891703125 0.168418778125 0.520449309375 0.1727390546875 0.5280097921875 0.1759792625 0.6187355984375 0.1457373265625 0.71378168125 0.0787730421875
3 1 0.0214389015625 0.8109879031249999 0.020449309375 0.7991071421875 0.0280097921875 0.7710253453125 0.1079349078125 0.7602246546875 0.114415321875 0.758064515625 0.1252160140625 0.793706796875 0.1630184328125 0.8066676265625 0.167338709375 1 0.167338709375 1 0.0214389015625