3 0 0.2850665 0.016479759375 0.2881564546875 0.13135940937499999 0.2737964984375 0.1539250546875 0.265590809375 0.16418216562500001 0.251230853125 0.17854212187500001 0.2717450765625 0.2564961703125 0.304567834375 0.26572757187499996 0.2768736328125 0.28726750624999997 0.2717450765625 0.29649890624999997 0.260462253125 0.2995760390625 0.24712800937499999 0.2923960609375 0.0368572203125 0.2831646609375 0.0255743984375 0.260599015625 0.021471553125 0.24829048125000003 0.0009573296875 0.23598194687500001 0.0009573296875 0.17854212187500001 0.031728665625 0.16520787812499999 0.0430114875 0.160079321875 0.0542943109375 0.1395650984375 0.0399343546875 0.0349425609375 0.0276258203125 0 0.0276258203125 0 0.2850665
3 0.145719365625 0.65536105 0.2441876375 0.6348468265625 0.2616247265625 0.615358315625 0.2626504375 0.5220186 0.2636761484375 0.40611323906249996 0.2523933265625 0.39277899375 0.2236734140625 0.38252188125000003 0.145719365625 0.3722647703125 0.140590809375 0.34867341406249996 0.13135940937499999 0.3394420125 0.1231537203125 0.337390590625 0.1087937640625 0.3394420125 0.08212527343750001 0.35380196875 0.0236597375 0.3917532828125 0.0236597375 0.6112554703125 0.05545678281250001 0.6451039390625 0.0985366515625 0.67997811875 0.13341083125 0.682029540625 0.14264223125 0.676900984375 0.145719365625 0.65536105
3 0.102639496875 1 0.18469638906250002 0.9733315093750001 0.1949535015625 0.958971553125 0.1959792125 0.9312773515625 0.1898249453125 0.8779403718750001 0.183670678125 0.86152899375 0.17956783437499999 0.7651121437499999 0.17546498906250002 0.748700765625 0.16213074375 0.7374179437499999 0.08007385156249999 0.7169037203124999 0.07494529531250001 0.6974152078125 0.059559628125 0.694338075 0.00006838125 0.7456236328125 0 0.745713053125 0 0.9831128671875 0.029396121874999997 1 0.102639496875 1
3 0.336618865625 0 0.33137308593750003 0.012240153125 0.32521881874999997 0.0450629109375 0.32521881874999997 0.11481126875 0.3334245078125 0.155839715625 0.346758753125 0.17737965 0.35701586406249997 0.17737965 0.3672729765625 0.16917396093749998 0.4124042671875 0.16301969375 0.4698440921875 0.1486597375 0.580620896875 0.13429978125 0.5960065640625001 0.11481126875 0.6011351203124999 0.093271334375 0.600109409375 0.06762855625 0.5919037203124999 0.0450629109375 0.5703637859375 0.0337800875 0.3716573890625 0 0.336618865625 0
3 0.494461159375 0.3291849015625 0.551900984375 0.3168763671875 0.580620896875 0.3025164109375 0.59292943125 0.2881564546875 0.5939551421875 0.2789250546875 0.5775437640625001 0.25841083125000003 0.5139496718750001 0.1066055796875 0.4985640046875 0.09737417968749999 0.46574124687499996 0.0953227578125 0.42881564531249994 0.11173413593749999 0.41958424531249994 0.129171225 0.41958424531249994 0.15378829375 0.4236870890625 0.15994256093749998 0.4175328234375 0.1907138953125 0.41342997812500004 0.2789250546875 0.4052242890625 0.3096963890625 0.4144556890625 0.318927790625 0.432918490625 0.3271334796875 0.494461159375 0.3291849015625
3 0.5190782281249999 0.63689825 0.533438184375 0.6307439828125 0.628829321875 0.5127871984375 0.6319064546875001 0.5035557984375 0.632932165625 0.486118709375 0.628829321875 0.475861596875 0.56420951875 0.376367615625 0.5149753828125 0.368161925 0.4842040484375 0.368161925 0.4595869796875 0.34149343593750003 0.451381290625 0.3394420125 0.43702133437499996 0.3435448578125 0.42778993437499996 0.3527762578125 0.34983588593750004 0.5086843546875001 0.34778446406249997 0.5271471546875001 0.41137855625 0.66459245 0.4165071109375 0.66972100625 0.43702133437499996 0.6717724281249999 0.461638403125 0.6451039390625 0.5190782281249999 0.63689825
3 0.5847237421875 0.926148796875 0.6257521875000001 0.9179431078125001 0.6390864328125 0.9005060171875 0.6442149890625 0.8646061265625 0.6390864328125 0.816397703125 0.6257521875000001 0.801012034375 0.4165071109375 0.7743435453124999 0.41035284531249994 0.7599835890625 0.39189004375000003 0.7620350109375 0.3877871984375 0.768189278125 0.346758753125 0.786652078125 0.3211159734375 0.816397703125 0.3170131296875 0.8410147703125 0.3190645515625 0.8964031734375 0.3293216625 0.9148659734375 0.35701586406249997 0.9384573296875001 0.3857357765625 0.9487144421875 0.393941465625 0.9569201312500001 0.40625 0.958971553125 0.41342997812500004 0.9558944203124999 0.4165071109375 0.944611596875 0.4349699125 0.940508753125 0.5847237421875 0.926148796875
3 0.8672729765625 0 0.7775574390625 0.0112144421875 0.7570432171875 0.0153172859375 0.74576039375 0.0245486875 0.7437089718750001 0.0737828234375 0.7488375281249999 0.13429978125 0.8801285562500001 0.1527625828125 0.9108998906249999 0.160968271875 0.9211570015625 0.1589168484375 0.9293626921874999 0.1445568921875 0.930388403125 0.0163429984375 0.9283369796875001 0.0081373078125 0.920199671875 0 0.8672729765625 0
3 0.9088484687499999 0.3271334796875 0.916028446875 0.3220049234375 0.9201312906249999 0.3055935453125 0.939619803125 0.1978938734375 0.9406455140625001 0.18250820625 0.9365426703124999 0.1743025171875 0.9191055796875001 0.16301969375 0.7488375281249999 0.136351203125 0.7375547046875 0.14353118125 0.7314004375 0.15994256093749998 0.71704048125 0.256359409375 0.719091903125 0.2768736328125 0.7283233046875 0.2881564546875 0.738580415625 0.2922593 0.9088484687499999 0.3271334796875
3 0.8001230859374999 0.65125820625 0.923208425 0.6307439828125 0.9365426703124999 0.6215125828125 0.939619803125 0.610229759375 0.9365426703124999 0.39995897187499996 0.932439825 0.3876504375 0.9170541578125 0.3784190375 0.796020240625 0.3558533921875 0.78371170625 0.34149343593750003 0.7673003281249999 0.3435448578125 0.7344775718750001 0.362007659375 0.72729759375 0.375341903125 0.7314004375 0.6563867609375 0.7447346828125 0.6635667390625 0.7919173953125 0.6656181625 0.8001230859374999 0.65125820625
3 0.7160147703125 0.9507658640625 0.9642368703124999 0.9487144421875 0.9816739609375 0.93743161875 0.9868025171875001 0.926148796875 0.9857768046875 0.7835749453124999 0.9816739609375 0.7404950765625 0.973468271875 0.71792943125 0.9642368703124999 0.70869803125 0.9437226484375 0.70869803125 0.720117615625 0.772292121875 0.7108862140625 0.7856263671875 0.6801148796875001 0.863580415625 0.661652078125 0.921020240625 0.661652078125 0.93743161875 0.6708834796875001 0.9466630203124999 0.7160147703125 0.9507658640625