3 0.960953878125 0.9352070234375001 0.9982966453125 0.8015592249999999 0.9963312375 0.7819051359375 0.9796252624999999 0.763233753125 0.954074946875 0.7573375265625 0.705450734375 0.7524240046874999 0.68677935 0.759302934375 0.6779350109375 0.7701126828125 0.6759696015625 0.7976284062500001 0.703485325 0.9116221171875001 0.7162604828125 0.9302935015625 0.7300183437500001 0.9381551359375001 0.7536032500000001 0.9420859531250001 0.914766771875 0.9519129984375001 0.9403170859375001 0.9499475890625 0.960953878125 0.9352070234375001
3 0.45093029375000004 0.9106394124999999 0.48041142499999995 0.9165356390625 0.5275812375 0.9145702312499999 0.547235325 0.9302935015625 0.5668894124999999 0.932258909375 0.5835953875000001 0.919483753125 0.5894916140625 0.8880372124999999 0.6150419281249999 0.8585560796875 0.6229035640625 0.8369365828124999 0.6346960171875 0.8192479031250001 0.6464884703125 0.7878013625 0.6464884703125 0.768147275 0.6258516765625 0.7376834375 0.5845780921875 0.7140985328125 0.5413390984374999 0.7023060796875 0.48532494687499994 0.7013233750000001 0.4430686578125 0.706236896875 0.409656709375 0.71802935 0.3821409859375 0.7337526203125 0.3654350109375 0.7504585953125 0.35953878437500003 0.7622510484375 0.35953878437500003 0.789766771875 0.36740041875 0.8172824953125 0.390985325 0.866417715625 0.4214491609375 0.8949161421875 0.45093029375000004 0.9106394124999999
3 0.08536425625 0.922431865625 0.2288390984375 0.9243972749999999 0.2917321796875 0.9185010484375 0.30745545 0.9145702312499999 0.316299790625 0.9076913 0.3182651984375 0.8880372124999999 0.29468029375000004 0.872313940625 0.2710953875 0.8251441296875001 0.22490828125 0.7750262046875 0.1973925578125 0.763233753125 0.15513626875 0.7602856390625 0.13843029375 0.7612683437500001 0.1089491609375 0.7710953875000001 0.06472746406249999 0.8153170859375001 0.049004192187500004 0.8369365828124999 0.03524633125 0.8683831234375001 0.0096960171875 0.8821409859375 0.011661425 0.9037604828125 0.016574946875 0.9086740046875 0.03229821875 0.9145702312499999 0.08536425625 0.922431865625
3 0.9167321796874999 0.600104821875 0.9619365828124999 0.5942085953125 0.9806079671875001 0.58536425625 0.984538784375 0.563744759375 0.960953878125 0.549986896875 0.949161425 0.5224711734375 0.9295073374999999 0.4929900421875 0.88921645625 0.4526991609375 0.857769915625 0.440906709375 0.8174790359375 0.4399240046875 0.792911425 0.44287211718749997 0.7732573375 0.450733753125 0.744758909375 0.477266771875 0.71331236875 0.5165749468749999 0.6995545078125 0.5460560796875 0.6740041921875 0.559813940625 0.678917715625 0.5843815515624999 0.7241221171875 0.5961740046874999 0.79684224375 0.60207023125 0.9167321796874999 0.600104821875
3 0.648453878125 0.563744759375 0.648453878125 0.559813940625 0.636661425 0.55195230625 0.6130765203124999 0.510678721875 0.578681865625 0.47824947656249994 0.5609931859375 0.47235325 0.5265985328125 0.473335953125 0.4981001046875 0.48218029375000004 0.47353249531249997 0.510678721875 0.457809225 0.5381944437499999 0.4519129984375 0.559813940625 0.44405136250000005 0.5657101671875 0.44699947656249994 0.5725890984374999 0.4764806078125 0.580450734375 0.5649240046874999 0.5824161421875 0.6278170859375 0.5745545078125 0.648453878125 0.563744759375
3 0.3418501046875 0.496920859375 0.3418501046875 0.5126441296875 0.42734538750000006 0.5824161421875 0.4882730609375 0.62172431875 0.4941692875 0.62172431875 0.50104821875 0.6148453875000001 0.48434224375 0.5981394124999999 0.4450340671875 0.5725890984374999 0.409656709375 0.5391771484375 0.35069444375000003 0.49790356406249997 0.3418501046875 0.496920859375
3 0.299593815625 0.5725890984374999 0.31433438125 0.56177935 0.30057652031250004 0.55195230625 0.28485325 0.5205057656250001 0.2484931859375 0.48218029375000004 0.22490828125 0.47235325 0.1924790359375 0.473335953125 0.169876834375 0.47824947656249994 0.15710167656250001 0.48709381562500004 0.12958595312500001 0.5244365828124999 0.11779350156249999 0.5578485328125 0.10796645625000001 0.5676755765625 0.1109145703125 0.5725890984374999 0.1403957015625 0.580450734375 0.2288390984375 0.5824161421875 0.2838705453125 0.5765199156249999 0.299593815625 0.5725890984374999
3 0.0077306078125 0.496920859375 0.0037997906249999996 0.5087133125000001 0.0578485328125 0.5568658281250001 0.1482573375 0.619758909375 0.15808438125 0.62172431875 0.16496331250000001 0.6168107968750001 0.1541535640625 0.60207023125 0.1128799796875 0.5745545078125 0.0794680296875 0.5431079671875 0.0126441296875 0.4959381546875 0.0077306078125 0.496920859375
3 0.8086346953125 0.2522274640625 0.8174790359375 0.23945230624999997 0.8174790359375 0.208005765625 0.7938941296875 0.151008909375 0.7457416140625 0.094994759375 0.7300183437500001 0.085167715625 0.7093815515624999 0.08025419218749999 0.6907101671875 0.08909853281249999 0.6818658281250001 0.10383909843750001 0.6818658281250001 0.1254585953125 0.6877620546875 0.1470780921875 0.705450734375 0.184420859375 0.7310010484375 0.21979821875 0.7594994765624999 0.24633123750000002 0.78308438125 0.2581236890625 0.79684224375 0.2581236890625 0.8086346953125 0.2522274640625
3 0.818461740625 0.24043501093750003 0.8538390984375 0.2482966453125 0.9029743187499999 0.24240041875 0.9344208593750001 0.2266771484375 0.9589884703125 0.2001441296875 0.9688155140625 0.17655922500000001 0.9668501046875001 0.143147275 0.9550576515625 0.121527778125 0.9285246328125 0.09892557656249999 0.8951126828125 0.0871331234375 0.854821803125 0.08615041875 0.818461740625 0.094994759375 0.8007730609375001 0.104821803125 0.78013626875 0.1234931859375 0.78013626875 0.1352856390625 0.7722746328125 0.13921645625 0.7624475890625 0.1588705453125 0.7644129984375 0.19031708593750002 0.77620545 0.2119365828125 0.7870151984375 0.22274633124999998 0.818461740625 0.24043501093750003
3 0.5177541921875 0.2482966453125 0.5668894124999999 0.24240041875 0.598335953125 0.2266771484375 0.6229035640625 0.2021095390625 0.6346960171875 0.16869758906250001 0.6327306078125 0.1470780921875 0.6209381546875 0.1234931859375 0.5963705453125 0.10089098593750001 0.5609931859375 0.0871331234375 0.518736896875 0.08615041875 0.4882730609375 0.09302935 0.4499475890625 0.11759696093750001 0.4283280921875 0.154939728125 0.4263626828125 0.1785246328125 0.43029350156249996 0.194247903125 0.4381551359375 0.208005765625 0.45879192812499997 0.22864255781249998 0.48041142499999995 0.23453878437500003 0.4882730609375 0.24240041875 0.5177541921875 0.2482966453125
3 0.48335953906249995 0.2355214890625 0.48335953906249995 0.2158674 0.4617400421875 0.1569051359375 0.43029350156249996 0.1136661421875 0.40769130000000003 0.09302935 0.38410639375 0.08123689687499999 0.3654350109375 0.0822196015625 0.349711740625 0.09597746406249999 0.345780921875 0.11759696093750001 0.3516771484375 0.1451126828125 0.37526205468749996 0.1922824953125 0.4047431859375 0.2296252625 0.42734538750000006 0.2482966453125 0.44699947656249994 0.2581236890625 0.46075733750000003 0.2581236890625 0.472549790625 0.2522274640625 0.48335953906249995 0.2355214890625
3 0.12074161406249999 0.299397275 0.1561189734375 0.3033280921875 0.1973925578125 0.297431865625 0.2288390984375 0.28367400468750004 0.25733752656250003 0.24927934999999998 0.26126834374999997 0.2158674 0.25733752656250003 0.20604035625 0.2337526203125 0.184420859375 0.2219601671875 0.0940120546875 0.20820230624999997 0.0370151984375 0.189530921875 0.020309225 0.160049790625 0.0124475890625 0.143343815625 0.013430293749999999 0.11877620468750001 0.0222746328125 0.10207023125 0.0409460171875 0.0843815515625 0.131354821875 0.078485325 0.18835167656250001 0.06472746406249999 0.2001441296875 0.05490041875 0.2158674 0.05490041875 0.24534853281250002 0.060796645312499994 0.25910639375 0.08929507343750001 0.28760482187499997 0.12074161406249999 0.299397275