3 0.2635746609375 0.8046521500000001 0.2434247734375 0.78026018125 0.21585124375000003 0.7632918546874999 0.1957013578125 0.757989253125 0.139493778125 0.7590497734375 0.10979920781250001 0.77177601875 0.0907098421875 0.790865384375 0.0790441171875 0.7876838234375 0.0748020359375 0.815257353125 0.06419683281250001 0.8322256781249999 0.0726809953125 0.8513150453125 0.0726809953125 0.8810096156249999 0.0790441171875 0.8958569000000001 0.0949519234375 0.91176470625 0.135251696875 0.930854071875 0.1840356328125 0.9329751125 0.2222143671875 0.9202488687500001 0.2593325796875 0.885251696875 0.2720588234375 0.8513150453125 0.2720588234375 0.8322256781249999 0.2635746609375 0.8046521500000001
3 0 0.9141332015625 0.0334417421875 0.930854071875 0.0631363125 0.9329751125 0.0949519234375 0.922369909375 0.11298076875 0.9043410640625 0.1235859734375 0.8810096156249999 0.1235859734375 0.8449519234375 0.110859728125 0.815257353125 0.0885888015625 0.78874434375 0.065257353125 0.77177601875 0.036623303125 0.762231334375 0.0058682125 0.7611708140625 0 0.7636857625 0 0.9141332015625
3 0.6050622171875 0.872525453125 0.579609728125 0.8004100671875 0.5149179859374999 0.7590497734375 0.45234728437499994 0.7304157234375 0.4428026015625 0.729355203125 0.4279553171875 0.7357183265625 0.391897625 0.7632918546874999 0.34629524843750004 0.806773190625 0.3250848421875 0.8661623296875 0.305995475 0.8916148187499999 0.308116515625 0.902220021875 0.32190328125 0.9096436656250001 0.43007635781250003 0.930854071875 0.48734445624999995 0.935096153125 0.6146069 0.9011595015625 0.6177884609375 0.88313065625 0.6050622171875 0.872525453125
3 0.8765554296875001 0.90009898125 0.8680712671874999 0.876767534375 0.7789875562499999 0.76859445625 0.7408088234375 0.7325367640625 0.731264140625 0.73147624375 0.7227799781249999 0.7378393671875 0.6877828046875 0.7791996609375 0.6665723984375 0.8131363125 0.6708144796875 0.8322256781249999 0.7715639140625 0.9435803171874999 0.7864111984375 0.9435803171874999 0.8309530546874999 0.92873303125 0.867010746875 0.91176470625 0.8765554296875001 0.90009898125
3 0.9932126703125 0.8979779406249999 0.9677601812500001 0.83434671875 0.9582154984375 0.8205599546875 0.855345021875 0.7855627828125 0.8373161765624999 0.78874434375 0.81610576875 0.8141968328125 0.809742646875 0.8120757921875 0.8065610859375001 0.823741515625 0.7895927609375 0.8449519234375 0.776866515625 0.893735859375 0.768382353125 0.9107041859375 0.7758059953124999 0.92449095 0.8118636875 0.9329751125 0.8288320140625001 0.930854071875 0.88185803125 0.9435803171874999 0.9051894796875001 0.9435803171874999 0.9932126703125 0.8979779406249999
3 0 0.597850678125 0.0970729640625 0.597850678125 0.106617646875 0.5819428734375001 0.1087386875 0.56285350625 0.11298076875 0.5077064484375 0.110859728125 0.4504383484375 0.0949519234375 0.440893665625 0.0069287328125 0.433470021875 0 0.43328275937500005 0 0.597850678125
3 0.26993778281249997 0.46104355156250004 0.2635746609375 0.4504383484375 0.2147907234375 0.3889281671875 0.1957013578125 0.3719598421875 0.17979355156250001 0.37302036250000004 0.139493778125 0.4027149328125 0.10237556562500001 0.4355910640625 0.0991940046875 0.45361990937499996 0.08752828124999999 0.4546804296875 0.10131504531249999 0.47270927656249995 0.11298076875 0.46952771562500006 0.115101809375 0.49073812187500004 0.1691883484375 0.5490667421875 0.1840356328125 0.5469457015625 0.2285774890625 0.51300905 0.26993778281249997 0.473769796875 0.26993778281249997 0.46104355156250004
3 0.6061227375 0.4642251125 0.5827912890625 0.43240950156249996 0.529765271875 0.400593890625 0.49476810000000004 0.3952912890625 0.45340780468749997 0.396351809375 0.41522907187499997 0.4154411765625 0.3431136875 0.45574095000000003 0.32402432187499997 0.4790723984375 0.303874434375 0.4928591625 0.303874434375 0.49922228437499994 0.32614536250000004 0.50876696875 0.402502828125 0.523614253125 0.4470446828125 0.52573529375 0.6061227375 0.5002828046875 0.63051470625 0.48861708125 0.63051470625 0.47801187812499996 0.6061227375 0.4642251125
3 0.9953337109374999 0.4016544125 0.9794259046875 0.383625565625 0.9688207015625 0.379383484375 0.9253393671874999 0.3783229640625 0.6994485296875 0.381504525 0.6761170812499999 0.3899886875 0.6644513578125 0.403775453125 0.6602092765625 0.416501696875 0.6644513578125 0.5395220593750001 0.6708144796875 0.5713376703125 0.68460124375 0.5851244343750001 0.7015695703125 0.5914875562499999 0.93064196875 0.5914875562499999 0.9645786203125001 0.589366515625 0.9773048640625 0.58300339375 0.9910916296875 0.5670955875 0.9953337109374999 0.55436934375 0.9953337109374999 0.4016544125
3 0.0904044125 0 0.0048076921875 0.079256221875 0 0.08452917343750001 0 0.2258352296875 0.0398048640625 0.2584841625 0.0631363125 0.260605203125 0.073741515625 0.256363121875 0.213730203125 0.1545531671875 0.2635746609375 0.1110718328125 0.2678167421875 0.08561934375 0.2635746609375 0.075014140625 0.20284892812500002 0 0.0904044125 0
3 0.62203054375 0.161976809375 0.6008201359374999 0.079256221875 0.591275453125 0.06546945625 0.382352940625 0.0368354078125 0.3579609734375 0.037895928125 0.3399321265625 0.066529978125 0.3272058828125 0.09410350625 0.31447963749999996 0.1556136875 0.2975113125 0.1810661765625 0.3028139140625 0.194852940625 0.540370475 0.2139423078125 0.6209700218750001 0.18848981874999998 0.6347567875 0.1789451359375 0.6347567875 0.16833993281249998 0.62203054375 0.161976809375
3 1 0.1937924203125 0.9910916296875 0.1874292984375 0.986849546875 0.1704609734375 0.9773048640625 0.15667420781250002 0.9550339359375 0.149250565625 0.928520928125 0.1481900453125 0.9030684390625 0.15879524843749998 0.895644796875 0.16833993281249998 0.8914027156250001 0.18955033906250002 0.8744343890625 0.204397625 0.8765554296875001 0.215002828125 0.888221153125 0.22242647031249999 0.9136736421875 0.2287895921875 0.9603365390624999 0.2287895921875 0.9985152718749999 0.2181843890625 1 0.21636972031249999 1 0.1937924203125
3 0.6936981531249999 0 0.6835407234375 0.030472284375000002 0.6644513578125 0.0453195703125 0.6803591625000001 0.052743212500000004 0.7121747734375 0.05698529375 0.8267109734375 0.059106334375 0.8945842765625001 0.054864253125 0.9232183265625 0.0453195703125 0.9041289593749999 0.026230203125 0.8961458546875001 0 0.6936981531249999 0
3 0.9359445703124999 0.1131928734375 0.93064196875 0.10576923125 0.9200367640625 0.10152715000000001 0.8404977375 0.09410350625 0.7609587109375 0.0930429859375 0.7015695703125 0.09728506718749999 0.661269796875 0.10576923125 0.653846153125 0.1110718328125 0.653846153125 0.11743495468750001 0.6761170812499999 0.12910067812499998 0.7100537328125001 0.13546380156249999 0.8351951359375 0.1375848421875 0.9051894796875001 0.12910067812499998 0.928520928125 0.12273755625 0.9359445703124999 0.1131928734375