3 0 0.94144565625 0.12421697031250001 0.97693621875 0.18614749375 0.991884965625 0.21177391874999998 0.991884965625 0.22031605937499998 0.9876138953125 0.2939920265625 0.9203445328125 0.30466970312499997 0.8968536453124999 0.30466970312499997 0.8712272203125 0.28758542187499997 0.8541429390624999 0.2833143515625 0.8071611624999999 0.269433371875 0.797551253125 0.21604498906249997 0.778331434375 0.0718963546875 0.7345529609375 0.0580153765625 0.73348519375 0.0419988609375 0.7473661734375 0 0.8086145124999999 0 0.94144565625
3 0.511816628125 0.92248006875 0.5011389515625 0.9118023921875 0.49046127500000003 0.8626850796875001 0.4797835984375 0.8520074031249999 0.39542995468750003 0.8509396359375 0.3612613890625 0.85521070625 0.3559225515625 0.86054954375 0.33670273281249996 0.9182089984375 0.32388952187500003 0.9267511390625 0.32388952187500003 0.9416998859374999 0.3826167421875 0.9961560359374999 0.4659026203125 0.9940205015625001 0.4958001140625 0.9876138953125 0.50968109375 0.943835421875 0.511816628125 0.92248006875
3 0.6719817765625 0.8968536453124999 0.6570330296875 0.888311503125 0.6442198171875 0.8584140093749999 0.6356776765625 0.8520074031249999 0.52783314375 0.8509396359375 0.5192910015625001 0.85521070625 0.5139521640625 0.864820615625 0.50968109375 0.8968536453124999 0.5032744874999999 0.9075313218750001 0.5139521640625 0.9267511390625 0.5011389515625 0.9758684515624999 0.5940347375 0.9748006828125 0.658100796875 0.925683371875 0.6719817765625 0.9118023921875 0.6719817765625 0.8968536453124999
3 1 0.857645215625 0.99658314375 0.8562784734375001 0.9923120734375 0.8199743734375 0.9762955578125 0.8018223234375 0.8065205015625001 0.76445045625 0.7648775624999999 0.7676537578125 0.7275056953125 0.8071611624999999 0.7232346234375 0.8434652625 0.7018792703125001 0.86695615 0.6976082 0.8776338265625 0.7114891796875 0.8957858765625 0.7232346234375 0.8989891796875 0.7253701593749999 0.90966685625 0.737115603125 0.9214123000000001 0.9165005687500001 0.9555808656250001 0.9399914578124999 0.9534453296875001 0.980566628125 0.925683371875 0.9880410015625 0.9182089984375 0.9923120734375 0.90326025 1 0.8960245546875001 1 0.857645215625
3 0 0.56264236875 0.003559225 0.578658884375 0.021711275 0.5946753984375001 0.085777334375 0.6160307515625 0.171198746875 0.6181662875 0.2331292703125 0.603217540625 0.25234908906250003 0.5925398640624999 0.2769077453125 0.5701167421875 0.274772209375 0.55730353125 0.2918564921875 0.5316771078125 0.2918564921875 0.486830865625 0.2790432796875 0.4633399765625 0.24807801875000002 0.43878132187499996 0.22885819999999998 0.4302391796875 0.1818764234375 0.41742596875000004 0.146640090625 0.414222665625 0.0943194765625 0.41529043281250005 0.0537443046875 0.42383257343749997 0.0174402046875 0.43878132187499996 0 0.45397117812500004 0 0.56264236875
3 0.4434794984375 0.45266229999999996 0.4434794984375 0.4462556953125 0.43173405468750004 0.43664578593750003 0.402904328125 0.4249003421875 0.390091115625 0.4291714125 0.38688781250000004 0.44305239218750003 0.371939065625 0.43664578593750003 0.35912585468749997 0.43664578593750003 0.342041571875 0.44305239218750003 0.3324316625 0.45266229999999996 0.32602505625 0.4697465828125 0.32816059218750004 0.4889664015625 0.33670273281249996 0.5060506828125 0.3612613890625 0.52633826875 0.384752278125 0.534880409375 0.4231919140625 0.532744875 0.4434794984375 0.5188638953125 0.45202164062500005 0.5039151484375 0.45202164062500005 0.4846953296875 0.43280182187499994 0.4633399765625 0.4434794984375 0.45266229999999996
3 0.6655751703125 0.4612044421875 0.65489749375 0.4462556953125 0.6282033031250001 0.4281036453125 0.5865603640625 0.4206292703125 0.5470529609375 0.42383257343749997 0.512884396875 0.43664578593750003 0.4840546703125 0.4612044421875 0.475512528125 0.47828872499999997 0.475512528125 0.5103217546875001 0.4840546703125 0.5295415718750001 0.5214265375 0.5647779046875 0.5406463546875 0.5711845109375 0.57695045625 0.5733200453125 0.6153900906249999 0.5647779046875 0.6484908890625001 0.542354784375 0.6655751703125 0.514592825 0.6698462421875 0.5039151484375 0.6698462421875 0.47828872499999997 0.6655751703125 0.4612044421875
3 0.7894362187499999 0.4654755125 0.797978359375 0.43984908906250003 0.7819618453125 0.4281036453125 0.768080865625 0.4249003421875 0.7606064921875 0.42383257343749997 0.755267653125 0.4291714125 0.755267653125 0.4419846234375 0.7499288156249999 0.4494589984375 0.7264379265625001 0.45800113906249995 0.7082858765625 0.47615318906250004 0.6976082 0.49964407812499995 0.6976082 0.5274060359375 0.70401480625 0.542354784375 0.71576025 0.5562357625 0.737115603125 0.5669134390624999 0.7627420265625 0.5669134390624999 0.7819618453125 0.5583712984375 0.797978359375 0.542354784375 0.8086560359374999 0.516728359375 0.8065205015625001 0.49110193593749996 0.7894362187499999 0.4654755125
3 1 0.44540148124999995 0.9912443046874999 0.43664578593750003 0.96561788125 0.4216970390625 0.9346526203125001 0.4163582 0.9015518218749999 0.419561503125 0.8737898640624999 0.43451025000000004 0.8470956718749999 0.4633399765625 0.83855353125 0.48255979531250004 0.834282459375 0.5103217546875001 0.8406890656250001 0.5487613890625 0.8641799546875 0.5829299546875 0.8908741453125 0.6010820046875 0.9271782453125 0.6096241453125 0.959211275 0.605353075 0.9912443046874999 0.5882687921875001 1 0.57741173125 1 0.44540148124999995
3 0.089458590625 0 0.0836418 0.00313211875 0.0697608203125 0.025555239062500002 0.0505410015625 0.172907175 0.04626993125 0.1963980640625 0.039863325 0.2028046703125 0.043066628125 0.21027904375 0.085777334375 0.22095672031250002 0.19041856562499998 0.2230922546875 0.2416714125 0.2166856484375 0.2598234625 0.20707574062499998 0.25341685625 0.19853359843750001 0.24701025 0.1686361046875 0.22992596875000001 0.029826309375 0.21177391874999998 0.0009965828125 0.21027904375 0 0.089458590625 0
3 0.2576879265625 0.26687072968750003 0.2576879265625 0.249786446875 0.23953587656250003 0.2380410015625 0.18080865625 0.22843109374999998 0.1306235765625 0.227363325 0.062286446875 0.2380410015625 0.037727790625 0.25192198125 0.037727790625 0.2690062640625 0.051608770312499996 0.2786161734375 0.0836418 0.2871583140625 0.1583855359375 0.291429384375 0.226722665625 0.28288724374999996 0.2576879265625 0.26687072968750003
3 0.49686788125000003 0.07894362187500001 0.488325740625 0.0618593390625 0.47230922499999994 0.045842825 0.44775056874999997 0.036232915625 0.4189208421875 0.0351651484375 0.39542995468750003 0.0437072890625 0.3708712984375 0.0768080859375 0.35165148125 0.18358485156249998 0.345244875 0.20707574062499998 0.33670273281249996 0.2198889515625 0.33670273281249996 0.230566628125 0.35058371250000003 0.248718678125 0.384752278125 0.2636674265625 0.4039720953125 0.267938496875 0.457360478125 0.267938496875 0.4979356484375 0.255125284375 0.5160877 0.236973234375 0.518223234375 0.22843109374999998 0.5075455578125 0.194262528125 0.49686788125000003 0.07894362187500001
3 0.526426203125 0 0.5054100234375001 0.0170130984375 0.49686788125000003 0.029826309375 0.49259681093749996 0.053317198437500005 0.49686788125000003 0.072537015625 0.506477790625 0.0864179953125 0.5235620734374999 0.0992312078125 0.549188496875 0.1077733484375 0.585492596875 0.1077733484375 0.6217966968749999 0.0949601359375 0.6463553531249999 0.072537015625 0.652761959375 0.05972380468750001 0.652761959375 0.025555239062500002 0.6484908890625001 0.0170130984375 0.6298574953125 0 0.526426203125 0
3 0.8401543546875001 0 0.8086560359374999 0.025555239062500002 0.795842825 0.072537015625 0.7702164015624999 0.09389236875 0.77662300625 0.1173832578125 0.7520643515625001 0.12485763125 0.74031890625 0.134467540625 0.689066059375 0.2241600234375 0.6869305234375 0.243379840625 0.6912015953124999 0.2540575171875 0.700811503125 0.26153189062500004 0.8225370156249999 0.28929385 0.850298975 0.28929385 0.868451025 0.2754128703125 0.9068906609375 0.20494020468750002 0.91116173125 0.19212699375 0.9079584281249999 0.1675683375 0.9399914578124999 0.169703871875 1 0.1522820375 1 0.0537694296875 0.9278357671874999 0 0.8401543546875001 0