3 0.7897591984375001 0 0.7861877703125 0.00595238125 0.7638663421875 0.010010821875000001 0.7466179656249999 0.025229978125000004 0.716179653125 0.0982819265625 0.710091990625 0.122632575 0.7111066015625 0.1459686140625 0.740530303125 0.24641504374999998 0.7537202375 0.2636634203125 0.7821293296875 0.2697510828125 0.794304653125 0.290043290625 0.7983630953125 0.29207251093750003 0.8135822515625 0.2768533546875 0.8348890687500001 0.1987283546875 0.9241747828125 0.2677218609375 0.9404085500000001 0.271780303125 0.947510821875 0.2667072515625 0.953598484375 0.25250270625 0.9495400437500001 0.23423971875 0.9617153671875001 0.20380140624999998 0.9738906921874999 0.1490124453125 0.9820075750000001 0.1388663421875 0.984036796875 0.0982819265625 0.968817640625 0.0749458875 0.8788825750000001 0 0.7897591984375001 0
3 0.971861471875 0.53456439375 0.971861471875 0.524418290625 0.9333062765625 0.4635416671875 0.9241747828125 0.4544101734375 0.911999459375 0.4544101734375 0.90692640625 0.449337121875 0.90692640625 0.42295725156249997 0.8490936140625 0.334686146875 0.7547348484375 0.45948322499999994 0.7516910171875 0.4706439390625 0.8267721859374999 0.559929653125 0.843005953125 0.5579004328125 0.8460497828125 0.5609442640625 0.8501082249999999 0.5893533546875 0.896780303125 0.6421130953125 0.911999459375 0.653273809375 0.9637445890624999 0.55282738125 0.971861471875 0.53456439375
3 0.8085091984374999 0.9759199140625 0.9546130953124999 0.915043290625 0.971861471875 0.9018533546875 0.977949134375 0.887648809375 0.977949134375 0.8775027062499999 0.9678030296875001 0.8551812765625 0.9556277062499999 0.843005953125 0.9454816015624999 0.8105384203125 0.9231601734374999 0.796333875 0.9272186140625 0.7821293296875 0.92518939375 0.7699540046875 0.8927218609375001 0.7192234843749999 0.8947510828125 0.7070481609375 0.8866341984374999 0.6887851734375 0.881561146875 0.6857413421875 0.8673566015624999 0.6897997828125 0.8480790046875001 0.7050189390625 0.7425595234375 0.8389475109375001 0.7364718609375001 0.8531520562500001 0.7374864718749999 0.8643127703125 0.75067640625 0.887648809375 0.7658955625 0.902867965625 0.7770562765625 0.9079410171875001 0.7811147187499999 0.9160579 0.7811147187499999 0.9363501078124999 0.791260821875 0.962729978125 0.7983630953125 0.971861471875 0.8085091984374999 0.9759199140625
3 0.52372565 0 0.5173160171875 0.006966990625 0.4077380953125 0.21800595312499998 0.40672348437499994 0.2514880953125 0.4300595234375 0.2910579 0.4533955625 0.3022186140625 0.608630953125 0.136837121875 0.6106601734375 0.1165449140625 0.602543290625 0.0861066015625 0.578192640625 0.043492965625000005 0.5761634203125 0.025229978125000004 0.5651253046875 0 0.52372565 0
3 0.46252705625 0.337729978125 0.449337121875 0.32454004375 0.44122023749999995 0.340773809375 0.42498647187499994 0.3428030296875 0.4138257578125 0.355992965625 0.41281114687500003 0.46861471874999994 0.4178841984375 0.6157332249999999 0.4290449140625 0.635010821875 0.4635416671875 0.6228354984375 0.4706439390625 0.6137040046875 0.47470238125 0.5731195890625 0.5051406921875 0.418898809375 0.5010822515625 0.39657738125 0.46252705625 0.337729978125
3 0.6076163421875 0.9738906921874999 0.61877705625 0.956642315625 0.6228354984375 0.8592397187499999 0.6106601734375 0.8409767312499999 0.6228354984375 0.8267721859374999 0.6228354984375 0.7050189390625 0.6116747828125 0.6958874453125 0.3986066015625 0.6979166671875 0.39048971875 0.7019751078125 0.3833874453125 0.713135821875 0.3823728359375 0.740530303125 0.3833874453125 0.8267721859374999 0.3955627703125 0.8409767312499999 0.3955627703125 0.84706439375 0.3854166671875 0.8592397187499999 0.3915043296875 0.9667884203125 0.4046942640625 0.977949134375 0.5974702375 0.977949134375 0.6076163421875 0.9738906921874999
3 0.17084686093749998 0 0.1581439390625 0.0211715375 0.146983225 0.0262445890625 0.133793290625 0.0414637453125 0.0668290046875 0.1611877703125 0.058712121875 0.181479978125 0.05972673125 0.1946699140625 0.1013257578125 0.2585903671875 0.1104572515625 0.2677218609375 0.12466179687500001 0.271780303125 0.1429247828125 0.296130953125 0.1530708875 0.2981601734375 0.178436146875 0.256561146875 0.2433712125 0.10842802968750001 0.2433712125 0.09625270625 0.22916666718749998 0.0678436140625 0.20278679687499998 0.019142315625 0.1854675578125 0 0.17084686093749998 0
3 0.169304653125 0.6410984843749999 0.23525432968749999 0.52238906875 0.2169913421875 0.449337121875 0.2068452375 0.4391910171875 0.208874459375 0.42295725156249997 0.1733630953125 0.3367153671875 0.16727543281249999 0.3367153671875 0.0769751078125 0.4331033546875 0.0668290046875 0.449337121875 0.0678436140625 0.4604978359375 0.0992965375 0.52238906875 0.11248647187500001 0.527462121875 0.1297348484375 0.5467397187499999 0.127705628125 0.5609442640625 0.1419101734375 0.6035579 0.1581439390625 0.638054653125 0.163216990625 0.64312770625 0.169304653125 0.6410984843749999
3 0.16727543281249999 0.669507575 0.15915855 0.6796536796875 0.146983225 0.6857413421875 0.0820481609375 0.70603355 0.0769751078125 0.713135821875 0.07798971875 0.7385010828125 0.08103355 0.747632575 0.094223484375 0.758793290625 0.1551001078125 0.758793290625 0.1794507578125 0.7669101734375 0.1865530296875 0.7516910171875 0.1865530296875 0.72125270625 0.1764069265625 0.674580628125 0.16727543281249999 0.669507575
3 0.187567640625 0.77502705625 0.169304653125 0.7811147187499999 0.0921942640625 0.7973484843749999 0.0790043296875 0.8105384203125 0.0800189390625 0.833874459375 0.085091990625 0.8450351734374999 0.094223484375 0.8501082249999999 0.16727543281249999 0.8541666671874999 0.20583062812500003 0.8622835500000001 0.208874459375 0.806479978125 0.20278679687499998 0.7760416671875 0.19365530312499998 0.76893939375 0.187567640625 0.77502705625
3 0.23432206406249997 1 0.241341990625 0.9769345234375001 0.23931277031249998 0.8917072515625 0.23221049843750002 0.8886634203125 0.21597673125 0.8927218609375001 0.0921942640625 0.8947510828125 0.08103355 0.9038825750000001 0.0749458875 0.9201163421875 0.0759604984375 0.9454816015624999 0.0800189390625 0.953598484375 0.094223484375 0.959686146875 0.22206439375000003 0.9921536796874999 0.23383387500000002 1 0.23432206406249997 1