3 0.2724609375 0.189453125 0.31640625 0.1513671875 0.32421875 0.1376953125 0.322265625 0.1298828125 0.3076171875 0.1171875 0.2236328125 0.0703125 0.1962890625 0.0703125 0.1494140625 0.0859375 0.0595703125 0.12890625 0.017578125 0.1611328125 0.015625 0.1748046875 0.1044921875 0.248046875 0.1240234375 0.255859375 0.150390625 0.2548828125 0.1806640625 0.244140625 0.2099609375 0.2265625 0.2294921875 0.20703125 0.2724609375 0.189453125
3 0.4453125 0.1337890625 0.439453125 0.1298828125 0.4296875 0.1103515625 0.4189453125 0.1015625 0.3876953125 0.09375 0.3720703125 0.1015625 0.357421875 0.1162109375 0.3515625 0.1298828125 0.34375 0.1357421875 0.34375 0.1416015625 0.3515625 0.1513671875 0.359375 0.2041015625 0.365234375 0.2919921875 0.3779296875 0.30078125 0.4140625 0.2998046875 0.4287109375 0.294921875 0.431640625 0.2900390625 0.435546875 0.1689453125 0.4453125 0.1337890625
3 0.552734375 0.1552734375 0.5302734375 0.125 0.5166015625 0.1171875 0.4931640625 0.115234375 0.4755859375 0.123046875 0.4609375 0.1376953125 0.45703125 0.1494140625 0.44921875 0.1572265625 0.44921875 0.1650390625 0.458984375 0.1708984375 0.4609375 0.1787109375 0.462890625 0.2080078125 0.46875 0.2216796875 0.466796875 0.2451171875 0.47265625 0.2939453125 0.4853515625 0.302734375 0.517578125 0.3017578125 0.53125 0.2939453125 0.54296875 0.1708984375 0.552734375 0.1630859375 0.552734375 0.1552734375
3 0.66015625 0.2001953125 0.66015625 0.1884765625 0.6279296875 0.154296875 0.5986328125 0.150390625 0.572265625 0.1669921875 0.55859375 0.1865234375 0.556640625 0.1962890625 0.56640625 0.2060546875 0.576171875 0.2958984375 0.5947265625 0.3046875 0.625 0.3037109375 0.6357421875 0.30078125 0.638671875 0.2958984375 0.650390625 0.2080078125 0.66015625 0.2001953125
3 0.9375 0.1904296875 0.9638671875 0.177734375 0.978515625 0.1630859375 0.978515625 0.1396484375 0.953125 0.1181640625 0.9453125 0.0888671875 0.9345703125 0.078125 0.9111328125 0.068359375 0.8701171875 0.060546875 0.8154296875 0.05859375 0.7685546875 0.064453125 0.7333984375 0.076171875 0.720703125 0.0869140625 0.7109375 0.1201171875 0.6962890625 0.12890625 0.685546875 0.1435546875 0.685546875 0.1591796875 0.69140625 0.1689453125 0.685546875 0.1806640625 0.6943359375 0.1875 0.7255859375 0.189453125 0.73046875 0.1943359375 0.740234375 0.2255859375 0.7607421875 0.244140625 0.7939453125 0.255859375 0.841796875 0.2587890625 0.8798828125 0.25390625 0.9111328125 0.240234375 0.923828125 0.2275390625 0.9375 0.1904296875
3 0.21484375 0.5068359375 0.2216796875 0.486328125 0.2373046875 0.4921875 0.2724609375 0.4921875 0.2841796875 0.48828125 0.3017578125 0.46875 0.3095703125 0.466796875 0.318359375 0.4580078125 0.31640625 0.4462890625 0.2978515625 0.431640625 0.2685546875 0.419921875 0.2314453125 0.41015625 0.1884765625 0.412109375 0.1767578125 0.4140625 0.162109375 0.4228515625 0.16015625 0.4365234375 0.1708984375 0.44140625 0.0927734375 0.439453125 0.0712890625 0.443359375 0.0439453125 0.455078125 0.0078125 0.4794921875 0.017578125 0.4873046875 0.0234375 0.5068359375 0.0478515625 0.5234375 0.0634765625 0.546875 0.0966796875 0.5625 0.1328125 0.5634765625 0.1494140625 0.560546875 0.1689453125 0.55078125 0.1884765625 0.525390625 0.21484375 0.5068359375
3 0.5810546875 0.537109375 0.6220703125 0.525390625 0.638671875 0.5009765625 0.6484375 0.4716796875 0.65234375 0.4501953125 0.65234375 0.4287109375 0.6484375 0.4208984375 0.6162109375 0.3984375 0.5986328125 0.39453125 0.5751953125 0.40625 0.4951171875 0.41796875 0.46875 0.4345703125 0.4619140625 0.453125 0.4404296875 0.453125 0.4228515625 0.4609375 0.375 0.5283203125 0.3583984375 0.537109375 0.3515625 0.5439453125 0.3515625 0.5498046875 0.3681640625 0.56640625 0.3896484375 0.580078125 0.4072265625 0.599609375 0.423828125 0.6025390625 0.4736328125 0.59765625 0.5400390625 0.58203125 0.576171875 0.5556640625 0.5810546875 0.537109375
3 0.935546875 0.4365234375 0.916015625 0.3916015625 0.9052734375 0.380859375 0.8916015625 0.375 0.8466796875 0.375 0.8388671875 0.37890625 0.830078125 0.3935546875 0.810546875 0.4111328125 0.771484375 0.4775390625 0.740234375 0.5419921875 0.736328125 0.5556640625 0.73828125 0.5693359375 0.75390625 0.5830078125 0.7646484375 0.6171875 0.8310546875 0.62109375 0.9033203125 0.63671875 0.939453125 0.6376953125 0.96484375 0.6005859375 0.96875 0.5673828125 0.955078125 0.4990234375 0.935546875 0.4365234375
3 0.3134765625 0.88671875 0.31640625 0.8837890625 0.29296875 0.8623046875 0.291015625 0.8173828125 0.28515625 0.8037109375 0.2744140625 0.796875 0.0751953125 0.787109375 0.068359375 0.7919921875 0.052734375 0.8291015625 0.0458984375 0.830078125 0.0361328125 0.84375 0.017578125 0.8466796875 0.0205078125 0.853515625 0.0390625 0.8583984375 0.044921875 0.8994140625 0.0712890625 0.9140625 0.234375 0.9169921875 0.2705078125 0.916015625 0.279296875 0.9091796875 0.2900390625 0.884765625 0.3134765625 0.88671875
3 0.6474609375 0.8125 0.650390625 0.8037109375 0.6240234375 0.80078125 0.6162109375 0.794921875 0.5556640625 0.79296875 0.4033203125 0.79296875 0.3974609375 0.798828125 0.3671875 0.8037109375 0.3701171875 0.810546875 0.388671875 0.8154296875 0.40234375 0.8662109375 0.408203125 0.8720703125 0.41015625 0.8818359375 0.4208984375 0.890625 0.4736328125 0.896484375 0.552734375 0.8955078125 0.6005859375 0.888671875 0.6171875 0.8642578125 0.62890625 0.8173828125 0.6474609375 0.8125
3 0.9599609375 0.849609375 0.984375 0.8251953125 0.986328125 0.8056640625 0.8994140625 0.7421875 0.8857421875 0.736328125 0.8681640625 0.736328125 0.8271484375 0.75 0.7236328125 0.80078125 0.685546875 0.8310546875 0.681640625 0.8388671875 0.68359375 0.8505859375 0.7587890625 0.919921875 0.7841796875 0.935546875 0.806640625 0.9345703125 0.8369140625 0.92578125 0.8720703125 0.904296875 0.8857421875 0.890625 0.9599609375 0.849609375