3 0.22265625 0.1240234375 0.2138671875 0.1171875 0.1865234375 0.11328125 0.1259765625 0.1171875 0.119140625 0.1220703125 0.119140625 0.1279296875 0.13671875 0.2392578125 0.1474609375 0.25 0.185546875 0.2509765625 0.1943359375 0.25 0.205078125 0.2412109375 0.21875 0.1298828125 0.22265625 0.1240234375
3 0.0830078125 0.11328125 0.0341796875 0.11328125 0.0126953125 0.1171875 0.005859375 0.1259765625 0.009765625 0.1318359375 0.0234375 0.2373046875 0.0341796875 0.25 0.064453125 0.2529296875 0.0830078125 0.25 0.091796875 0.2431640625 0.109375 0.1201171875 0.0830078125 0.11328125
3 0.3232421875 0.115234375 0.3017578125 0.111328125 0.2412109375 0.115234375 0.23046875 0.1220703125 0.23046875 0.1318359375 0.244140625 0.2353515625 0.248046875 0.2431640625 0.2587890625 0.25 0.296875 0.2509765625 0.3095703125 0.248046875 0.3203125 0.2353515625 0.33203125 0.1240234375 0.3232421875 0.115234375
3 0.326171875 0.4990234375 0.328125 0.4912109375 0.2724609375 0.439453125 0.2626953125 0.435546875 0.2412109375 0.4375 0.1748046875 0.388671875 0.1513671875 0.38671875 0.1123046875 0.421875 0.0595703125 0.478515625 0.0263671875 0.486328125 0.015625 0.4931640625 0.03515625 0.5830078125 0.0419921875 0.587890625 0.0615234375 0.5859375 0.0673828125 0.59765625 0.08203125 0.6005859375 0.2919921875 0.537109375 0.30078125 0.5283203125 0.3046875 0.5166015625 0.326171875 0.4990234375
3 0.6123046875 0.501953125 0.5498046875 0.4453125 0.5087890625 0.4140625 0.4873046875 0.416015625 0.3818359375 0.5078125 0.3662109375 0.5078125 0.361328125 0.5126953125 0.3671875 0.5244140625 0.369140625 0.5478515625 0.3759765625 0.556640625 0.623046875 0.5576171875 0.62890625 0.5517578125 0.630859375 0.5302734375 0.638671875 0.5107421875 0.6123046875 0.501953125
3 0.5517578125 0.1640625 0.5048828125 0.158203125 0.4951171875 0.146484375 0.4111328125 0.111328125 0.3759765625 0.115234375 0.361328125 0.1220703125 0.37890625 0.1337890625 0.392578125 0.1611328125 0.4111328125 0.185546875 0.4326171875 0.18359375 0.4716796875 0.169921875 0.4765625 0.1748046875 0.48046875 0.1943359375 0.4892578125 0.19921875 0.5830078125 0.22265625 0.59375 0.2216796875 0.6201171875 0.2109375 0.625 0.1943359375 0.6328125 0.1845703125 0.5517578125 0.1640625
3 0.9697265625 0.193359375 0.97265625 0.1865234375 0.9326171875 0.166015625 0.8544921875 0.0703125 0.8408203125 0.068359375 0.69921875 0.1337890625 0.697265625 0.1435546875 0.71484375 0.1591796875 0.7197265625 0.181640625 0.8583984375 0.26171875 0.8662109375 0.265625 0.87890625 0.2646484375 0.9404296875 0.232421875 0.947265625 0.2216796875 0.947265625 0.2080078125 0.9697265625 0.193359375
3 0.8369140625 0.46484375 0.8271484375 0.453125 0.7392578125 0.41015625 0.7333984375 0.41015625 0.7080078125 0.4375 0.689453125 0.4482421875 0.6962890625 0.45703125 0.7724609375 0.5 0.7841796875 0.505859375 0.7978515625 0.505859375 0.8095703125 0.521484375 0.9150390625 0.587890625 0.927734375 0.5888671875 0.9609375 0.5400390625 0.9580078125 0.52734375 0.8525390625 0.466796875 0.8369140625 0.46484375
3 0.2880859375 0.853515625 0.3134765625 0.853515625 0.314453125 0.8466796875 0.294921875 0.8330078125 0.2744140625 0.796875 0.2001953125 0.7578125 0.1005859375 0.765625 0.0537109375 0.775390625 0.04296875 0.7841796875 0.0361328125 0.796875 0.0263671875 0.798828125 0.017578125 0.8076171875 0.01953125 0.8154296875 0.033203125 0.8310546875 0.046875 0.8623046875 0.0966796875 0.904296875 0.138671875 0.9091796875 0.2255859375 0.896484375 0.2646484375 0.88671875 0.275390625 0.8779296875 0.2880859375 0.853515625
3 0.6376953125 0.828125 0.6484375 0.8173828125 0.650390625 0.8076171875 0.62109375 0.7724609375 0.5810546875 0.734375 0.5439453125 0.740234375 0.3994140625 0.779296875 0.3828125 0.7900390625 0.3759765625 0.81640625 0.3544921875 0.822265625 0.34765625 0.8291015625 0.3671875 0.8896484375 0.3671875 0.9130859375 0.3818359375 0.927734375 0.388671875 0.9267578125 0.5380859375 0.865234375 0.6064453125 0.84765625 0.6220703125 0.833984375 0.6376953125 0.828125
3 0.9609375 0.8271484375 0.98046875 0.8115234375 0.984375 0.7998046875 0.9560546875 0.783203125 0.9443359375 0.767578125 0.8916015625 0.744140625 0.7861328125 0.794921875 0.7314453125 0.828125 0.72265625 0.8388671875 0.716796875 0.8662109375 0.6845703125 0.88671875 0.6796875 0.8974609375 0.7333984375 0.93359375 0.7568359375 0.95703125 0.771484375 0.9580078125 0.8662109375 0.892578125 0.9462890625 0.853515625 0.958984375 0.8408203125 0.9609375 0.8271484375