3 0.318359375 0.1826171875 0.31640625 0.1728515625 0.3046875 0.1669921875 0.32421875 0.1591796875 0.31640625 0.1474609375 0.3125 0.1279296875 0.2646484375 0.083984375 0.2373046875 0.0703125 0.1337890625 0.05859375 0.0791015625 0.046875 0.0693359375 0.046875 0.0556640625 0.05859375 0.0322265625 0.05859375 0.029296875 0.0654296875 0.0556640625 0.0859375 0.1083984375 0.1171875 0.150390625 0.1357421875 0.1025390625 0.142578125 0.0205078125 0.1875 0.009765625 0.1982421875 0.009765625 0.2041015625 0.03125 0.2216796875 0.0556640625 0.25390625 0.1416015625 0.26953125 0.1865234375 0.28515625 0.21875 0.2861328125 0.2412109375 0.26953125 0.294921875 0.2177734375 0.30859375 0.1904296875 0.318359375 0.1826171875
3 0.578125 0.0888671875 0.58203125 0.0810546875 0.583984375 0.0400390625 0.591796875 0.0244140625 0.5869140625 0.01953125 0.5498046875 0.015625 0.4267578125 0.015625 0.3916015625 0.01953125 0.38671875 0.0263671875 0.39453125 0.0341796875 0.396484375 0.0791015625 0.427734375 0.2822265625 0.4404296875 0.291015625 0.4560546875 0.294921875 0.5234375 0.2939453125 0.5400390625 0.291015625 0.552734375 0.2822265625 0.56640625 0.1982421875 0.578125 0.0888671875
3 0.986328125 0.1552734375 0.978515625 0.1416015625 0.974609375 0.1201171875 0.9638671875 0.107421875 0.9013671875 0.1015625 0.7529296875 0.07421875 0.7392578125 0.078125 0.6875 0.1259765625 0.681640625 0.1435546875 0.681640625 0.1591796875 0.671875 0.1806640625 0.673828125 0.1865234375 0.685546875 0.1943359375 0.689453125 0.2080078125 0.7041015625 0.22265625 0.8681640625 0.265625 0.8994140625 0.271484375 0.919921875 0.2705078125 0.9345703125 0.265625 0.94140625 0.2587890625 0.984375 0.1748046875 0.986328125 0.1552734375
3 0.30859375 0.5732421875 0.30859375 0.5595703125 0.267578125 0.4697265625 0.2607421875 0.462890625 0.1630859375 0.46875 0.0693359375 0.46875 0.04296875 0.5166015625 0.0234375 0.5693359375 0.0234375 0.5810546875 0.0478515625 0.6015625 0.0595703125 0.60546875 0.119140625 0.6044921875 0.2607421875 0.6015625 0.2900390625 0.59375 0.294921875 0.5810546875 0.30859375 0.5732421875
3 0.623046875 0.4951171875 0.61328125 0.4853515625 0.611328125 0.4716796875 0.6005859375 0.458984375 0.5302734375 0.439453125 0.5107421875 0.439453125 0.3759765625 0.50390625 0.365234375 0.5126953125 0.359375 0.5283203125 0.359375 0.5439453125 0.349609375 0.5537109375 0.3515625 0.5673828125 0.3759765625 0.59375 0.4482421875 0.640625 0.4765625 0.6416015625 0.4892578125 0.634765625 0.60546875 0.5322265625 0.623046875 0.5029296875 0.623046875 0.4951171875
3 0.82421875 0.4365234375 0.830078125 0.4267578125 0.8154296875 0.41796875 0.7900390625 0.4140625 0.7138671875 0.4140625 0.6806640625 0.419921875 0.669921875 0.4267578125 0.669921875 0.4326171875 0.673828125 0.4365234375 0.681640625 0.4775390625 0.69921875 0.6044921875 0.7021484375 0.609375 0.7236328125 0.6171875 0.763671875 0.6181640625 0.7861328125 0.615234375 0.802734375 0.6025390625 0.8203125 0.4599609375 0.82421875 0.4365234375
3 0.833984375 0.4443359375 0.833984375 0.4384765625 0.8486328125 0.431640625 0.8779296875 0.4296875 0.88671875 0.3818359375 0.896484375 0.3642578125 0.8701171875 0.35546875 0.8173828125 0.3515625 0.7548828125 0.353515625 0.7314453125 0.359375 0.728515625 0.3642578125 0.740234375 0.3759765625 0.7451171875 0.412109375 0.8115234375 0.416015625 0.83203125 0.4267578125 0.82421875 0.4443359375 0.810546875 0.5537109375 0.833984375 0.5537109375 0.8505859375 0.55078125 0.85546875 0.5458984375 0.84375 0.4541015625 0.833984375 0.4443359375
3 0.998046875 0.4404296875 0.9775390625 0.431640625 0.9169921875 0.427734375 0.8447265625 0.43359375 0.8359375 0.4384765625 0.8359375 0.4443359375 0.845703125 0.4541015625 0.865234375 0.6162109375 0.8720703125 0.625 0.8876953125 0.630859375 0.921875 0.6337890625 0.9501953125 0.630859375 0.966796875 0.6201171875 0.986328125 0.4521484375 0.998046875 0.4404296875
3 0 0.8818359375 0.01171875 0.9052734375 0.0595703125 0.947265625 0.1162109375 0.96875 0.169921875 0.9716796875 0.2060546875 0.966796875 0.2412109375 0.955078125 0.2880859375 0.92578125 0.30859375 0.9033203125 0.3203125 0.8818359375 0.328125 0.8525390625 0.328125 0.8310546875 0.3125 0.7783203125 0.296875 0.7548828125 0.2705078125 0.73046875 0.2529296875 0.71875 0.2060546875 0.701171875 0.1376953125 0.697265625 0.1064453125 0.703125 0.0615234375 0.72265625 0.021484375 0.7568359375 0.00390625 0.7861328125 0 0.8017578125 0 0.8818359375
3 0.634765625 0.9169921875 0.65234375 0.8876953125 0.66015625 0.8603515625 0.66015625 0.8251953125 0.640625 0.7744140625 0.62890625 0.7568359375 0.5966796875 0.728515625 0.5673828125 0.712890625 0.5341796875 0.703125 0.5087890625 0.69921875 0.4599609375 0.701171875 0.4130859375 0.71484375 0.3876953125 0.728515625 0.3603515625 0.75 0.33984375 0.7763671875 0.333984375 0.7978515625 0.3359375 0.8994140625 0.3681640625 0.939453125 0.4052734375 0.962890625 0.4580078125 0.978515625 0.5 0.9794921875 0.5380859375 0.974609375 0.5693359375 0.96484375 0.6142578125 0.9375 0.634765625 0.9169921875
3 0.990234375 0.8544921875 0.9814453125 0.845703125 0.916015625 0.8056640625 0.9189453125 0.80078125 0.9755859375 0.787109375 0.986328125 0.7802734375 0.9833984375 0.775390625 0.9716796875 0.775390625 0.9443359375 0.73828125 0.8466796875 0.736328125 0.7080078125 0.767578125 0.697265625 0.7744140625 0.689453125 0.8076171875 0.673828125 0.8193359375 0.67578125 0.8310546875 0.701171875 0.8525390625 0.7158203125 0.876953125 0.7880859375 0.9375 0.80078125 0.9404296875 0.9482421875 0.904296875 0.9697265625 0.873046875 0.9921875 0.8623046875 0.990234375 0.8544921875