3 0.2265625 0.1552734375 0.2138671875 0.142578125 0.1865234375 0.134765625 0.1552734375 0.1328125 0.1142578125 0.140625 0.1044921875 0.146484375 0.09765625 0.1572265625 0.107421875 0.1787109375 0.12109375 0.2861328125 0.1357421875 0.296875 0.1513671875 0.30078125 0.17578125 0.2998046875 0.1943359375 0.294921875 0.201171875 0.2861328125 0.216796875 0.1787109375 0.2265625 0.1552734375
3 0.09765625 0.1630859375 0.09765625 0.1533203125 0.1103515625 0.140625 0.12109375 0.1376953125 0.125 0.1123046875 0.1328125 0.1025390625 0.1328125 0.0947265625 0.1123046875 0.080078125 0.0927734375 0.076171875 0.0537109375 0.076171875 0.0361328125 0.080078125 0.0244140625 0.0859375 0.015625 0.0966796875 0.0234375 0.1142578125 0.03515625 0.2138671875 0.0439453125 0.224609375 0.0556640625 0.228515625 0.083984375 0.2294921875 0.0986328125 0.2265625 0.109375 0.2177734375 0.10546875 0.1748046875 0.09765625 0.1630859375
3 0.212890625 0.0595703125 0.21875 0.0478515625 0.216796875 0.0419921875 0.2001953125 0.03125 0.1630859375 0.025390625 0.1416015625 0.02734375 0.1181640625 0.037109375 0.11328125 0.0498046875 0.119140625 0.0615234375 0.12109375 0.0810546875 0.1328125 0.0927734375 0.1328125 0.1044921875 0.126953125 0.1123046875 0.126953125 0.1318359375 0.1298828125 0.134765625 0.1806640625 0.1328125 0.19921875 0.1357421875 0.205078125 0.1201171875 0.19921875 0.0966796875 0.2109375 0.0791015625 0.212890625 0.0595703125
3 0.31640625 0.1103515625 0.31640625 0.1005859375 0.3056640625 0.08984375 0.2783203125 0.080078125 0.2451171875 0.078125 0.2158203125 0.083984375 0.203125 0.0927734375 0.201171875 0.1025390625 0.208984375 0.1162109375 0.208984375 0.1376953125 0.2265625 0.1513671875 0.2265625 0.1650390625 0.21875 0.1767578125 0.21875 0.2177734375 0.2373046875 0.23046875 0.271484375 0.2314453125 0.2861328125 0.2265625 0.29296875 0.2177734375 0.30859375 0.1201171875 0.31640625 0.1103515625
3 0.61328125 0.2412109375 0.626953125 0.1845703125 0.6484375 0.1650390625 0.65234375 0.1552734375 0.64453125 0.1318359375 0.6318359375 0.12109375 0.6123046875 0.11328125 0.5556640625 0.1015625 0.5146484375 0.09765625 0.4267578125 0.099609375 0.3759765625 0.115234375 0.3505859375 0.130859375 0.341796875 0.1435546875 0.33984375 0.1650390625 0.36328125 0.1865234375 0.390625 0.2763671875 0.4111328125 0.29296875 0.4326171875 0.30078125 0.4638671875 0.306640625 0.5078125 0.3076171875 0.5576171875 0.30078125 0.5869140625 0.2890625 0.59765625 0.2802734375 0.61328125 0.2412109375
3 0.947265625 0.1982421875 0.953125 0.1552734375 0.974609375 0.1357421875 0.974609375 0.1220703125 0.966796875 0.1044921875 0.9404296875 0.087890625 0.8779296875 0.07421875 0.7939453125 0.07421875 0.7626953125 0.078125 0.7177734375 0.08984375 0.6962890625 0.1015625 0.685546875 0.1181640625 0.68359375 0.1376953125 0.70703125 0.1591796875 0.71484375 0.2060546875 0.73046875 0.2626953125 0.7470703125 0.27734375 0.7802734375 0.2890625 0.8056640625 0.29296875 0.853515625 0.2919921875 0.8974609375 0.283203125 0.9208984375 0.271484375 0.931640625 0.2607421875 0.947265625 0.1982421875
3 0.28125 0.4970703125 0.298828125 0.4833984375 0.30859375 0.4677734375 0.30859375 0.4482421875 0.30078125 0.4287109375 0.2822265625 0.4140625 0.2607421875 0.404296875 0.1884765625 0.388671875 0.1083984375 0.390625 0.0732421875 0.3984375 0.0439453125 0.41015625 0.02734375 0.4228515625 0.01953125 0.4365234375 0.017578125 0.4638671875 0.0234375 0.4755859375 0.04296875 0.4951171875 0.0703125 0.5966796875 0.0869140625 0.615234375 0.1103515625 0.62890625 0.1396484375 0.63671875 0.1640625 0.6376953125 0.2080078125 0.630859375 0.2275390625 0.62109375 0.24609375 0.6025390625 0.28125 0.4970703125
3 0.6494140625 0.5234375 0.658203125 0.5146484375 0.66015625 0.4970703125 0.65625 0.4873046875 0.5927734375 0.3984375 0.5791015625 0.392578125 0.5576171875 0.392578125 0.4892578125 0.40234375 0.3662109375 0.41015625 0.3525390625 0.4140625 0.341796875 0.4248046875 0.337890625 0.4423828125 0.357421875 0.5458984375 0.361328125 0.5537109375 0.375 0.5634765625 0.3828125 0.5927734375 0.3896484375 0.6015625 0.3974609375 0.60546875 0.419921875 0.6044921875 0.6064453125 0.5703125 0.6171875 0.5634765625 0.63671875 0.5263671875 0.6494140625 0.5234375
3 0.984375 0.3955078125 0.9736328125 0.3828125 0.9638671875 0.37890625 0.8349609375 0.376953125 0.7529296875 0.37109375 0.7041015625 0.37109375 0.69140625 0.3798828125 0.685546875 0.3955078125 0.68359375 0.4228515625 0.6796875 0.5556640625 0.6796875 0.5888671875 0.6884765625 0.6015625 0.6982421875 0.60546875 0.97265625 0.6064453125 0.982421875 0.6005859375 0.98828125 0.5810546875 0.986328125 0.4111328125 0.984375 0.3955078125
3 0.3076171875 0.853515625 0.314453125 0.8466796875 0.3125 0.7978515625 0.310546875 0.7919921875 0.2998046875 0.78515625 0.1923828125 0.77734375 0.0849609375 0.775390625 0.0498046875 0.78515625 0.017578125 0.8251953125 0.017578125 0.8388671875 0.03125 0.8466796875 0.05078125 0.9033203125 0.0595703125 0.91015625 0.2578125 0.9169921875 0.2724609375 0.916015625 0.28125 0.9091796875 0.296875 0.8564453125 0.3076171875 0.853515625
3 0.654296875 0.8583984375 0.646484375 0.8466796875 0.65625 0.7958984375 0.654296875 0.7880859375 0.6279296875 0.775390625 0.6201171875 0.765625 0.5888671875 0.75390625 0.4306640625 0.71484375 0.4169921875 0.716796875 0.3974609375 0.712890625 0.390625 0.7197265625 0.3740234375 0.759765625 0.3447265625 0.75 0.341796875 0.7548828125 0.3505859375 0.765625 0.416015625 0.7919921875 0.4111328125 0.796875 0.3701171875 0.8046875 0.35546875 0.8154296875 0.353515625 0.8232421875 0.3623046875 0.83203125 0.3779296875 0.837890625 0.4013671875 0.8671875 0.4619140625 0.912109375 0.5185546875 0.951171875 0.54296875 0.9560546875 0.5556640625 0.953125 0.625 0.9111328125 0.63671875 0.8779296875 0.654296875 0.8583984375
3 0.9921875 0.8896484375 0.984375 0.7783203125 0.9765625 0.7607421875 0.962890625 0.7568359375 0.9560546875 0.73046875 0.9384765625 0.72265625 0.8369140625 0.71875 0.7431640625 0.71875 0.7294921875 0.72265625 0.72265625 0.7294921875 0.71875 0.7490234375 0.7099609375 0.751953125 0.6953125 0.7724609375 0.671875 0.8701171875 0.671875 0.8818359375 0.6767578125 0.888671875 0.6923828125 0.896484375 0.7099609375 0.896484375 0.71484375 0.9169921875 0.7275390625 0.927734375 0.7392578125 0.931640625 0.935546875 0.9345703125 0.951171875 0.9248046875 0.9560546875 0.908203125 0.9853515625 0.90234375 0.9921875 0.8896484375