3 0.3203125 0.1669921875 0.3203125 0.1494140625 0.30859375 0.1181640625 0.2744140625 0.0859375 0.2392578125 0.07421875 0.1943359375 0.076171875 0.1572265625 0.09375 0.142578125 0.1083984375 0.13671875 0.1220703125 0.13671875 0.1494140625 0.12890625 0.1669921875 0.138671875 0.1826171875 0.142578125 0.2080078125 0.1533203125 0.205078125 0.1708984375 0.22265625 0.1982421875 0.234375 0.25 0.2353515625 0.2685546875 0.23046875 0.2939453125 0.21484375 0.3125 0.1923828125 0.3203125 0.1669921875
3 0.18359375 0.1552734375 0.18359375 0.1220703125 0.173828125 0.1005859375 0.1572265625 0.083984375 0.1279296875 0.07421875 0.1005859375 0.076171875 0.0654296875 0.09375 0.037109375 0.1259765625 0.025390625 0.1552734375 0.0234375 0.1728515625 0.02734375 0.1943359375 0.0478515625 0.220703125 0.0751953125 0.232421875 0.103515625 0.2314453125 0.1298828125 0.22265625 0.1513671875 0.20703125 0.171875 0.1826171875 0.18359375 0.1552734375
3 0.638671875 0.1201171875 0.6357421875 0.103515625 0.5185546875 0.072265625 0.4658203125 0.076171875 0.3662109375 0.095703125 0.353515625 0.1025390625 0.3515625 0.1123046875 0.369140625 0.1357421875 0.388671875 0.1904296875 0.4306640625 0.23046875 0.4638671875 0.255859375 0.4775390625 0.26171875 0.486328125 0.2607421875 0.5439453125 0.234375 0.603515625 0.1962890625 0.626953125 0.1298828125 0.638671875 0.1201171875
3 0.8681640625 0.09375 0.8349609375 0.078125 0.7939453125 0.064453125 0.7802734375 0.064453125 0.6875 0.1669921875 0.68359375 0.1845703125 0.703125 0.2158203125 0.7353515625 0.25390625 0.7431640625 0.259765625 0.751953125 0.2587890625 0.787109375 0.2255859375 0.869140625 0.1259765625 0.876953125 0.1044921875 0.8681640625 0.09375
3 0.9033203125 0.064453125 0.8818359375 0.064453125 0.8330078125 0.076171875 0.8173828125 0.07421875 0.7841796875 0.08203125 0.77734375 0.0947265625 0.78515625 0.1103515625 0.796875 0.1552734375 0.8125 0.1748046875 0.8154296875 0.185546875 0.8212890625 0.18359375 0.8408203125 0.20703125 0.857421875 0.2099609375 0.9521484375 0.177734375 0.9609375 0.1650390625 0.984375 0.1064453125 0.9033203125 0.064453125
3 0.169921875 0.4150390625 0.16796875 0.3974609375 0.1591796875 0.3828125 0.0537109375 0.3828125 0.0263671875 0.38671875 0.01953125 0.3935546875 0.017578125 0.4521484375 0.025390625 0.5205078125 0.03125 0.5302734375 0.0400390625 0.53515625 0.076171875 0.5341796875 0.1572265625 0.52734375 0.171875 0.5185546875 0.173828125 0.4658203125 0.169921875 0.4150390625
3 0.318359375 0.4970703125 0.2802734375 0.4609375 0.2392578125 0.4296875 0.2255859375 0.427734375 0.17578125 0.4814453125 0.173828125 0.5009765625 0.1630859375 0.498046875 0.150390625 0.5146484375 0.1611328125 0.515625 0.1640625 0.5322265625 0.1982421875 0.5625 0.2353515625 0.58984375 0.25 0.5908203125 0.267578125 0.5751953125 0.3125 0.5185546875 0.318359375 0.5087890625 0.318359375 0.4970703125
3 0.650390625 0.4931640625 0.650390625 0.4833984375 0.6279296875 0.47265625 0.4814453125 0.44921875 0.4404296875 0.451171875 0.3701171875 0.46484375 0.349609375 0.4736328125 0.349609375 0.4794921875 0.3681640625 0.4921875 0.3857421875 0.513671875 0.4521484375 0.55078125 0.4873046875 0.568359375 0.525390625 0.5693359375 0.5576171875 0.564453125 0.6064453125 0.53515625 0.6279296875 0.505859375 0.650390625 0.4931640625
3 0.986328125 0.4228515625 0.982421875 0.4111328125 0.9697265625 0.396484375 0.9580078125 0.390625 0.9267578125 0.388671875 0.7158203125 0.388671875 0.7001953125 0.39453125 0.6875 0.4072265625 0.681640625 0.4365234375 0.677734375 0.5498046875 0.681640625 0.5615234375 0.6923828125 0.57421875 0.7138671875 0.58203125 0.921875 0.5849609375 0.9619140625 0.583984375 0.9716796875 0.580078125 0.986328125 0.5634765625 0.986328125 0.4228515625
3 0.3125 0.8310546875 0.2666015625 0.791015625 0.1376953125 0.697265625 0.1279296875 0.693359375 0.1064453125 0.6953125 0.01953125 0.7666015625 0.013671875 0.7783203125 0.013671875 0.7939453125 0.07421875 0.8603515625 0.1533203125 0.93359375 0.1923828125 0.96484375 0.22265625 0.9658203125 0.24609375 0.9462890625 0.3125 0.8642578125 0.31640625 0.8544921875 0.3125 0.8310546875
3 0.654296875 0.7783203125 0.654296875 0.7685546875 0.6416015625 0.759765625 0.5673828125 0.736328125 0.3486328125 0.75390625 0.34375 0.7666015625 0.359375 0.7900390625 0.37109375 0.8466796875 0.3828125 0.8720703125 0.3994140625 0.8984375 0.421875 0.8994140625 0.6142578125 0.873046875 0.623046875 0.8603515625 0.642578125 0.7841796875 0.654296875 0.7783203125
3 0.99609375 0.7509765625 0.998046875 0.7431640625 0.9892578125 0.732421875 0.9541015625 0.72265625 0.9111328125 0.72265625 0.8876953125 0.728515625 0.876953125 0.7353515625 0.875 0.7451171875 0.890625 0.7587890625 0.89453125 0.7783203125 0.9013671875 0.787109375 0.9248046875 0.796875 0.94921875 0.7958984375 0.9697265625 0.7890625 0.978515625 0.7763671875 0.982421875 0.7607421875 0.99609375 0.7509765625
3 0.90234375 0.9091796875 0.919921875 0.8916015625 0.8935546875 0.8828125 0.8310546875 0.87890625 0.7255859375 0.880859375 0.6962890625 0.884765625 0.681640625 0.8916015625 0.69921875 0.9052734375 0.716796875 0.9580078125 0.7255859375 0.966796875 0.7626953125 0.978515625 0.826171875 0.9794921875 0.8525390625 0.9765625 0.8798828125 0.966796875 0.888671875 0.9541015625 0.90234375 0.9091796875
3 0.9248046875 0.8203125 0.9033203125 0.814453125 0.8388671875 0.806640625 0.7236328125 0.80859375 0.6923828125 0.814453125 0.671875 0.8251953125 0.671875 0.8310546875 0.6787109375 0.8359375 0.7158203125 0.84375 0.7705078125 0.84765625 0.84375 0.8466796875 0.9169921875 0.83984375 0.9267578125 0.8359375 0.931640625 0.8291015625 0.9248046875 0.8203125