3 0.314453125 0.1259765625 0.3125 0.1103515625 0.2177734375 0.076171875 0.1708984375 0.080078125 0.0146484375 0.109375 0.009765625 0.1162109375 0.009765625 0.1279296875 0.02734375 0.1533203125 0.046875 0.2099609375 0.0830078125 0.26171875 0.0986328125 0.267578125 0.11328125 0.2666015625 0.2685546875 0.2109375 0.27734375 0.2021484375 0.302734375 0.1357421875 0.314453125 0.1259765625
3 0.650390625 0.1201171875 0.6484375 0.1064453125 0.5810546875 0.080078125 0.5498046875 0.072265625 0.3720703125 0.099609375 0.3564453125 0.10546875 0.3515625 0.1103515625 0.3515625 0.1240234375 0.369140625 0.1494140625 0.388671875 0.2060546875 0.4228515625 0.25390625 0.4365234375 0.259765625 0.455078125 0.2587890625 0.6064453125 0.203125 0.61328125 0.1962890625 0.640625 0.1279296875 0.650390625 0.1201171875
3 0.966796875 0.1513671875 0.982421875 0.1318359375 0.982421875 0.1181640625 0.9775390625 0.11328125 0.9619140625 0.107421875 0.8603515625 0.08984375 0.7978515625 0.080078125 0.7744140625 0.080078125 0.681640625 0.1142578125 0.6796875 0.1259765625 0.69140625 0.1376953125 0.7109375 0.1904296875 0.7255859375 0.212890625 0.8662109375 0.265625 0.896484375 0.2685546875 0.9072265625 0.265625 0.91796875 0.2548828125 0.9453125 0.2138671875 0.966796875 0.1513671875
3 0.30859375 0.4794921875 0.2978515625 0.47265625 0.2548828125 0.458984375 0.0654296875 0.45703125 0.0234375 0.4775390625 0.056640625 0.5693359375 0.0693359375 0.580078125 0.259765625 0.5791015625 0.2734375 0.5732421875 0.294921875 0.5107421875 0.30859375 0.4833984375 0.30859375 0.4794921875
3 0.2958984375 0.416015625 0.2548828125 0.396484375 0.0732421875 0.3984375 0.0224609375 0.419921875 0.015625 0.4287109375 0.0185546875 0.4375 0.0341796875 0.44140625 0.158203125 0.4423828125 0.2861328125 0.439453125 0.2998046875 0.435546875 0.302734375 0.4248046875 0.2958984375 0.416015625
3 0.6240234375 0.4609375 0.6005859375 0.455078125 0.4443359375 0.451171875 0.3994140625 0.453125 0.359375 0.4736328125 0.39453125 0.5712890625 0.4013671875 0.578125 0.505859375 0.5810546875 0.6044921875 0.580078125 0.6162109375 0.576171875 0.65625 0.4755859375 0.6240234375 0.4609375
3 0.6396484375 0.408203125 0.6064453125 0.390625 0.5947265625 0.388671875 0.4150390625 0.390625 0.3740234375 0.40625 0.3515625 0.4208984375 0.3515625 0.4287109375 0.3642578125 0.435546875 0.552734375 0.4365234375 0.6357421875 0.43359375 0.6474609375 0.4296875 0.650390625 0.4208984375 0.6396484375 0.408203125
3 0.873046875 0.4873046875 0.873046875 0.4775390625 0.857421875 0.4404296875 0.845703125 0.4248046875 0.845703125 0.4189453125 0.818359375 0.3701171875 0.8056640625 0.36328125 0.7158203125 0.376953125 0.7021484375 0.3828125 0.69140625 0.3974609375 0.701171875 0.5224609375 0.7431640625 0.5703125 0.759765625 0.5732421875 0.8427734375 0.546875 0.853515625 0.5283203125 0.859375 0.5068359375 0.873046875 0.4873046875
3 0.955078125 0.4384765625 0.9384765625 0.419921875 0.8740234375 0.3828125 0.8564453125 0.37890625 0.84765625 0.3955078125 0.83984375 0.4521484375 0.837890625 0.4794921875 0.841796875 0.4892578125 0.8681640625 0.515625 0.9697265625 0.5703125 0.9765625 0.5693359375 0.982421875 0.5634765625 0.986328125 0.5498046875 0.966796875 0.4912109375 0.955078125 0.4384765625
3 0.1435546875 0.875 0.15234375 0.8681640625 0.16015625 0.8525390625 0.16015625 0.8330078125 0.15234375 0.7998046875 0.1484375 0.7529296875 0.1416015625 0.744140625 0.1259765625 0.74609375 0.0712890625 0.77734375 0.0517578125 0.7890625 0.037109375 0.8056640625 0.01953125 0.8779296875 0.00390625 0.9228515625 0.005859375 0.9384765625 0.01953125 0.9462890625 0.1318359375 0.88671875 0.13671875 0.8818359375 0.1357421875 0.875 0.1435546875 0.875
3 0.3017578125 0.74609375 0.2841796875 0.740234375 0.2060546875 0.7265625 0.1904296875 0.728515625 0.177734375 0.7392578125 0.1640625 0.7646484375 0.15234375 0.7958984375 0.126953125 0.8408203125 0.125 0.8603515625 0.13671875 0.8759765625 0.1484375 0.9130859375 0.1572265625 0.923828125 0.2431640625 0.951171875 0.251953125 0.9501953125 0.2607421875 0.947265625 0.306640625 0.8955078125 0.314453125 0.7587890625 0.3017578125 0.74609375
3 0.53125 0.7978515625 0.5283203125 0.794921875 0.5126953125 0.791015625 0.5126953125 0.794921875 0.4951171875 0.796875 0.4912109375 0.802734375 0.4833984375 0.796875 0.4091796875 0.796875 0.3525390625 0.830078125 0.34375 0.8388671875 0.3515625 0.8486328125 0.375 0.9013671875 0.3818359375 0.90625 0.4521484375 0.912109375 0.509765625 0.9111328125 0.515625 0.9052734375 0.5234375 0.8505859375 0.53125 0.8349609375 0.53125 0.7978515625
3 0.5615234375 0.8046875 0.4794921875 0.77734375 0.47265625 0.7802734375 0.470703125 0.7841796875 0.5693359375 0.876953125 0.5869140625 0.88671875 0.619140625 0.8857421875 0.6416015625 0.8828125 0.654296875 0.8740234375 0.6474609375 0.865234375 0.5615234375 0.8046875
3 0.97265625 0.8134765625 0.9345703125 0.78515625 0.7314453125 0.78515625 0.7197265625 0.7890625 0.6875 0.8232421875 0.689453125 0.8330078125 0.69921875 0.8388671875 0.724609375 0.9111328125 0.7353515625 0.91796875 0.921875 0.9169921875 0.9375 0.9091796875 0.962890625 0.8349609375 0.974609375 0.8271484375 0.97265625 0.8134765625