3 0.26953125 0.0830078125 0.283203125 0.0712890625 0.283203125 0.0634765625 0.2763671875 0.0546875 0.2548828125 0.046875 0.1962890625 0.0390625 0.1162109375 0.041015625 0.0732421875 0.05078125 0.060546875 0.0595703125 0.05859375 0.0693359375 0.072265625 0.0830078125 0.0859375 0.1220703125 0.09375 0.2451171875 0.103515625 0.3115234375 0.1142578125 0.318359375 0.1474609375 0.32421875 0.193359375 0.3232421875 0.2216796875 0.318359375 0.234375 0.3037109375 0.25390625 0.1259765625 0.26953125 0.0830078125
3 0.603515625 0.2666015625 0.6171875 0.2333984375 0.63671875 0.1279296875 0.6474609375 0.119140625 0.662109375 0.1142578125 0.66015625 0.1025390625 0.6455078125 0.09765625 0.5830078125 0.09375 0.4033203125 0.09375 0.3583984375 0.095703125 0.3369140625 0.1015625 0.333984375 0.1123046875 0.3388671875 0.1171875 0.3505859375 0.119140625 0.359375 0.1298828125 0.376953125 0.2373046875 0.390625 0.2666015625 0.4013671875 0.275390625 0.4384765625 0.291015625 0.4697265625 0.296875 0.505859375 0.2978515625 0.5439453125 0.294921875 0.5654296875 0.2890625 0.5908203125 0.27734375 0.603515625 0.2666015625
3 0.767578125 0.0869140625 0.755859375 0.0634765625 0.7412109375 0.048828125 0.7021484375 0.046875 0.69140625 0.0537109375 0.673828125 0.0830078125 0.673828125 0.0908203125 0.6796875 0.0966796875 0.689453125 0.2529296875 0.7001953125 0.267578125 0.736328125 0.2685546875 0.74609375 0.2646484375 0.75390625 0.2451171875 0.76171875 0.0947265625 0.767578125 0.0869140625
3 0.8828125 0.0830078125 0.8720703125 0.078125 0.8017578125 0.078125 0.7939453125 0.080078125 0.791015625 0.0888671875 0.796875 0.0947265625 0.8046875 0.2470703125 0.8154296875 0.265625 0.84375 0.2685546875 0.8583984375 0.265625 0.869140625 0.2470703125 0.876953125 0.1044921875 0.8828125 0.0830078125
3 0.9892578125 0.078125 0.9169921875 0.078125 0.9111328125 0.080078125 0.91015625 0.0849609375 0.9140625 0.0966796875 0.919921875 0.2529296875 0.923828125 0.2607421875 0.9345703125 0.267578125 0.96875 0.2666015625 0.9765625 0.2626953125 0.982421875 0.2509765625 0.998046875 0.0830078125 0.9892578125 0.078125
3 0.169921875 0.4384765625 0.1181640625 0.431640625 0.0263671875 0.43359375 0.021484375 0.4404296875 0.029296875 0.4462890625 0.03125 0.4560546875 0.044921875 0.5791015625 0.0595703125 0.587890625 0.1015625 0.5908203125 0.1376953125 0.5859375 0.14453125 0.5771484375 0.16015625 0.4501953125 0.169921875 0.4384765625
3 0.310546875 0.5732421875 0.30078125 0.4443359375 0.2958984375 0.439453125 0.2626953125 0.435546875 0.2041015625 0.4375 0.19921875 0.4423828125 0.18359375 0.5673828125 0.173828125 0.5771484375 0.173828125 0.5830078125 0.1865234375 0.591796875 0.2138671875 0.59765625 0.28125 0.5986328125 0.3056640625 0.595703125 0.3203125 0.5869140625 0.3203125 0.5810546875 0.310546875 0.5732421875
3 0.630859375 0.5380859375 0.626953125 0.5322265625 0.638671875 0.5126953125 0.638671875 0.5029296875 0.5537109375 0.41015625 0.5244140625 0.390625 0.4326171875 0.361328125 0.4228515625 0.361328125 0.4052734375 0.37890625 0.3798828125 0.369140625 0.375 0.3759765625 0.3837890625 0.384765625 0.509765625 0.4736328125 0.5029296875 0.478515625 0.3994140625 0.505859375 0.3779296875 0.513671875 0.3681640625 0.521484375 0.3515625 0.5244140625 0.357421875 0.5419921875 0.3642578125 0.546875 0.3759765625 0.546875 0.41015625 0.5888671875 0.40234375 0.6005859375 0.40234375 0.6083984375 0.4228515625 0.6328125 0.48046875 0.6376953125 0.5966796875 0.580078125 0.6142578125 0.55859375 0.62890625 0.5498046875 0.630859375 0.5380859375
3 0.94921875 0.6220703125 0.94921875 0.5947265625 0.9296875 0.4892578125 0.921875 0.4658203125 0.91015625 0.4541015625 0.91796875 0.4423828125 0.91796875 0.4287109375 0.90234375 0.3408203125 0.8916015625 0.333984375 0.8427734375 0.337890625 0.7587890625 0.3359375 0.75 0.3505859375 0.73828125 0.4189453125 0.73828125 0.4443359375 0.74609375 0.4541015625 0.734375 0.4658203125 0.7265625 0.4892578125 0.7109375 0.5673828125 0.70703125 0.6220703125 0.716796875 0.6337890625 0.716796875 0.6396484375 0.70703125 0.6455078125 0.70703125 0.6533203125 0.7177734375 0.66015625 0.7607421875 0.662109375 0.7666015625 0.66015625 0.7783203125 0.64453125 0.8779296875 0.64453125 0.8955078125 0.662109375 0.9296875 0.6611328125 0.9404296875 0.66015625 0.951171875 0.6494140625 0.939453125 0.6396484375 0.94921875 0.6220703125
3 0.310546875 0.8818359375 0.3203125 0.8388671875 0.3203125 0.8154296875 0.3125 0.7861328125 0.30078125 0.7646484375 0.2744140625 0.736328125 0.2275390625 0.708984375 0.1845703125 0.697265625 0.1337890625 0.697265625 0.0908203125 0.708984375 0.0634765625 0.724609375 0.0361328125 0.751953125 0.0244140625 0.75390625 0.01171875 0.7666015625 0.01171875 0.7763671875 0.01953125 0.7861328125 0.017578125 0.8447265625 0.0234375 0.8662109375 0.04296875 0.8994140625 0.0712890625 0.92578125 0.0908203125 0.9375 0.1435546875 0.955078125 0.19921875 0.9560546875 0.2255859375 0.951171875 0.2587890625 0.9375 0.296875 0.9052734375 0.310546875 0.8818359375
3 0.5078125 0.7861328125 0.52734375 0.7529296875 0.529296875 0.7275390625 0.5234375 0.7080078125 0.51171875 0.6884765625 0.5009765625 0.6796875 0.4892578125 0.6796875 0.474609375 0.6943359375 0.466796875 0.7099609375 0.462890625 0.7412109375 0.46875 0.7568359375 0.484375 0.7724609375 0.4921875 0.7998046875 0.490234375 0.9658203125 0.4990234375 0.9765625 0.513671875 0.9775390625 0.5234375 0.9697265625 0.5234375 0.9521484375 0.513671875 0.8896484375 0.5078125 0.7861328125
3 0.95703125 0.7841796875 0.96484375 0.7763671875 0.9658203125 0.767578125 0.9853515625 0.763671875 0.9921875 0.7568359375 0.9833984375 0.75 0.9658203125 0.74609375 0.8974609375 0.740234375 0.7626953125 0.740234375 0.7099609375 0.744140625 0.6806640625 0.751953125 0.6796875 0.7587890625 0.7021484375 0.765625 0.705078125 0.7763671875 0.712890625 0.7841796875 0.732421875 0.9208984375 0.73828125 0.9384765625 0.7705078125 0.94921875 0.8515625 0.9521484375 0.9033203125 0.94921875 0.9189453125 0.9453125 0.931640625 0.9365234375 0.95703125 0.7841796875