3 0.6985062890625 0.1334512578125 0.724056603125 0.2002751578125 0.73290094375 0.209119496875 0.88915094375 0.2651336484375 0.903891509375 0.2661163515625 0.9196147796874999 0.26022012656250004 0.9559748421875 0.2081367921875 0.9756289312499999 0.15113993750000002 0.9933176093749999 0.125589621875 0.9933176093749999 0.1137971703125 0.9884040875 0.1069182390625 0.831171384375 0.07743710625 0.784001571875 0.0735062890625 0.6886792453125 0.10790094374999999 0.6867138359375 0.12362421406249999 0.6985062890625 0.1334512578125
3 0.35849056562500003 0.125589621875 0.3860062890625 0.19437893125 0.3928852203125 0.20125786093750003 0.545204403125 0.2572720125 0.5638757859375 0.2582547171875 0.5776336484375 0.252358490625 0.6120283015625 0.20420597499999998 0.631682390625 0.14720911875 0.6493710687500001 0.12165880468750001 0.6493710687500001 0.10790094374999999 0.644457546875 0.10298742187500001 0.6287342765624999 0.0970911953125 0.449882075 0.06957547187499999 0.41843553437500003 0.07743710625 0.35062893125 0.1039701265625 0.348663521875 0.11772798749999999 0.35849056562500003 0.125589621875
3 0.051886792187499996 0.21206760937500002 0.079402515625 0.2533411953125 0.0902122640625 0.26415094375 0.10102201250000001 0.26709905625 0.1314858484375 0.26415094375 0.2729952828125 0.21108490624999998 0.2877358484375 0.1884827046875 0.3073899375 0.1354166671875 0.319182390625 0.12362421406249999 0.31721698125 0.1118317609375 0.2238600625 0.07743710625 0.2002751578125 0.07743710625 0.137382075 0.0872641515625 0.035180817187500005 0.1049528296875 0.019457546875000002 0.11084905625000001 0.014544024999999999 0.11576257812499999 0.014544024999999999 0.129520440625 0.030267295312499998 0.149174528125 0.051886792187499996 0.21206760937500002
3 0.6926100625 0.483294025 0.706367925 0.5108097484375 0.727987421875 0.5737028296875 0.7417452828125 0.57959905625 0.9333726421874999 0.5805817609374999 0.9461477984375 0.5697720125 0.9795597484374999 0.47739779843749997 0.937303459375 0.45676100625 0.7466588046875 0.458726415625 0.7034198109375 0.47248427656249997 0.6926100625 0.4793632078125 0.6926100625 0.483294025
3 0.6985062890625 0.42433176093749997 0.701454403125 0.435141509375 0.7152122640624999 0.43907232656249995 0.843946540625 0.442020440625 0.96875 0.44103773593750006 0.9844732703125001 0.43710691874999996 0.987421384375 0.428262578125 0.9805424531250001 0.41941823906250003 0.9294418234374999 0.3977987421875 0.7466588046875 0.3958333328125 0.7053852203125001 0.415487421875 0.6985062890625 0.42433176093749997
3 0.3427672953125 0.475432390625 0.38305817656249996 0.57665094375 0.3948506296875 0.5805817609374999 0.49410377343749995 0.581564465625 0.5992531453125001 0.5786163515625 0.606132075 0.571737421875 0.641509434375 0.47346698125 0.601218553125 0.45283018906250005 0.5560141515625 0.45086477968749994 0.398781446875 0.45479559687500004 0.375196540625 0.4606918234375 0.3427672953125 0.475432390625
3 0.348663521875 0.42040094375 0.3516116359375 0.42924528281249996 0.36340408750000003 0.4331761 0.4469339625 0.4361242140625 0.6365959125 0.435141509375 0.6493710687500001 0.428262578125 0.6493710687500001 0.42040094375 0.6267688671875 0.405660378125 0.5854952828125 0.38993710625 0.40467767343750005 0.3879716984375 0.3928852203125 0.38993710625 0.3594732703125 0.4076257859375 0.348663521875 0.42040094375
3 0.1383647796875 0.5068789312499999 0.14426100625 0.528498428125 0.1550707546875 0.5471698109375 0.2386006296875 0.5737028296875 0.25530660312500003 0.5707547171875 0.29756289375 0.5226022015625 0.3073899375 0.3968160375 0.2965801890625 0.382075471875 0.2828223265625 0.3761792453125 0.192413521875 0.36242138437500004 0.1796383640625 0.3693003140625 0.1521226421875 0.41843553437500003 0.1521226421875 0.42433176093749997 0.1403301890625 0.44005503125 0.12460691875 0.47739779843749997 0.12460691875 0.48722484218749995 0.1383647796875 0.5068789312499999
3 0.030267295312499998 0.4911556609375 0.0106132078125 0.550117925 0.014544024999999999 0.5638757859375 0.0204402515625 0.5697720125 0.0273191828125 0.5707547171875 0.129520440625 0.5157232703125 0.15605345937499998 0.48919025156249996 0.1599842765625 0.4793632078125 0.1580188671875 0.451847484375 0.15015723281249999 0.3948506296875 0.14131289375 0.37814465468749997 0.12362421406249999 0.382075471875 0.05876572343749999 0.41941823906250003 0.0420597484375 0.438089621875 0.030267295312499998 0.4911556609375
3 0.8665487421875 0.877358490625 0.8655660375 0.8842374218750001 0.8704795593749999 0.88915094375 0.9834905656249999 0.9490959125 0.997248428125 0.9412342765625 0.9992138359375 0.92551100625 0.9834905656249999 0.880306603125 0.9658018875 0.8075864781250001 0.9510613203125 0.790880503125 0.9314072328125 0.77908805 0.8763757859375 0.747641509375 0.8606525156249999 0.7456761000000001 0.853773584375 0.754520440625 0.8498427671875 0.8016902515625001 0.8419811328125 0.8351022015625 0.8419811328125 0.8547562890625 0.8498427671875 0.8704795593749999 0.85868710625 0.877358490625 0.8665487421875 0.877358490625
3 0.6867138359375 0.7604166671875 0.694575471875 0.8979952828125001 0.740762578125 0.950078615625 0.74960691875 0.9530267296874999 0.7584512578125 0.9540094343750001 0.8449292453125 0.9264937109375 0.853773584375 0.9156839625 0.8655660375 0.8783411953125 0.877358490625 0.862617925 0.87539308125 0.8429638359375 0.8498427671875 0.797759434375 0.8380503140625001 0.76631289375 0.8242924531250001 0.740762578125 0.8115172953125 0.7299528296875 0.795794025 0.727987421875 0.7171776734375 0.7417452828125 0.69948899375 0.747641509375 0.6867138359375 0.7604166671875
3 0.468553459375 0.8370676093749999 0.47641509375 0.85279088125 0.4842767296875 0.9078223265625001 0.49017295625 0.9137185531249999 0.548152515625 0.9147012578125 0.6189072328125 0.90880503125 0.6257861640625 0.903891509375 0.6493710687500001 0.8508254718750001 0.6572327046875001 0.840998428125 0.6483883640625 0.8321540875 0.591391509375 0.7987421390625 0.516705975 0.7987421390625 0.5088443390624999 0.8046383640625001 0.504913521875 0.7987421390625 0.48722484218749995 0.7967767296875 0.48722484218749995 0.7928459125 0.471501571875 0.7967767296875 0.468553459375 0.7997248421875 0.468553459375 0.8370676093749999
3 0.3516116359375 0.8675314468750001 0.3447327046875 0.8763757859375 0.35750786093750003 0.8852201265625 0.3801100625 0.8881682390625001 0.4125393078125 0.88915094375 0.4302279875 0.8793238999999999 0.5294811328125 0.78596698125 0.5275157234375001 0.7820361640625 0.5206367921874999 0.77908805 0.438089621875 0.8066037734375 0.3516116359375 0.8675314468750001
3 0.0224056609375 0.829205975 0.0341981125 0.8370676093749999 0.059748428124999996 0.9117531453125001 0.0754716984375 0.9196147796874999 0.2631682390625 0.9205974843750001 0.2739779875 0.9137185531249999 0.2995283015625 0.840998428125 0.30935534531250003 0.8351022015625 0.3113207546875 0.8252751578125 0.278891509375 0.790880503125 0.26709905625 0.7869496859375 0.06269654062499999 0.7869496859375 0.02437106875 0.8154481125 0.0224056609375 0.829205975