3 0 0.195908815625 0.0074048906250000004 0.1975543484375 0.031861412500000005 0.2158967390625 0.056317934375 0.21385869531249999 0.0705842390625 0.2199728265625 0.11949728281250001 0.22404891249999997 0.241779890625 0.22201087031250002 0.2611413046875 0.225067934375 0.2784646734375 0.21385869531249999 0.3049592390625 0.209782609375 0.3100543484375 0.20264945625 0.3029211953125 0.1955163046875 0.241779890625 0.16494565156250002 0.03797554375 0.156793478125 0 0.176139509375 0 0.195908815625
3 0.3966711953125 0.061005434375 0.3701766296875 0.061005434375 0.3508152171875 0.0722146734375 0.340625 0.1007472828125 0.3283967390625 0.2434103265625 0.3304347828125 0.2576766296875 0.34368206562500003 0.275 0.36202445625 0.2831521734375 0.6320652171875001 0.2882472828125 0.6391983703124999 0.2872282609375 0.6544836953125001 0.273980978125 0.6605978265625 0.2576766296875 0.6565217390625 0.1048233703125 0.6412364125 0.0834239125 0.618817934375 0.0752717390625 0.45577445625 0.07119565156249999 0.3966711953125 0.061005434375
3 0.9265625 0.0447010875 0.8409646734375 0.040625 0.7472146734375 0.042663043750000004 0.720720109375 0.0487771734375 0.7197010875000001 0.0701766296875 0.7298913046875 0.082404890625 0.7339673906249999 0.1007472828125 0.7502717390625 0.2393342390625 0.7584239125 0.278057065625 0.7716711953125001 0.2913043484375 0.8022418484375 0.30353260937500004 0.8684782609375 0.3045516296875 0.9061820656249999 0.293342390625 0.9235054343750001 0.276019021875 0.95 0.10278532656249999 0.9540760875000001 0.088519021875 0.9622282609375 0.0783288046875 0.9642663046875001 0.0559103265625 0.9530570656249999 0.0487771734375 0.9265625 0.0447010875
3 0.2346467390625 0.44925271718750004 0.2173233703125 0.4298913046875 0.17860054375 0.40747282656249995 0.1337635875 0.4013586953125 0.0868885875 0.415625 0.051222826562500004 0.44721467343750004 0.038994565625 0.46759510937500004 0.0288043484375 0.5002038046874999 0.0288043484375 0.5389266296875 0.0451086953125 0.5837635875 0.07873641249999999 0.6194293484375 0.11542119531249999 0.6357336953125 0.1572010875 0.6367527171875 0.1765625 0.6336956515625001 0.19898097812499999 0.623505434375 0.23057065156249998 0.5959918484375 0.24483695625 0.5735733703125 0.2550271734375 0.5450407609375 0.2570652171875 0.510394021875 0.246875 0.4716711953125 0.2346467390625 0.44925271718750004
3 0.41705162968750004 0.391168478125 0.3783288046875 0.395244565625 0.3497961953125 0.40339673906250006 0.3467391296875 0.410529890625 0.3528532609375 0.42072010937500004 0.358967390625 0.44925271718750004 0.3875 0.604144021875 0.3987092390625 0.6153532609375 0.41705162968750004 0.623505434375 0.43743206562500003 0.627581521875 0.4730978265625 0.6265625 0.49449728281249994 0.623505434375 0.5189538046875 0.6133152171875 0.5362771734375 0.5939538046874999 0.550543478125 0.44925271718750004 0.5607336953125001 0.4064538046875 0.5434103265625 0.39728260937500004 0.4883831515625 0.391168478125 0.41705162968750004 0.391168478125
3 0.5790760875000001 0.510394021875 0.6177989125 0.600067934375 0.6310461953125001 0.6173913046874999 0.6381793484375 0.6163722828125 0.6544836953125001 0.608220109375 0.650407609375 0.5878396734375 0.5851902171875001 0.4349864125 0.5790760875000001 0.4227581515625 0.5699048906249999 0.4197010875 0.556657609375 0.42683423906250006 0.556657609375 0.44110054375 0.5790760875000001 0.510394021875
3 0.8389266296875 0.3748641296875 0.7940896734375 0.3748641296875 0.7553668484375 0.389130434375 0.71766304375 0.4227581515625 0.697282609375 0.465557065625 0.695244565625 0.512432065625 0.7115489125 0.555230978125 0.7472146734375 0.5929347828125 0.7900135875000001 0.6112771734375 0.8338315218749999 0.6122961953125 0.8593070656249999 0.6072010875 0.8837635875000001 0.5949728265625 0.9194293484375 0.559307065625 0.9377717390625 0.5185461953125 0.9377717390625 0.46759510937500004 0.9194293484375 0.42683423906250006 0.8878396734375 0.395244565625 0.8389266296875 0.3748641296875
3 0.9357336953125 0.457404890625 0.9398097828124999 0.512432065625 0.9275815218749999 0.5450407609375 0.9275815218749999 0.5959918484375 0.9357336953125 0.62860054375 0.9601902171875001 0.6347146734375 0.968342390625 0.6265625 0.978532609375 0.5898777171875 0.9846467390625 0.5409646734375 0.9846467390625 0.49612771718750004 0.9744565218749999 0.44110054375 0.9693614125 0.436005434375 0.9469429343750001 0.436005434375 0.9357336953125 0.457404890625
3 0.292730978125 0.8456521734375 0.2743885875 0.8375 0.2193614125 0.8252717390625 0.12764945625 0.8232336953124999 0.058355978125 0.83546195625 0.0237092390625 0.8476902171875 0.01046195625 0.8568614125 0.0063858703125 0.8772418484375001 0.015557065625 0.8884510875 0.0288043484375 0.8935461953124999 0.034918478125 0.9322690218749999 0.0481657609375 0.9557065218749999 0.0685461953125 0.9658967390625 0.0950407609375 0.9720108703125 0.1633152171875 0.9750679343750001 0.194904890625 0.9740489125 0.2356657609375 0.9658967390625 0.26827445625 0.9516304343750001 0.2794836953125 0.9363451093749999 0.2855978265625 0.8894701093749999 0.3059782609375 0.8711277171875 0.3019021734375 0.8548233703125 0.292730978125 0.8456521734375
3 0.6045516296875 0.768206521875 0.3783288046875 0.768206521875 0.35998641249999996 0.7763586953125 0.3467391296875 0.8038722828125 0.3447010875 0.86297554375 0.3324728265625 0.9261548906250001 0.3324728265625 0.95264945625 0.3538722828125 0.97608695625 0.41603260937500003 0.9750679343750001 0.624932065625 0.9720108703125 0.6351222828124999 0.9658967390625 0.648369565625 0.9506114125 0.648369565625 0.9261548906250001 0.6381793484375 0.8099864125 0.6300271734375 0.785529890625 0.6167798906249999 0.772282609375 0.6045516296875 0.768206521875
3 1 0.886480978125 0.99891304375 0.8853940218749999 0.996875 0.8242527171875 0.9887228265625 0.7733016296875 0.9815896734375 0.764130434375 0.9510190218749999 0.7498641296875 0.7309103265625 0.7498641296875 0.693206521875 0.76922554375 0.6809782609374999 0.8609375 0.6789402171875001 0.9118885875 0.6840353265625 0.9190217390625 0.7084918484375 0.9210597828125 0.718682065625 0.92921195625 0.7349864125 0.93328804375 0.7574048906249999 0.9230978265625 0.7716711953125001 0.9230978265625 0.78389945625 0.93125 0.8868206515624999 0.9322690218749999 0.9102581515624999 0.9230978265625 0.9204483703124999 0.9230978265625 0.9387907609375 0.93125 0.944904890625 0.9271739125 0.955095109375 0.92921195625 0.97139945625 0.9190217390625 0.9938179343750001 0.9169836953124999 1 0.9125679343750001 1 0.886480978125