3 0.306640625 0.2900390625 0.275390625 0.2158203125 0.255859375 0.2021484375 0.26953125 0.1923828125 0.27734375 0.1708984375 0.291015625 0.0615234375 0.28515625 0.0302734375 0.2783203125 0.02734375 0.1513671875 0.02734375 0.1005859375 0.0234375 0.0634765625 0.0234375 0.0556640625 0.02734375 0.04296875 0.0439453125 0.04296875 0.0791015625 0.0546875 0.1787109375 0.068359375 0.1982421875 0.0576171875 0.203125 0.046875 0.2158203125 0.017578125 0.2705078125 0.017578125 0.2822265625 0.037109375 0.2939453125 0.041015625 0.3154296875 0.0517578125 0.32421875 0.251953125 0.3310546875 0.2646484375 0.328125 0.275390625 0.3193359375 0.2802734375 0.298828125 0.306640625 0.2900390625
3 0.6611328125 0.181640625 0.666015625 0.1728515625 0.6640625 0.1396484375 0.630859375 0.0986328125 0.5986328125 0.068359375 0.3896484375 0.068359375 0.353515625 0.1240234375 0.33984375 0.1494140625 0.337890625 0.1630859375 0.33984375 0.1708984375 0.3486328125 0.1796875 0.37109375 0.1845703125 0.380859375 0.2587890625 0.390625 0.2861328125 0.4033203125 0.296875 0.513671875 0.2958984375 0.6025390625 0.294921875 0.62109375 0.2783203125 0.640625 0.1845703125 0.6611328125 0.181640625
3 0.994140625 0.1298828125 0.978515625 0.0908203125 0.9521484375 0.044921875 0.8623046875 0.037109375 0.7431640625 0.033203125 0.7265625 0.0458984375 0.677734375 0.1025390625 0.6806640625 0.1171875 0.69921875 0.1220703125 0.71875 0.2001953125 0.7294921875 0.212890625 0.7451171875 0.216796875 0.8369140625 0.220703125 0.8525390625 0.2265625 0.9033203125 0.232421875 0.9296875 0.2314453125 0.943359375 0.2216796875 0.96875 0.1435546875 0.9853515625 0.140625 0.994140625 0.1298828125
3 0.171875 0.4384765625 0.177734375 0.3955078125 0.185546875 0.3857421875 0.185546875 0.3759765625 0.1650390625 0.36328125 0.1259765625 0.35546875 0.0595703125 0.35546875 0.0283203125 0.361328125 0.0146484375 0.3671875 0.005859375 0.3798828125 0.015625 0.3935546875 0.048828125 0.5888671875 0.0595703125 0.609375 0.0810546875 0.6171875 0.10546875 0.6181640625 0.1259765625 0.61328125 0.14453125 0.5986328125 0.158203125 0.4931640625 0.171875 0.4384765625
3 0.328125 0.4580078125 0.3203125 0.4404296875 0.3115234375 0.431640625 0.2822265625 0.439453125 0.1982421875 0.443359375 0.1689453125 0.44921875 0.1630859375 0.4453125 0.1396484375 0.4453125 0.123046875 0.4541015625 0.107421875 0.4892578125 0.109375 0.5205078125 0.1181640625 0.53515625 0.2626953125 0.595703125 0.2822265625 0.611328125 0.291015625 0.6103515625 0.3046875 0.5986328125 0.318359375 0.5712890625 0.330078125 0.5166015625 0.328125 0.4580078125
3 0.630859375 0.4853515625 0.65625 0.4619140625 0.654296875 0.4423828125 0.6494140625 0.4375 0.5185546875 0.376953125 0.5009765625 0.37890625 0.3525390625 0.453125 0.34375 0.4619140625 0.33984375 0.4755859375 0.341796875 0.4833984375 0.3671875 0.5068359375 0.3671875 0.5361328125 0.375 0.5830078125 0.4697265625 0.64453125 0.4794921875 0.6484375 0.49609375 0.6474609375 0.5048828125 0.64453125 0.6171875 0.5537109375 0.623046875 0.5400390625 0.630859375 0.4853515625
3 0.912109375 0.4599609375 0.916015625 0.4423828125 0.9267578125 0.439453125 0.9296875 0.4326171875 0.927734375 0.4208984375 0.919921875 0.4130859375 0.91015625 0.3857421875 0.8876953125 0.359375 0.8701171875 0.349609375 0.8173828125 0.34765625 0.7939453125 0.3515625 0.765625 0.3759765625 0.748046875 0.4150390625 0.7421875 0.4189453125 0.740234375 0.4365234375 0.75390625 0.4423828125 0.779296875 0.6416015625 0.7939453125 0.654296875 0.83984375 0.6591796875 0.8740234375 0.654296875 0.890625 0.6416015625 0.8984375 0.6025390625 0.912109375 0.4599609375
3 0.14453125 0.7587890625 0.0869140625 0.75390625 0.0400390625 0.755859375 0.03125 0.7666015625 0.02734375 0.7861328125 0.015625 0.8798828125 0.015625 0.9208984375 0.0244140625 0.9296875 0.0322265625 0.931640625 0.154296875 0.9306640625 0.16796875 0.9228515625 0.169921875 0.9130859375 0.162109375 0.8837890625 0.14453125 0.7587890625
3 0.294921875 0.7490234375 0.291015625 0.7392578125 0.2802734375 0.73046875 0.2607421875 0.728515625 0.1689453125 0.7421875 0.1533203125 0.748046875 0.146484375 0.7587890625 0.171875 0.9208984375 0.1826171875 0.9375 0.1904296875 0.94140625 0.205078125 0.9404296875 0.3076171875 0.921875 0.3232421875 0.91796875 0.328125 0.9111328125 0.294921875 0.7490234375
3 0.650390625 0.7998046875 0.6484375 0.7548828125 0.6416015625 0.7421875 0.3740234375 0.73828125 0.361328125 0.7451171875 0.34375 0.7763671875 0.341796875 0.7919921875 0.35546875 0.8037109375 0.376953125 0.9189453125 0.3857421875 0.93359375 0.3974609375 0.9375 0.59765625 0.9404296875 0.6083984375 0.9375 0.6171875 0.9248046875 0.63671875 0.8076171875 0.650390625 0.7998046875
3 0.91796875 0.6845703125 0.9091796875 0.67578125 0.8935546875 0.67578125 0.8388671875 0.693359375 0.7646484375 0.72265625 0.751953125 0.7314453125 0.69140625 0.9443359375 0.69140625 0.9638671875 0.7001953125 0.97265625 0.7216796875 0.98046875 0.7626953125 0.984375 0.8984375 0.9853515625 0.9091796875 0.98046875 0.919921875 0.9638671875 0.921875 0.7275390625 0.91796875 0.6845703125