3 0.318359375 0.1787109375 0.275390625 0.1240234375 0.2587890625 0.1171875 0.0771484375 0.119140625 0.0673828125 0.123046875 0.017578125 0.1787109375 0.017578125 0.1884765625 0.0302734375 0.193359375 0.0390625 0.2099609375 0.0498046875 0.216796875 0.0673828125 0.216796875 0.0947265625 0.20703125 0.1064453125 0.21484375 0.2294921875 0.21484375 0.2490234375 0.20703125 0.2666015625 0.216796875 0.2890625 0.2158203125 0.296875 0.2099609375 0.3056640625 0.193359375 0.318359375 0.1884765625 0.318359375 0.1787109375
3 0.5888671875 0.1796875 0.6005859375 0.166015625 0.6083984375 0.16796875 0.6220703125 0.162109375 0.630859375 0.1552734375 0.63671875 0.1396484375 0.6484375 0.1259765625 0.6376953125 0.119140625 0.5419921875 0.095703125 0.5126953125 0.095703125 0.3681640625 0.134765625 0.3515625 0.1455078125 0.3515625 0.1494140625 0.365234375 0.1591796875 0.3759765625 0.1796875 0.3857421875 0.185546875 0.3955078125 0.185546875 0.4091796875 0.201171875 0.4248046875 0.208984375 0.4404296875 0.2109375 0.4462890625 0.22265625 0.4677734375 0.236328125 0.48046875 0.2373046875 0.5146484375 0.220703125 0.5302734375 0.201171875 0.5458984375 0.203125 0.5888671875 0.1796875
3 0.990234375 0.1767578125 0.9404296875 0.11328125 0.7353515625 0.11328125 0.720703125 0.1220703125 0.673828125 0.1806640625 0.67578125 0.1904296875 0.69140625 0.1982421875 0.701171875 0.2275390625 0.7099609375 0.234375 0.7470703125 0.234375 0.7548828125 0.23046875 0.76171875 0.2236328125 0.7685546875 0.197265625 0.78515625 0.1982421875 0.7890625 0.2216796875 0.7978515625 0.232421875 0.873046875 0.2333984375 0.9638671875 0.23046875 0.9765625 0.2021484375 0.9921875 0.1923828125 0.990234375 0.1767578125
3 0.154296875 0.4482421875 0.154296875 0.4306640625 0.1484375 0.4169921875 0.1337890625 0.404296875 0.0986328125 0.39453125 0.0693359375 0.39453125 0.0263671875 0.408203125 0.009765625 0.4267578125 0.005859375 0.4521484375 0.0234375 0.4736328125 0.044921875 0.6142578125 0.0634765625 0.626953125 0.099609375 0.6279296875 0.1142578125 0.623046875 0.12890625 0.6083984375 0.140625 0.4677734375 0.154296875 0.4482421875
3 0.326171875 0.4521484375 0.326171875 0.4326171875 0.306640625 0.3935546875 0.2880859375 0.375 0.2744140625 0.3671875 0.2509765625 0.36328125 0.2255859375 0.37109375 0.203125 0.3896484375 0.18359375 0.4208984375 0.1796875 0.4521484375 0.193359375 0.4677734375 0.208984375 0.6123046875 0.2353515625 0.626953125 0.267578125 0.6259765625 0.2861328125 0.6171875 0.29296875 0.6064453125 0.310546875 0.4697265625 0.326171875 0.4521484375
3 0.474609375 0.5341796875 0.462890625 0.3935546875 0.4541015625 0.3828125 0.4404296875 0.375 0.4013671875 0.373046875 0.376953125 0.3896484375 0.357421875 0.5263671875 0.341796875 0.5419921875 0.33984375 0.5595703125 0.345703125 0.5791015625 0.3662109375 0.595703125 0.3994140625 0.60546875 0.4375 0.6044921875 0.4736328125 0.591796875 0.484375 0.5791015625 0.48828125 0.5556640625 0.474609375 0.5341796875
3 0.66015625 0.5517578125 0.654296875 0.5400390625 0.64453125 0.5322265625 0.625 0.3896484375 0.6044921875 0.375 0.5791015625 0.373046875 0.5517578125 0.380859375 0.5390625 0.3955078125 0.52734375 0.5322265625 0.515625 0.5439453125 0.51171875 0.5576171875 0.51953125 0.5849609375 0.5419921875 0.6171875 0.5654296875 0.6328125 0.595703125 0.6357421875 0.6162109375 0.62890625 0.638671875 0.6083984375 0.658203125 0.5732421875 0.66015625 0.5517578125
3 0.8203125 0.4521484375 0.8203125 0.4365234375 0.814453125 0.4169921875 0.7880859375 0.380859375 0.7587890625 0.365234375 0.7333984375 0.365234375 0.7099609375 0.376953125 0.6953125 0.3916015625 0.67578125 0.4267578125 0.673828125 0.4501953125 0.689453125 0.4697265625 0.708984375 0.6123046875 0.7255859375 0.625 0.748046875 0.6279296875 0.7724609375 0.625 0.79296875 0.6083984375 0.806640625 0.4677734375 0.8203125 0.4521484375
3 0.974609375 0.4755859375 0.990234375 0.4599609375 0.994140625 0.4443359375 0.98828125 0.4228515625 0.9697265625 0.40625 0.9423828125 0.396484375 0.9013671875 0.39453125 0.8603515625 0.408203125 0.84765625 0.4248046875 0.845703125 0.4482421875 0.859375 0.4677734375 0.87109375 0.6083984375 0.8798828125 0.619140625 0.8935546875 0.626953125 0.9296875 0.6279296875 0.9423828125 0.625 0.955078125 0.6162109375 0.9765625 0.4833984375 0.974609375 0.4755859375
3 0.296875 0.8818359375 0.3154296875 0.876953125 0.322265625 0.8701171875 0.314453125 0.8544921875 0.32421875 0.8447265625 0.294921875 0.7939453125 0.2802734375 0.787109375 0.2626953125 0.771484375 0.0732421875 0.775390625 0.0654296875 0.77734375 0.0517578125 0.79296875 0.0458984375 0.79296875 0.009765625 0.8486328125 0.01953125 0.8603515625 0.01171875 0.8759765625 0.0185546875 0.8828125 0.0390625 0.8857421875 0.04296875 0.9033203125 0.048828125 0.9111328125 0.052734375 0.9365234375 0.0615234375 0.9453125 0.0810546875 0.953125 0.1171875 0.9521484375 0.2509765625 0.951171875 0.2763671875 0.94140625 0.287109375 0.9287109375 0.296875 0.8818359375
3 0.5830078125 0.94140625 0.59765625 0.9267578125 0.60546875 0.9111328125 0.6171875 0.8349609375 0.634765625 0.8115234375 0.63671875 0.7841796875 0.6279296875 0.775390625 0.6103515625 0.76953125 0.599609375 0.7509765625 0.5830078125 0.734375 0.5654296875 0.7265625 0.5576171875 0.71484375 0.5380859375 0.708984375 0.4697265625 0.708984375 0.4365234375 0.71484375 0.4248046875 0.720703125 0.4189453125 0.732421875 0.4013671875 0.7421875 0.38671875 0.7587890625 0.380859375 0.7744140625 0.3623046875 0.78515625 0.353515625 0.7958984375 0.35546875 0.8154296875 0.373046875 0.8466796875 0.37890625 0.9013671875 0.390625 0.9287109375 0.4189453125 0.94921875 0.4423828125 0.95703125 0.5 0.9619140625 0.5068359375 0.958984375 0.5263671875 0.9609375 0.5654296875 0.951171875 0.5830078125 0.94140625
3 0.90234375 0.7744140625 0.9130859375 0.76953125 0.916015625 0.7626953125 0.8984375 0.7216796875 0.8740234375 0.6953125 0.8603515625 0.689453125 0.8037109375 0.689453125 0.7880859375 0.697265625 0.76953125 0.7158203125 0.748046875 0.7646484375 0.76171875 0.7724609375 0.77734375 0.9189453125 0.78515625 0.9501953125 0.7939453125 0.95703125 0.8154296875 0.962890625 0.849609375 0.9619140625 0.8701171875 0.95703125 0.880859375 0.9482421875 0.888671875 0.9111328125 0.90234375 0.7744140625