3 0.298828125 0.0888671875 0.2861328125 0.0703125 0.2724609375 0.0625 0.2490234375 0.05859375 0.0888671875 0.048828125 0.0634765625 0.05078125 0.04296875 0.0654296875 0.005859375 0.1982421875 0.0078125 0.2177734375 0.0244140625 0.236328125 0.0498046875 0.2421875 0.296875 0.2470703125 0.3154296875 0.240234375 0.32421875 0.2294921875 0.326171875 0.2021484375 0.298828125 0.0888671875
3 0.634765625 0.2490234375 0.640625 0.2373046875 0.640625 0.2099609375 0.6328125 0.1826171875 0.609375 0.1337890625 0.5791015625 0.10546875 0.5498046875 0.08984375 0.5205078125 0.083984375 0.4736328125 0.0859375 0.4541015625 0.0703125 0.4345703125 0.068359375 0.41796875 0.0810546875 0.412109375 0.1123046875 0.38671875 0.1416015625 0.37890625 0.1630859375 0.3671875 0.1806640625 0.35546875 0.2119140625 0.35546875 0.2314453125 0.3759765625 0.26171875 0.4169921875 0.28515625 0.4599609375 0.296875 0.515625 0.2978515625 0.5576171875 0.29296875 0.5908203125 0.28125 0.6181640625 0.265625 0.634765625 0.2490234375
3 0.94921875 0.1630859375 0.962890625 0.1318359375 0.98828125 0.1181640625 0.986328125 0.0966796875 0.9814453125 0.091796875 0.9658203125 0.0859375 0.9130859375 0.078125 0.7705078125 0.076171875 0.7080078125 0.08203125 0.6923828125 0.0859375 0.68359375 0.0927734375 0.681640625 0.1123046875 0.705078125 0.1279296875 0.728515625 0.1748046875 0.7744140625 0.224609375 0.8017578125 0.236328125 0.84375 0.2392578125 0.8603515625 0.23828125 0.8896484375 0.228515625 0.93359375 0.1845703125 0.94921875 0.1630859375
3 0.2890625 0.4814453125 0.302734375 0.4521484375 0.328125 0.4384765625 0.3232421875 0.4140625 0.2783203125 0.40234375 0.2060546875 0.396484375 0.0869140625 0.3984375 0.0419921875 0.404296875 0.0234375 0.4130859375 0.01953125 0.4345703125 0.04296875 0.4482421875 0.0546875 0.4755859375 0.07421875 0.5048828125 0.1142578125 0.544921875 0.1455078125 0.556640625 0.185546875 0.5576171875 0.2099609375 0.5546875 0.2294921875 0.546875 0.2578125 0.5205078125 0.2890625 0.4814453125
3 0.548828125 0.4384765625 0.556640625 0.4326171875 0.5537109375 0.42578125 0.5244140625 0.41796875 0.4365234375 0.416015625 0.3740234375 0.423828125 0.353515625 0.4345703125 0.353515625 0.4384765625 0.365234375 0.4462890625 0.388671875 0.4873046875 0.4228515625 0.51953125 0.4404296875 0.525390625 0.474609375 0.5244140625 0.5029296875 0.515625 0.52734375 0.4873046875 0.54296875 0.4599609375 0.548828125 0.4384765625
3 0.5068359375 0.376953125 0.5 0.3837890625 0.5166015625 0.400390625 0.5556640625 0.42578125 0.5908203125 0.458984375 0.6494140625 0.5 0.658203125 0.5009765625 0.658203125 0.4853515625 0.5732421875 0.416015625 0.5126953125 0.376953125 0.5068359375 0.376953125
3 0.880859375 0.4404296875 0.890625 0.4306640625 0.8876953125 0.42578125 0.8583984375 0.41796875 0.7705078125 0.416015625 0.7158203125 0.421875 0.7001953125 0.42578125 0.685546875 0.4365234375 0.69921875 0.4462890625 0.71484375 0.4775390625 0.7509765625 0.515625 0.7744140625 0.525390625 0.806640625 0.5244140625 0.8291015625 0.51953125 0.841796875 0.5107421875 0.869140625 0.4736328125 0.880859375 0.4404296875
3 0.8408203125 0.376953125 0.833984375 0.3818359375 0.8447265625 0.396484375 0.8857421875 0.423828125 0.9189453125 0.455078125 0.9853515625 0.501953125 0.990234375 0.5009765625 0.994140625 0.4892578125 0.9404296875 0.44140625 0.8505859375 0.37890625 0.8408203125 0.376953125
3 0.314453125 0.8486328125 0.296875 0.8115234375 0.271484375 0.7763671875 0.2431640625 0.75 0.2197265625 0.73828125 0.2060546875 0.73828125 0.1943359375 0.744140625 0.185546875 0.7568359375 0.185546875 0.7880859375 0.208984375 0.8447265625 0.2568359375 0.900390625 0.2724609375 0.91015625 0.29296875 0.9150390625 0.3115234375 0.90625 0.3203125 0.8916015625 0.3203125 0.8701171875 0.314453125 0.8486328125
3 0.22265625 0.8603515625 0.23046875 0.8564453125 0.240234375 0.8369140625 0.23828125 0.8056640625 0.2265625 0.7841796875 0.2158203125 0.7734375 0.1845703125 0.755859375 0.1494140625 0.748046875 0.1005859375 0.75390625 0.0693359375 0.76953125 0.044921875 0.7958984375 0.03515625 0.8193359375 0.037109375 0.8525390625 0.048828125 0.8740234375 0.0751953125 0.896484375 0.1083984375 0.908203125 0.1484375 0.9091796875 0.1845703125 0.900390625 0.2021484375 0.890625 0.22265625 0.8720703125 0.22265625 0.8603515625
3 0.57421875 0.8173828125 0.5703125 0.8017578125 0.5625 0.7880859375 0.5419921875 0.767578125 0.5205078125 0.76171875 0.5126953125 0.75390625 0.4833984375 0.748046875 0.4345703125 0.75390625 0.4033203125 0.76953125 0.37890625 0.7939453125 0.3671875 0.8271484375 0.369140625 0.8486328125 0.380859375 0.8720703125 0.4052734375 0.89453125 0.4404296875 0.908203125 0.482421875 0.9091796875 0.5126953125 0.90234375 0.55078125 0.8779296875 0.572265625 0.8408203125 0.57421875 0.8173828125
3 0.625 0.8037109375 0.595703125 0.7666015625 0.5732421875 0.748046875 0.5537109375 0.73828125 0.5400390625 0.73828125 0.5283203125 0.744140625 0.517578125 0.7607421875 0.517578125 0.7802734375 0.5390625 0.8388671875 0.5703125 0.8818359375 0.5927734375 0.90234375 0.6162109375 0.9140625 0.634765625 0.9130859375 0.650390625 0.8994140625 0.654296875 0.8779296875 0.6484375 0.8505859375 0.625 0.8037109375
3 0.919921875 0.8076171875 0.93359375 0.7958984375 0.943359375 0.7802734375 0.943359375 0.7509765625 0.9375 0.7373046875 0.9091796875 0.708984375 0.8779296875 0.697265625 0.8427734375 0.693359375 0.8017578125 0.69921875 0.7705078125 0.712890625 0.7421875 0.7470703125 0.73828125 0.7802734375 0.7421875 0.7900390625 0.765625 0.8115234375 0.77734375 0.9013671875 0.791015625 0.9580078125 0.8095703125 0.974609375 0.8388671875 0.982421875 0.85546875 0.9814453125 0.8798828125 0.97265625 0.896484375 0.9541015625 0.9140625 0.8642578125 0.919921875 0.8076171875