3 0.12860325 0.21698113281250003 0.2406315515625 0.2032232703125 0.249475890625 0.192413521875 0.2504585953125 0.1835691828125 0.249475890625 0.1452437109375 0.23866614218749999 0.1344339625 0.126637840625 0.1167452828125 0.12074161406249999 0.1167452828125 0.11582809218750001 0.12362421406249999 0.11189727499999999 0.1845518875 0.11582809218750001 0.21206760937500002 0.12270702343749999 0.22091195 0.12860325 0.21698113281250003
3 0.11877620468750001 0.1069182390625 0.2425969609375 0.089229559375 0.249475890625 0.0803852203125 0.25242400468750004 0.061713835937499996 0.249475890625 0.03125 0.236700734375 0.0204402515625 0.1305686578125 0.0066823906249999995 0.12467243125000001 0.002751571875 0.11582809218750001 0.009630503125 0.11189727499999999 0.03125 0.11189727499999999 0.0803852203125 0.11877620468750001 0.1069182390625
3 0.12270702343749999 0.3309748421875 0.234735325 0.319182390625 0.24751048281250002 0.3083726421875 0.2504585953125 0.295597484375 0.249475890625 0.2572720125 0.2425969609375 0.2464622640625 0.234735325 0.242531446875 0.1305686578125 0.228773584375 0.12074161406249999 0.228773584375 0.1138626828125 0.23958333281250002 0.10993186562499999 0.30051100625 0.1138626828125 0.322130503125 0.12270702343749999 0.3309748421875
3 0.5177541921875 0.30345911875 0.5295466453125 0.2995283015625 0.5383909859375 0.2906839625 0.602266771875 0.079402515625 0.5993186578125 0.06466195 0.5875262046875 0.05876572343749999 0.5894916140625 0.0391116359375 0.5845780921875 0.0322327046875 0.4941692875 0.012578615625000001 0.48729035625000006 0.0233883640625 0.479428721875 0.0568003140625 0.422431865625 0.10986635156249999 0.3870545078125 0.149174528125 0.389019915625 0.17275943437500002 0.4381551359375 0.23958333281250002 0.436189728125 0.2612028296875 0.4401205453125 0.27102987343749996 0.49220387812500005 0.327044025 0.5000655140625 0.32507861562499996 0.5177541921875 0.30345911875
3 0.5118579671875 0.639544025 0.5315120546875 0.631682390625 0.5531315515624999 0.62971698125 0.559027778125 0.6238207546875 0.5580450734375 0.375196540625 0.549200734375 0.368317609375 0.5256158281250001 0.3663522015625 0.5138233750000001 0.360455975 0.508909853125 0.365369496875 0.508909853125 0.3810927671875 0.4165356390625 0.48722484218749995 0.41457023125000003 0.5088443390624999 0.446016771875 0.550117925 0.5030136265625 0.61301100625 0.5118579671875 0.639544025
3 0.1836346953125 0.6336477984375 0.193461740625 0.6257861640625 0.210167715625 0.6208726421875 0.22097746406250002 0.594339621875 0.2219601671875 0.5835298734375 0.19837526249999998 0.48919025156249996 0.193461740625 0.48034591249999997 0.1738076515625 0.47641509375 0.1688941296875 0.471501571875 0.1826519921875 0.43219339687499997 0.1846174 0.4105739 0.160049790625 0.391902515625 0.1325340671875 0.37814465468749997 0.12074161406249999 0.360455975 0.1138626828125 0.375196540625 0.10993186562499999 0.4105739 0.14530922500000001 0.495086478125 0.15710167656250001 0.504913521875 0.162997903125 0.5520833328125 0.1836346953125 0.6336477984375
3 0.2072196015625 0.950078615625 0.22097746406250002 0.950078615625 0.2317872125 0.9431996859374999 0.26421645625 0.8812893078125 0.2651991609375 0.8685141515625 0.26126834374999997 0.8606525156249999 0.1806865828125 0.721108490625 0.15808438125 0.71619496875 0.14236111093749998 0.6985062890625 0.1325340671875 0.7004716984375 0.066692871875 0.8429638359375 0.06865828125 0.8567216984374999 0.16496331250000001 0.93533805 0.1856001046875 0.9756289312499999 0.1924790359375 0.9726808171875 0.2072196015625 0.950078615625
3 0.46763626875000003 0.8547562890625 0.528563940625 0.9608883640625001 0.5413390984374999 0.9638364781250001 0.59047431875 0.9304245281249999 0.5894916140625 0.9176493703125 0.522667715625 0.8115172953125 0.5069444437499999 0.7997248421875 0.5069444437499999 0.78596698125 0.50104821875 0.774174528125 0.457809225 0.6975235843750001 0.44896488437500004 0.6906446546875 0.4381551359375 0.7093160375 0.41063941249999997 0.7348663515625 0.41063941249999997 0.740762578125 0.45387840625000003 0.829205975 0.465670859375 0.83903301875 0.46763626875000003 0.8547562890625
3 0.881354821875 0.2739779875 0.8901991609375 0.2631682390625 0.9000262046874999 0.2238600625 0.9128013625 0.1363993703125 0.907887840625 0.09414308125000001 0.8656315515624999 0.0440251578125 0.8341850109375001 0.030267295312499998 0.818461740625 0.016509434375 0.8106001046875001 0.014544024999999999 0.8017557656250001 0.0233883640625 0.7997903562500001 0.033215409375 0.7870151984375 0.0400943390625 0.7781708593750001 0.05090408749999999 0.768343815625 0.0980739 0.7604821796875 0.1983097484375 0.7997903562500001 0.2729952828125 0.83615041875 0.293632075 0.84990828125 0.3132861640625 0.8567872124999999 0.312303459375 0.8567872124999999 0.28675314531249996 0.881354821875 0.2739779875
3 0.8371331234375001 0.62283805 0.8508909859375 0.6071147796874999 0.8685796640625 0.538325471875 0.9304900421875001 0.3879716984375 0.931472746875 0.3810927671875 0.9167321796874999 0.3663522015625 0.8931472749999999 0.3663522015625 0.8322196015625 0.34669811250000004 0.8253406703125 0.35357704375 0.8194444437499999 0.375196540625 0.792911425 0.382075471875 0.7821016765625 0.398781446875 0.7427935015625 0.5442216984375 0.736897275 0.581564465625 0.775222746875 0.6218553453125 0.8106001046875001 0.651336478125 0.8204271484375001 0.6493710687500001 0.831236896875 0.6385613203125 0.8371331234375001 0.62283805
3 0.8440120546875001 0.9618710687500001 0.8567872124999999 0.9490959125 0.8960953875 0.8685141515625 0.9619365828124999 0.7731918234374999 0.960953878125 0.7584512578125 0.9373689734375 0.7348663515625 0.901008909375 0.680817609375 0.8901991609375 0.6857311328125 0.8695623687499999 0.718160378125 0.8420466453125 0.724056603125 0.831236896875 0.73290094375 0.7978249468749999 0.787932390625 0.74672431875 0.8940644656250001 0.770309225 0.9471305031249999 0.7860324953125 0.95892295625 0.8027384703125 0.987421384375 0.8145309218750001 0.9834905656249999 0.8302541921875 0.9638364781250001 0.8440120546875001 0.9618710687500001