3 0.718987615625 0 0.70967741875 0.0310339859375 0.7053571421875 0.069916475 0.7064372125 0.1271601375 0.70967741875 0.16064228125 0.726958525 0.2146457375 0.7442396312499999 0.2448876734375 0.7561203921875 0.2546082953125 0.7863623265624999 0.26756912499999996 0.8101238484375 0.2697292625 0.8533266125000001 0.25892857187499996 0.8760080640625001 0.240567396875 0.8954493093749999 0.20384504531249997 0.9084101375 0.1563220046875 0.9127304140625 0.07423675156250001 0.9040898625 0.0223934328125 0.896625384375 0 0.718987615625 0
3 0.8738479265624999 0.59266993125 0.8824884796875001 0.5775489625 0.8889688937500001 0.5041042625000001 0.880328340625 0.43713997656250003 0.8565668203125 0.368015553125 0.8371255765625 0.331293203125 0.823084678125 0.315092165625 0.79716301875 0.29997119843750003 0.7798819124999999 0.29781105937499996 0.7669210828125 0.3021313359375 0.7442396312499999 0.32265265 0.7226382484375 0.350734446875 0.7161578343749999 0.3723358296875 0.717237903125 0.39501728125 0.718317971875 0.42633928593750003 0.7291186640625 0.48466301874999995 0.7442396312499999 0.530025921875 0.7615207374999999 0.564588134375 0.807963709375 0.621831796875 0.8274049546875 0.6261520734375 0.8490063359375 0.6175115203125 0.8738479265624999 0.59266993125
3 0.819916475 1 0.8209245390625 0.999855990625 0.8760080640625001 0.9339717734375 0.9105702765625001 0.8799683187499999 0.9105702765625001 0.8518865203124999 0.90625 0.8389256906250001 0.8457661296874999 0.6941964281249999 0.8252448156250001 0.6607142859375 0.814444125 0.656394009375 0.8014832953125 0.6607142859375 0.7442396312499999 0.7157978109375 0.696716590625 0.7784418203125 0.6956365203125 0.798963134375 0.7226382484375 0.8626872125 0.770161290625 0.95557315625 0.8042563093749999 1 0.819916475 1
3 0.301699309375 0 0.2992511515625 0.01591301875 0.300331221875 0.18116359375 0.3057315671875 0.23408698125 0.3154521890625 0.2481278796875 0.3327332953125 0.2567684328125 0.501224078125 0.2567684328125 0.5206653218749999 0.2546082953125 0.5379464281249999 0.2459677421875 0.5519873265624999 0.22112615156249998 0.5541474656250001 0.18656394062499998 0.5541474656250001 0.033194125000000005 0.5523033484375001 0 0.301699309375 0
3 0.5671082953125001 0.4738623265625 0.5303859453124999 0.3809763828125 0.4871831796875 0.2902505765625 0.464501728125 0.2826900921875 0.43209965468749995 0.3086117515625 0.3683755765625 0.37665610625 0.3532546078125 0.402577765625 0.3521745390625 0.4166186640625 0.355414746875 0.43281970000000003 0.38349654375000003 0.49546370937499995 0.43533986249999995 0.5969902078125 0.4580213140625 0.6283122125 0.47746255781249997 0.6283122125 0.5411866359374999 0.5516273046875 0.5692684328125 0.5041042625000001 0.5671082953125001 0.4738623265625
3 0.4768865203125 1 0.47746255781249997 0.999855990625 0.5455069124999999 0.9145305296874999 0.5692684328125 0.8756480421875 0.56494815625 0.836765553125 0.4871831796875 0.66395449375 0.47314228125 0.6520737328124999 0.455861175 0.6520737328124999 0.44938076093749996 0.656394009375 0.35973502343749997 0.7525201609375001 0.34893433125 0.7698012671875001 0.34569412499999996 0.7881624421875 0.35109447031249996 0.8130040328125 0.38349654375000003 0.88212845625 0.4439804140625 0.9901353687500001 0.45536268125 1 0.4768865203125 1
3 0 0.19628456249999998 0.0540754609375 0.19628456249999998 0.069196428125 0.187644009375 0.0799971203125 0.187644009375 0.09295795 0.19628456249999998 0.11023905468749999 0.1984447 0.1988047234375 0.1984447 0.2085253453125 0.1930443546875 0.21068548437499998 0.169282834375 0.22040610625 0.1638824890625 0.2258064515625 0.154161865625 0.2258064515625 0.080717165625 0.21284562187499997 0.0720766125 0.21284562187499997 0.0483150921875 0.2052851375 0.040754607812499996 0.0951180875 0.040754607812499996 0.0821572578125 0.0493951609375 0.069196428125 0.0493951609375 0.0562355984375 0.040754607812499996 0 0.039629896875 0 0.19628456249999998
3 0.13292050625000001 0.2988911296875 0.1167194703125 0.28917050624999996 0.1091589859375 0.2902505765625 0.0983582953125 0.316172234375 0.09295795 0.388536865625 0.0983582953125 0.45442108281250004 0.1069988484375 0.47818260312499994 0.11455933125 0.48358295 0.12752016093750002 0.4792626734375 0.1350806453125 0.46954205 0.1437211984375 0.404737903125 0.13724078281250002 0.31185195781249997 0.13292050625000001 0.2988911296875
3 0 0.46384671875 0.0108726953125 0.46630184375 0.023833525 0.48142281093749995 0.031394009375 0.476022465625 0.0421947 0.42633928593750003 0.0421947 0.3464141703125 0.0357142859375 0.30753168125 0.028153801562500004 0.295650921875 0.023833525 0.295650921875 0.015192971874999999 0.3086117515625 0 0.3120424234375 0 0.46384671875
3 0.20420506875000002 0.5516273046875 0.1998847921875 0.538666475 0.1890841015625 0.5192252296875 0.177203340625 0.5095046078125 0.1642425109375 0.50518433125 0.138320853125 0.5073444703125001 0.121039746875 0.5246255765625001 0.09943836406249999 0.531105990625 0.08755760312500001 0.5429867515625 0.0810771890625 0.55594758125 0.0821572578125 0.5872695859375 0.09943836406249999 0.61103110625 0.1167194703125 0.6153513828125 0.13616071406250002 0.6347926265625 0.14696140625 0.639112903125 0.17072292656250002 0.636952765625 0.19124423906250002 0.620751728125 0.20420506875000002 0.5905097921875 0.20420506875000002 0.5516273046875
3 0 0.8741439453125001 0.014112903125000001 0.910210253125 0.033554146875 0.944772465625 0.07567684375 0.9933755765625 0.08431739687499999 0.997695853125 0.11023905468749999 0.9933755765625 0.12644009218750002 0.979334678125 0.1437211984375 0.9512528796874999 0.1502016125 0.927491359375 0.1502016125 0.8756480421875 0.14156105937500002 0.8151641703125 0.122119815625 0.746039746875 0.0983582953125 0.6941964281249999 0.07567684375 0.6650345625 0.0562355984375 0.656394009375 0.03895449375 0.658554146875 0.023833525 0.6671947 0 0.6925658718750001 0 0.8741439453125001