3 0.23828125 0.2626953125 0.2578125 0.1162109375 0.271484375 0.1025390625 0.2734375 0.0712890625 0.259765625 0.0537109375 0.2578125 0.0302734375 0.2451171875 0.01953125 0.2255859375 0.013671875 0.1298828125 0.013671875 0.0888671875 0.021484375 0.068359375 0.0361328125 0.06640625 0.0498046875 0.052734375 0.0693359375 0.0546875 0.0986328125 0.0703125 0.1142578125 0.0859375 0.2197265625 0.1015625 0.2939453125 0.1181640625 0.318359375 0.1416015625 0.326171875 0.171875 0.3271484375 0.2041015625 0.3203125 0.2177734375 0.3125 0.2265625 0.3017578125 0.23828125 0.2626953125
3 0.63671875 0.2294921875 0.646484375 0.2080078125 0.64453125 0.1728515625 0.626953125 0.1494140625 0.626953125 0.1318359375 0.623046875 0.1240234375 0.6083984375 0.11328125 0.5556640625 0.103515625 0.4716796875 0.1015625 0.4189453125 0.111328125 0.3837890625 0.12890625 0.375 0.1396484375 0.373046875 0.1572265625 0.36328125 0.1650390625 0.35546875 0.1884765625 0.35546875 0.2158203125 0.36328125 0.2294921875 0.3837890625 0.248046875 0.4150390625 0.263671875 0.4619140625 0.2734375 0.5078125 0.2744140625 0.5458984375 0.271484375 0.5810546875 0.26171875 0.6220703125 0.2421875 0.63671875 0.2294921875
3 0.93359375 0.2275390625 0.939453125 0.2158203125 0.94140625 0.1787109375 0.95703125 0.0751953125 0.966796875 0.0673828125 0.966796875 0.0556640625 0.9501953125 0.046875 0.9287109375 0.04296875 0.8662109375 0.0390625 0.7802734375 0.04296875 0.7255859375 0.0546875 0.716796875 0.0634765625 0.716796875 0.0693359375 0.73046875 0.0849609375 0.767578125 0.2646484375 0.779296875 0.2919921875 0.8056640625 0.310546875 0.8310546875 0.31640625 0.859375 0.3154296875 0.8974609375 0.306640625 0.921875 0.2841796875 0.9296875 0.2607421875 0.93359375 0.2275390625
3 0.154296875 0.4716796875 0.1708984375 0.453125 0.205078125 0.4384765625 0.208984375 0.4130859375 0.216796875 0.4052734375 0.216796875 0.3974609375 0.2041015625 0.384765625 0.1669921875 0.376953125 0.0908203125 0.376953125 0.0595703125 0.3828125 0.044921875 0.3916015625 0.04296875 0.4013671875 0.052734375 0.4169921875 0.078125 0.5478515625 0.0859375 0.5634765625 0.1064453125 0.576171875 0.146484375 0.5771484375 0.162109375 0.5712890625 0.150390625 0.5322265625 0.1484375 0.4990234375 0.154296875 0.4716796875
3 0.30859375 0.5419921875 0.29296875 0.5009765625 0.2529296875 0.455078125 0.2333984375 0.4453125 0.2080078125 0.44140625 0.1943359375 0.443359375 0.1650390625 0.458984375 0.154296875 0.4755859375 0.150390625 0.4912109375 0.15234375 0.5400390625 0.16796875 0.5791015625 0.19140625 0.6123046875 0.2255859375 0.638671875 0.2421875 0.6396484375 0.2763671875 0.625 0.30078125 0.5986328125 0.30859375 0.5791015625 0.30859375 0.5419921875
3 0.591796875 0.4638671875 0.59375 0.4541015625 0.603515625 0.4443359375 0.603515625 0.4248046875 0.59375 0.4150390625 0.591796875 0.4013671875 0.5771484375 0.392578125 0.4716796875 0.384765625 0.4404296875 0.390625 0.431640625 0.3994140625 0.4296875 0.4208984375 0.419921875 0.4306640625 0.419921875 0.4501953125 0.431640625 0.4599609375 0.4609375 0.6103515625 0.4716796875 0.625 0.4833984375 0.630859375 0.4970703125 0.634765625 0.53125 0.6337890625 0.5537109375 0.626953125 0.568359375 0.6123046875 0.576171875 0.5869140625 0.591796875 0.4638671875
3 0.8125 0.4580078125 0.8330078125 0.439453125 0.8544921875 0.43359375 0.8818359375 0.435546875 0.884765625 0.4326171875 0.88671875 0.4111328125 0.89453125 0.4033203125 0.89453125 0.3935546875 0.8798828125 0.380859375 0.8466796875 0.373046875 0.7900390625 0.373046875 0.7470703125 0.380859375 0.73046875 0.3935546875 0.73046875 0.4033203125 0.740234375 0.4150390625 0.763671875 0.5458984375 0.7783203125 0.5703125 0.7900390625 0.576171875 0.798828125 0.5751953125 0.79296875 0.5380859375 0.79296875 0.5107421875 0.798828125 0.4833984375 0.8125 0.4580078125
3 0.947265625 0.5224609375 0.931640625 0.4755859375 0.9111328125 0.451171875 0.8798828125 0.435546875 0.8564453125 0.43359375 0.8310546875 0.44140625 0.80859375 0.4638671875 0.794921875 0.4970703125 0.794921875 0.5537109375 0.806640625 0.5869140625 0.81640625 0.5966796875 0.818359375 0.6064453125 0.8349609375 0.623046875 0.8564453125 0.6328125 0.88671875 0.6337890625 0.9052734375 0.625 0.93359375 0.5986328125 0.9453125 0.5693359375 0.947265625 0.5224609375
3 0.255859375 0.7490234375 0.267578125 0.7333984375 0.267578125 0.7216796875 0.2607421875 0.7109375 0.2470703125 0.703125 0.1962890625 0.693359375 0.1142578125 0.693359375 0.0771484375 0.701171875 0.0576171875 0.7109375 0.05078125 0.7197265625 0.05078125 0.7275390625 0.0625 0.7451171875 0.083984375 0.8779296875 0.09765625 0.9326171875 0.1123046875 0.94921875 0.1298828125 0.95703125 0.171875 0.9599609375 0.2021484375 0.951171875 0.216796875 0.9365234375 0.228515625 0.9013671875 0.255859375 0.7490234375
3 0.6181640625 0.861328125 0.6494140625 0.84765625 0.65625 0.8349609375 0.599609375 0.7705078125 0.5634765625 0.740234375 0.4736328125 0.748046875 0.3701171875 0.771484375 0.36328125 0.7763671875 0.361328125 0.7841796875 0.361328125 0.8330078125 0.375 0.9052734375 0.3857421875 0.912109375 0.4033203125 0.912109375 0.412109375 0.9248046875 0.4208984375 0.9296875 0.439453125 0.9306640625 0.5146484375 0.91796875 0.5849609375 0.89453125 0.6005859375 0.88671875 0.6181640625 0.861328125
3 0.82421875 0.8193359375 0.83203125 0.8017578125 0.8193359375 0.77734375 0.7080078125 0.767578125 0.693359375 0.7744140625 0.693359375 0.7919921875 0.68359375 0.7998046875 0.68359375 0.8154296875 0.69140625 0.8193359375 0.708984375 0.9384765625 0.716796875 0.9580078125 0.7236328125 0.96484375 0.7509765625 0.97265625 0.76953125 0.9716796875 0.7900390625 0.966796875 0.798828125 0.9580078125 0.806640625 0.9404296875 0.82421875 0.8193359375
3 0.9609375 0.8310546875 0.962890625 0.8232421875 0.970703125 0.8173828125 0.97265625 0.7998046875 0.962890625 0.7861328125 0.962890625 0.7724609375 0.9462890625 0.76171875 0.8818359375 0.759765625 0.8466796875 0.765625 0.833984375 0.7744140625 0.830078125 0.7939453125 0.83203125 0.8212890625 0.8359375 0.8251953125 0.853515625 0.9326171875 0.8662109375 0.953125 0.8896484375 0.9609375 0.908203125 0.9599609375 0.9306640625 0.953125 0.94140625 0.9423828125 0.94921875 0.9189453125 0.9609375 0.8310546875