3 0.296875 0.1376953125 0.322265625 0.1162109375 0.318359375 0.0966796875 0.2861328125 0.07421875 0.2587890625 0.06640625 0.1552734375 0.05859375 0.0615234375 0.06640625 0.0166015625 0.08984375 0.01171875 0.0966796875 0.01171875 0.1142578125 0.03515625 0.1357421875 0.072265625 0.2509765625 0.0869140625 0.265625 0.1201171875 0.279296875 0.185546875 0.2822265625 0.2314453125 0.2734375 0.2529296875 0.26171875 0.265625 0.2490234375 0.296875 0.1376953125
3 0.630859375 0.1689453125 0.6240234375 0.158203125 0.5966796875 0.1484375 0.5830078125 0.1484375 0.5634765625 0.171875 0.5244140625 0.177734375 0.4736328125 0.177734375 0.4345703125 0.171875 0.3896484375 0.150390625 0.375 0.1572265625 0.375 0.1669921875 0.390625 0.1806640625 0.41015625 0.2568359375 0.41796875 0.2763671875 0.4248046875 0.283203125 0.4521484375 0.296875 0.4794921875 0.302734375 0.525390625 0.3017578125 0.5537109375 0.296875 0.58203125 0.2783203125 0.61328125 0.1845703125 0.630859375 0.1689453125
3 0.62890625 0.1201171875 0.640625 0.1142578125 0.640625 0.1025390625 0.6259765625 0.08984375 0.5888671875 0.1015625 0.5419921875 0.107421875 0.4404296875 0.10546875 0.3779296875 0.091796875 0.36328125 0.1064453125 0.365234375 0.1201171875 0.380859375 0.1318359375 0.3916015625 0.150390625 0.4091796875 0.162109375 0.4462890625 0.173828125 0.4775390625 0.177734375 0.51953125 0.1767578125 0.5654296875 0.169921875 0.5830078125 0.146484375 0.6162109375 0.142578125 0.62890625 0.1201171875
3 0.640625 0.0634765625 0.6318359375 0.052734375 0.6044921875 0.037109375 0.5244140625 0.0234375 0.4716796875 0.0234375 0.4072265625 0.03125 0.36328125 0.0576171875 0.36328125 0.0771484375 0.3916015625 0.09375 0.4541015625 0.10546875 0.51953125 0.1064453125 0.5810546875 0.1015625 0.6162109375 0.09375 0.640625 0.0791015625 0.640625 0.0634765625
3 0.9501953125 0.224609375 0.95703125 0.2177734375 0.966796875 0.1865234375 0.98046875 0.1748046875 0.978515625 0.1572265625 0.9638671875 0.138671875 0.9423828125 0.125 0.9033203125 0.111328125 0.8486328125 0.103515625 0.8134765625 0.103515625 0.7802734375 0.107421875 0.7666015625 0.1171875 0.7490234375 0.123046875 0.7216796875 0.125 0.7060546875 0.1328125 0.6875 0.1494140625 0.6796875 0.1630859375 0.681640625 0.1865234375 0.69921875 0.2080078125 0.712890625 0.2392578125 0.7255859375 0.251953125 0.7470703125 0.265625 0.7802734375 0.275390625 0.7998046875 0.279296875 0.849609375 0.2783203125 0.8955078125 0.26953125 0.90234375 0.2626953125 0.9169921875 0.23046875 0.9501953125 0.224609375
3 0.1750191375 0.3792209671875 0.11611457343750001 0.3586504046875 0.04554024375 0.365321940625 0.015532245312500002 0.3797769296875 0.0049738703125 0.395899796875 0.007752387500000001 0.40924287968749995 0.0210892796875 0.4270336046875 0.0444288109375 0.4898572171875 0.0766596328125 0.5037562421875 0.10889045312500001 0.502644315625 0.1361198921875 0.4970847046875 0.1505682171875 0.49041316874999996 0.166877671875 0.4308806828125 0.1850218171875 0.4114667015625 0.1844661234375 0.396455759375 0.1750191375 0.3792209671875
3 0.3245033921875 0.561576175 0.330616165625 0.5443413921875 0.3267262578125 0.5204350718749999 0.2944953953125 0.4898572171875 0.2339237453125 0.46261511874999994 0.1844661234375 0.45872338749999997 0.153346734375 0.46205916562500005 0.1416769265625 0.4787379953125 0.14501118125 0.5037562421875 0.1639050671875 0.5293304390625 0.20002579531250003 0.5482331234375 0.2166969015625 0.5565725390625 0.2355908296875 0.5654679484375 0.2661545234375 0.57158346875 0.3111665 0.57325136875 0.3245033921875 0.561576175
3 0.22058685156250002 0.49819663125 0.1944687609375 0.48429760625 0.1650165 0.4776260703125 0.14112123125 0.4759581921875 0.1366756296875 0.4781820234375 0.12389443124999999 0.484853559375 0.11278036093749999 0.484853559375 0.098332078125 0.4815178015625 0.0733254203125 0.48707741093749995 0.051097278125 0.5082039265625 0.046651632812499996 0.53878178125 0.0505415828125 0.5565725390625 0.061655654687500006 0.5676917578125 0.061655654687500006 0.5765871687499999 0.0805495390625 0.599381540625 0.118893090625 0.6205080328125 0.1555695140625 0.6243997859375 0.1622379828125 0.6221759328124999 0.173352053125 0.6149484234375 0.1827989953125 0.6088328609375 0.1900231578125 0.60605305625 0.20113722968749997 0.60605305625 0.21502981718749997 0.6105007609374999 0.23913112343749998 0.5830297796874999 0.2528176296875 0.5537927328125 0.24559351093749998 0.5198790984375 0.22058685156250002 0.49819663125
3 0.646484375 0.3759765625 0.6357421875 0.3671875 0.6025390625 0.359375 0.4853515625 0.3515625 0.3974609375 0.359375 0.3720703125 0.3671875 0.36328125 0.3798828125 0.36328125 0.3896484375 0.3701171875 0.396484375 0.3994140625 0.408203125 0.4794921875 0.41796875 0.564453125 0.4169921875 0.6103515625 0.412109375 0.6298828125 0.40625 0.6484375 0.3916015625 0.646484375 0.3759765625
3 0.62109375 0.4814453125 0.6337890625 0.474609375 0.638671875 0.4638671875 0.6318359375 0.45703125 0.5986328125 0.447265625 0.5263671875 0.439453125 0.4326171875 0.44140625 0.3779296875 0.453125 0.369140625 0.4638671875 0.388671875 0.4794921875 0.412109375 0.5888671875 0.421875 0.6162109375 0.4443359375 0.6328125 0.4638671875 0.640625 0.4814453125 0.64453125 0.529296875 0.6435546875 0.5654296875 0.6328125 0.5810546875 0.623046875 0.591796875 0.6103515625 0.62109375 0.4814453125
3 0.9375 0.5908203125 0.96875 0.4482421875 0.994140625 0.4326171875 0.994140625 0.4130859375 0.9794921875 0.404296875 0.8779296875 0.392578125 0.7275390625 0.396484375 0.6826171875 0.408203125 0.677734375 0.4306640625 0.6865234375 0.439453125 0.703125 0.4462890625 0.728515625 0.5771484375 0.73828125 0.5966796875 0.7626953125 0.615234375 0.7861328125 0.625 0.8251953125 0.630859375 0.845703125 0.6298828125 0.8857421875 0.625 0.9013671875 0.619140625 0.9287109375 0.6015625 0.9375 0.5908203125
3 0.9873046875 0.748046875 0.8623046875 0.74609375 0.859375 0.7490234375 0.865234375 0.7548828125 0.875 0.7998046875 0.8798828125 0.806640625 0.97265625 0.8056640625 0.9765625 0.8017578125 0.984375 0.7568359375 0.990234375 0.7529296875 0.9873046875 0.748046875
3 0.8525390625 0.814453125 0.7255859375 0.814453125 0.6826171875 0.822265625 0.673828125 0.8271484375 0.673828125 0.8330078125 0.6787109375 0.8359375 0.83984375 0.8369140625 0.8916015625 0.8359375 0.89453125 0.8271484375 0.8876953125 0.822265625 0.8525390625 0.814453125
3 0.8525390625 0.869140625 0.7099609375 0.869140625 0.681640625 0.8759765625 0.701171875 0.9599609375 0.7080078125 0.970703125 0.84765625 0.9716796875 0.86328125 0.9677734375 0.88671875 0.8798828125 0.8837890625 0.875 0.8525390625 0.869140625
3 0.658203125 0.7939453125 0.6552734375 0.783203125 0.4970703125 0.748046875 0.4775390625 0.748046875 0.3544921875 0.76953125 0.34765625 0.7744140625 0.345703125 0.7841796875 0.353515625 0.7939453125 0.375 0.8759765625 0.3818359375 0.8828125 0.4873046875 0.9296875 0.5146484375 0.939453125 0.529296875 0.9404296875 0.5537109375 0.927734375 0.6171875 0.8759765625 0.64453125 0.8076171875 0.658203125 0.7939453125
3 0.318359375 0.8916015625 0.30859375 0.8623046875 0.291015625 0.8291015625 0.255859375 0.7822265625 0.2236328125 0.751953125 0.1826171875 0.73046875 0.1611328125 0.73046875 0.1533203125 0.734375 0.13671875 0.7529296875 0.134765625 0.7880859375 0.14453125 0.8232421875 0.16015625 0.8544921875 0.19140625 0.8974609375 0.2275390625 0.93359375 0.2568359375 0.951171875 0.28125 0.9541015625 0.3037109375 0.9453125 0.318359375 0.9267578125 0.3203125 0.9150390625 0.318359375 0.8916015625
3 0.1904296875 0.892578125 0.201171875 0.8916015625 0.201171875 0.8623046875 0.212890625 0.8095703125 0.212890625 0.7939453125 0.224609375 0.7783203125 0.1806640625 0.76953125 0.1494140625 0.76953125 0.1357421875 0.7734375 0.1298828125 0.767578125 0.0537109375 0.76953125 0.0166015625 0.77734375 0.013671875 0.7822265625 0.029296875 0.7919921875 0.0546875 0.8974609375 0.0712890625 0.912109375 0.0888671875 0.919921875 0.138671875 0.9208984375 0.1689453125 0.9140625 0.1806640625 0.908203125 0.189453125 0.8994140625 0.1904296875 0.892578125