3 0.3076171875 0.171875 0.310546875 0.1630859375 0.2890625 0.1513671875 0.2890625 0.1259765625 0.283203125 0.1162109375 0.2724609375 0.107421875 0.1865234375 0.076171875 0.0595703125 0.087890625 0.0361328125 0.095703125 0.03125 0.1005859375 0.029296875 0.1240234375 0.021484375 0.1376953125 0.06640625 0.2314453125 0.0830078125 0.251953125 0.123046875 0.2568359375 0.2587890625 0.20703125 0.2734375 0.1962890625 0.2822265625 0.1796875 0.3076171875 0.171875
3 0.623046875 0.1826171875 0.6396484375 0.173828125 0.64453125 0.1630859375 0.6142578125 0.15234375 0.60546875 0.1357421875 0.5888671875 0.125 0.4638671875 0.078125 0.4423828125 0.076171875 0.4130859375 0.083984375 0.388671875 0.1240234375 0.35546875 0.1923828125 0.35546875 0.2001953125 0.36328125 0.2119140625 0.365234375 0.2333984375 0.3779296875 0.2421875 0.3955078125 0.24609375 0.515625 0.2568359375 0.5341796875 0.25390625 0.6123046875 0.22265625 0.623046875 0.2041015625 0.623046875 0.1826171875
3 0.26171875 0.4033203125 0.279296875 0.3857421875 0.279296875 0.3798828125 0.2607421875 0.36328125 0.2060546875 0.353515625 0.1220703125 0.35546875 0.0791015625 0.365234375 0.064453125 0.3759765625 0.064453125 0.3876953125 0.080078125 0.4052734375 0.1015625 0.5830078125 0.111328125 0.6298828125 0.109375 0.6513671875 0.1201171875 0.658203125 0.1298828125 0.650390625 0.1533203125 0.658203125 0.1875 0.6572265625 0.2099609375 0.65625 0.22265625 0.6416015625 0.232421875 0.6181640625 0.26171875 0.4033203125
3 0.42578125 0.4677734375 0.41796875 0.4541015625 0.3974609375 0.4375 0.3720703125 0.4375 0.3603515625 0.44140625 0.34765625 0.4541015625 0.337890625 0.4716796875 0.345703125 0.4873046875 0.359375 0.6005859375 0.3662109375 0.609375 0.384765625 0.6103515625 0.4091796875 0.607421875 0.41796875 0.6005859375 0.421875 0.4794921875 0.42578125 0.4677734375
3 0.537109375 0.4912109375 0.544921875 0.4853515625 0.544921875 0.4775390625 0.533203125 0.4580078125 0.5244140625 0.451171875 0.5166015625 0.447265625 0.4912109375 0.447265625 0.470703125 0.4619140625 0.4609375 0.4794921875 0.4609375 0.4873046875 0.46875 0.4912109375 0.48046875 0.6005859375 0.4873046875 0.60546875 0.513671875 0.6044921875 0.5263671875 0.6015625 0.53125 0.5947265625 0.53515625 0.5068359375 0.537109375 0.4912109375
3 0.658203125 0.5087890625 0.658203125 0.5029296875 0.6484375 0.4853515625 0.6337890625 0.47265625 0.6005859375 0.470703125 0.580078125 0.4873046875 0.5703125 0.5068359375 0.580078125 0.5146484375 0.58984375 0.5986328125 0.6064453125 0.603515625 0.623046875 0.6025390625 0.6337890625 0.6015625 0.638671875 0.5966796875 0.6484375 0.5146484375 0.658203125 0.5087890625
3 0.92578125 0.2412109375 0.91015625 0.2314453125 0.890625 0.0498046875 0.884765625 0.0341796875 0.8662109375 0.0234375 0.8349609375 0.01953125 0.7939453125 0.0234375 0.779296875 0.0322265625 0.7734375 0.0537109375 0.755859375 0.2158203125 0.751953125 0.2353515625 0.73828125 0.2431640625 0.740234375 0.2548828125 0.748046875 0.2626953125 0.76171875 0.2978515625 0.7880859375 0.322265625 0.8076171875 0.328125 0.857421875 0.3271484375 0.8759765625 0.322265625 0.8984375 0.3017578125 0.92578125 0.2470703125 0.92578125 0.2412109375
3 0.9501953125 0.52734375 0.9794921875 0.517578125 0.984375 0.5087890625 0.978515625 0.4970703125 0.9638671875 0.4921875 0.95703125 0.4853515625 0.955078125 0.4521484375 0.9462890625 0.443359375 0.9091796875 0.42578125 0.8818359375 0.4140625 0.8662109375 0.412109375 0.7060546875 0.45703125 0.69921875 0.4697265625 0.697265625 0.4951171875 0.681640625 0.5126953125 0.68359375 0.5205078125 0.705078125 0.5380859375 0.7109375 0.5576171875 0.7197265625 0.56640625 0.7666015625 0.60546875 0.783203125 0.6103515625 0.8037109375 0.60546875 0.9287109375 0.55078125 0.94140625 0.5419921875 0.9501953125 0.52734375
3 0.232421875 0.8291015625 0.25 0.8076171875 0.255859375 0.7861328125 0.24609375 0.7548828125 0.2099609375 0.71484375 0.1767578125 0.701171875 0.1533203125 0.701171875 0.1259765625 0.7109375 0.10546875 0.7275390625 0.078125 0.7685546875 0.076171875 0.8017578125 0.099609375 0.8310546875 0.111328125 0.9111328125 0.12109375 0.9501953125 0.1416015625 0.966796875 0.1572265625 0.970703125 0.177734375 0.9697265625 0.1962890625 0.96484375 0.2080078125 0.95703125 0.216796875 0.9443359375 0.232421875 0.8291015625
3 0.658203125 0.8173828125 0.5419921875 0.77734375 0.5146484375 0.77734375 0.3583984375 0.802734375 0.35546875 0.8173828125 0.36328125 0.8251953125 0.376953125 0.8798828125 0.4423828125 0.9453125 0.462890625 0.9501953125 0.6357421875 0.900390625 0.650390625 0.8369140625 0.66015625 0.8291015625 0.658203125 0.8173828125
3 0.970703125 0.7783203125 0.966796875 0.7626953125 0.9482421875 0.744140625 0.8818359375 0.728515625 0.8037109375 0.712890625 0.7822265625 0.712890625 0.7646484375 0.720703125 0.7060546875 0.767578125 0.6875 0.7939453125 0.689453125 0.8095703125 0.703125 0.8193359375 0.7109375 0.8818359375 0.716796875 0.8974609375 0.8564453125 0.931640625 0.87890625 0.9326171875 0.89453125 0.9208984375 0.93359375 0.8720703125 0.94921875 0.8115234375 0.970703125 0.7783203125