3 0.298828125 0.1826171875 0.326171875 0.1630859375 0.326171875 0.1552734375 0.3212890625 0.150390625 0.3046875 0.1435546875 0.298828125 0.1162109375 0.2685546875 0.1015625 0.1650390625 0.068359375 0.1220703125 0.078125 0.0283203125 0.109375 0.0234375 0.1142578125 0.021484375 0.1318359375 0.009765625 0.1572265625 0.021484375 0.1689453125 0.03125 0.2060546875 0.1376953125 0.283203125 0.1513671875 0.291015625 0.169921875 0.2900390625 0.1884765625 0.28125 0.2802734375 0.21875 0.291015625 0.2080078125 0.298828125 0.1826171875
3 0.63671875 0.2216796875 0.6474609375 0.216796875 0.65234375 0.2080078125 0.5791015625 0.171875 0.5634765625 0.169921875 0.556640625 0.1650390625 0.5693359375 0.158203125 0.587890625 0.1396484375 0.6328125 0.0830078125 0.6318359375 0.07421875 0.6259765625 0.0703125 0.6044921875 0.0703125 0.5908203125 0.05859375 0.4091796875 0.08203125 0.3935546875 0.0859375 0.380859375 0.0947265625 0.34375 0.1572265625 0.34375 0.1806640625 0.337890625 0.1904296875 0.3515625 0.2158203125 0.357421875 0.2529296875 0.4208984375 0.291015625 0.43359375 0.2900390625 0.5361328125 0.26953125 0.6201171875 0.2578125 0.630859375 0.2529296875 0.63671875 0.2216796875
3 0.986328125 0.2216796875 0.9814453125 0.212890625 0.9287109375 0.1875 0.8740234375 0.162109375 0.8515625 0.1572265625 0.9462890625 0.0859375 0.96484375 0.0673828125 0.9580078125 0.05859375 0.9423828125 0.060546875 0.9267578125 0.041015625 0.8525390625 0.05078125 0.7568359375 0.0703125 0.673828125 0.1494140625 0.677734375 0.1748046875 0.671875 0.1884765625 0.68359375 0.2099609375 0.69140625 0.2490234375 0.7841796875 0.3046875 0.810546875 0.3056640625 0.9521484375 0.2734375 0.9609375 0.2646484375 0.96875 0.2294921875 0.986328125 0.2216796875
3 0.3212890625 0.529296875 0.326171875 0.5244140625 0.3095703125 0.509765625 0.2666015625 0.48828125 0.2294921875 0.474609375 0.2041015625 0.47265625 0.203125 0.4677734375 0.1845703125 0.453125 0.1279296875 0.427734375 0.1083984375 0.427734375 0.0498046875 0.44140625 0.0078125 0.4580078125 0.0107421875 0.46484375 0.0341796875 0.4765625 0.04296875 0.4912109375 0.0615234375 0.5078125 0.0927734375 0.521484375 0.1142578125 0.51953125 0.1201171875 0.5234375 0.130859375 0.5341796875 0.140625 0.5556640625 0.1611328125 0.568359375 0.1923828125 0.58203125 0.2265625 0.5830078125 0.2705078125 0.568359375 0.28125 0.5595703125 0.2900390625 0.5390625 0.3212890625 0.529296875
3 0.515625 0.5927734375 0.51171875 0.5830078125 0.50390625 0.5673828125 0.4873046875 0.552734375 0.4638671875 0.544921875 0.4169921875 0.544921875 0.3740234375 0.55859375 0.349609375 0.5791015625 0.341796875 0.6103515625 0.3544921875 0.6328125 0.3896484375 0.6484375 0.427734375 0.6494140625 0.4755859375 0.640625 0.4951171875 0.62890625 0.513671875 0.6083984375 0.515625 0.5927734375
3 0.634765625 0.4580078125 0.640625 0.4130859375 0.65625 0.3974609375 0.65625 0.3876953125 0.6494140625 0.3671875 0.6181640625 0.353515625 0.5927734375 0.349609375 0.5341796875 0.349609375 0.5107421875 0.353515625 0.4814453125 0.365234375 0.47265625 0.3759765625 0.46875 0.3935546875 0.484375 0.4130859375 0.48828125 0.4560546875 0.49609375 0.4736328125 0.50390625 0.5595703125 0.513671875 0.5849609375 0.5205078125 0.591796875 0.5361328125 0.59765625 0.5703125 0.5986328125 0.6005859375 0.58984375 0.615234375 0.5732421875 0.62890625 0.4697265625 0.634765625 0.4580078125
3 0.84765625 0.3955078125 0.84375 0.3857421875 0.8291015625 0.37109375 0.8037109375 0.357421875 0.7626953125 0.349609375 0.7236328125 0.3515625 0.685546875 0.3701171875 0.67578125 0.3896484375 0.67578125 0.4033203125 0.6923828125 0.431640625 0.7197265625 0.447265625 0.7470703125 0.455078125 0.796875 0.4541015625 0.8154296875 0.44921875 0.8310546875 0.439453125 0.84375 0.4169921875 0.84765625 0.3955078125
3 0.990234375 0.6044921875 0.974609375 0.5908203125 0.970703125 0.5576171875 0.9609375 0.5224609375 0.953125 0.4462890625 0.943359375 0.4169921875 0.9189453125 0.40234375 0.8779296875 0.400390625 0.8583984375 0.40625 0.841796875 0.4228515625 0.818359375 0.5830078125 0.81640625 0.5908203125 0.8046875 0.6005859375 0.802734375 0.6103515625 0.810546875 0.6318359375 0.8291015625 0.642578125 0.8642578125 0.650390625 0.90625 0.6513671875 0.9541015625 0.646484375 0.9775390625 0.63671875 0.986328125 0.6259765625 0.990234375 0.6044921875
3 0.31640625 0.7880859375 0.3125 0.7783203125 0.2939453125 0.759765625 0.2802734375 0.751953125 0.1767578125 0.70703125 0.1494140625 0.705078125 0.0576171875 0.75390625 0.0244140625 0.77734375 0.015625 0.7900390625 0.013671875 0.8173828125 0.0244140625 0.83203125 0.048828125 0.8505859375 0.056640625 0.8701171875 0.0673828125 0.880859375 0.1591796875 0.94921875 0.1689453125 0.953125 0.18359375 0.9521484375 0.21875 0.9208984375 0.306640625 0.8251953125 0.31640625 0.8095703125 0.31640625 0.7880859375
3 0.529296875 0.8583984375 0.55078125 0.8154296875 0.556640625 0.7900390625 0.5498046875 0.78125 0.5341796875 0.779296875 0.5302734375 0.7734375 0.5185546875 0.771484375 0.5029296875 0.76171875 0.4931640625 0.765625 0.4541015625 0.75390625 0.4208984375 0.755859375 0.3916015625 0.77734375 0.341796875 0.8232421875 0.341796875 0.8427734375 0.365234375 0.8603515625 0.3857421875 0.890625 0.4755859375 0.921875 0.4921875 0.9208984375 0.5 0.9150390625 0.515625 0.8857421875 0.515625 0.8740234375 0.529296875 0.8583984375
3 0.6083984375 0.79296875 0.5244140625 0.7578125 0.5068359375 0.7578125 0.48828125 0.7685546875 0.486328125 0.7880859375 0.494140625 0.8427734375 0.5 0.8603515625 0.5146484375 0.87890625 0.5380859375 0.892578125 0.6318359375 0.916015625 0.6484375 0.9150390625 0.658203125 0.9013671875 0.658203125 0.8779296875 0.62109375 0.8056640625 0.6083984375 0.79296875
3 0.771484375 0.8662109375 0.78125 0.8583984375 0.78125 0.8505859375 0.7724609375 0.8359375 0.7470703125 0.83203125 0.7080078125 0.83203125 0.6767578125 0.837890625 0.671875 0.8623046875 0.6796875 0.8681640625 0.685546875 0.8837890625 0.6953125 0.9638671875 0.7060546875 0.97265625 0.728515625 0.9736328125 0.7451171875 0.970703125 0.76171875 0.9580078125 0.767578125 0.8818359375 0.771484375 0.8662109375
3 0.873046875 0.8388671875 0.880859375 0.8330078125 0.880859375 0.8271484375 0.876953125 0.8251953125 0.8740234375 0.8125 0.8251953125 0.80859375 0.7802734375 0.810546875 0.771484375 0.8310546875 0.779296875 0.8349609375 0.78515625 0.8642578125 0.791015625 0.9599609375 0.8017578125 0.97265625 0.83203125 0.9755859375 0.8525390625 0.96875 0.857421875 0.9580078125 0.8671875 0.8662109375 0.873046875 0.8388671875
3 0.98046875 0.8056640625 0.98828125 0.8037109375 0.98828125 0.7958984375 0.9755859375 0.779296875 0.9208984375 0.77734375 0.8837890625 0.78125 0.875 0.8017578125 0.880859375 0.8037109375 0.884765625 0.8330078125 0.888671875 0.9599609375 0.890625 0.9658203125 0.9072265625 0.978515625 0.943359375 0.9814453125 0.9560546875 0.9765625 0.9609375 0.9658203125 0.974609375 0.8349609375 0.98046875 0.8056640625