3 0.3173828125 0.205078125 0.2587890625 0.17578125 0.0634765625 0.16796875 0.01171875 0.1943359375 0.0166015625 0.203125 0.0341796875 0.20703125 0.0576171875 0.224609375 0.0810546875 0.22265625 0.0947265625 0.228515625 0.1416015625 0.232421875 0.2587890625 0.23046875 0.27734375 0.2333984375 0.2939453125 0.22265625 0.3193359375 0.21875 0.32421875 0.2119140625 0.3173828125 0.205078125
3 0.65625 0.1181640625 0.6416015625 0.09765625 0.6201171875 0.08984375 0.4638671875 0.0859375 0.4072265625 0.076171875 0.3818359375 0.076171875 0.36328125 0.0869140625 0.353515625 0.1142578125 0.341796875 0.2509765625 0.34375 0.2646484375 0.3564453125 0.28125 0.3740234375 0.2890625 0.6328125 0.2939453125 0.6396484375 0.29296875 0.654296875 0.2802734375 0.66015625 0.2646484375 0.65625 0.1181640625
3 0.94140625 0.1025390625 0.94921875 0.0927734375 0.951171875 0.0712890625 0.9404296875 0.064453125 0.9150390625 0.060546875 0.8330078125 0.056640625 0.7431640625 0.05859375 0.7177734375 0.064453125 0.716796875 0.0849609375 0.7265625 0.0966796875 0.73046875 0.1142578125 0.74609375 0.2470703125 0.75390625 0.2841796875 0.7666015625 0.296875 0.7958984375 0.30859375 0.859375 0.3095703125 0.8955078125 0.298828125 0.912109375 0.2822265625 0.9375 0.1162109375 0.94140625 0.1025390625
3 0.26171875 0.5673828125 0.271484375 0.5400390625 0.2734375 0.5068359375 0.263671875 0.4697265625 0.251953125 0.4482421875 0.2353515625 0.4296875 0.1982421875 0.408203125 0.1552734375 0.40234375 0.1103515625 0.416015625 0.076171875 0.4462890625 0.064453125 0.4658203125 0.0546875 0.4970703125 0.0546875 0.5341796875 0.0703125 0.5771484375 0.1025390625 0.611328125 0.1376953125 0.626953125 0.177734375 0.6279296875 0.1962890625 0.625 0.2177734375 0.615234375 0.248046875 0.5888671875 0.26171875 0.5673828125
3 0.5546875 0.4482421875 0.564453125 0.4072265625 0.5478515625 0.3984375 0.4951171875 0.392578125 0.4267578125 0.392578125 0.3896484375 0.396484375 0.3623046875 0.404296875 0.359375 0.4111328125 0.365234375 0.4208984375 0.37109375 0.4482421875 0.3984375 0.5966796875 0.4091796875 0.607421875 0.4267578125 0.615234375 0.4462890625 0.619140625 0.48046875 0.6181640625 0.5009765625 0.615234375 0.5244140625 0.60546875 0.541015625 0.5869140625 0.5546875 0.4482421875
3 0.58203125 0.4228515625 0.5732421875 0.419921875 0.560546875 0.4267578125 0.560546875 0.4404296875 0.58203125 0.5068359375 0.619140625 0.5927734375 0.6318359375 0.609375 0.638671875 0.6083984375 0.654296875 0.6005859375 0.650390625 0.5810546875 0.587890625 0.4345703125 0.58203125 0.4228515625
3 0.92578125 0.5146484375 0.92578125 0.4658203125 0.908203125 0.4267578125 0.8779296875 0.396484375 0.8310546875 0.376953125 0.7880859375 0.376953125 0.7509765625 0.390625 0.71484375 0.4228515625 0.6953125 0.4638671875 0.693359375 0.5087890625 0.708984375 0.5498046875 0.7431640625 0.5859375 0.7841796875 0.603515625 0.826171875 0.6044921875 0.8505859375 0.599609375 0.8740234375 0.587890625 0.908203125 0.5537109375 0.92578125 0.5146484375
3 0.970703125 0.4931640625 0.9609375 0.4404296875 0.9560546875 0.435546875 0.9345703125 0.435546875 0.923828125 0.4560546875 0.927734375 0.5087890625 0.916015625 0.5400390625 0.916015625 0.5888671875 0.923828125 0.6201171875 0.947265625 0.6259765625 0.955078125 0.6181640625 0.96484375 0.5830078125 0.970703125 0.5361328125 0.970703125 0.4931640625
3 0.294921875 0.9150390625 0.30078125 0.8701171875 0.3203125 0.8525390625 0.31640625 0.8369140625 0.3076171875 0.828125 0.2900390625 0.8203125 0.2373046875 0.80859375 0.1494140625 0.806640625 0.0830078125 0.818359375 0.0498046875 0.830078125 0.037109375 0.8388671875 0.033203125 0.8583984375 0.0419921875 0.869140625 0.0546875 0.8740234375 0.060546875 0.9111328125 0.0732421875 0.93359375 0.0927734375 0.943359375 0.1181640625 0.94921875 0.18359375 0.9521484375 0.2138671875 0.951171875 0.2529296875 0.943359375 0.2841796875 0.9296875 0.294921875 0.9150390625
3 0.6484375 0.9052734375 0.638671875 0.7939453125 0.630859375 0.7705078125 0.6181640625 0.7578125 0.6064453125 0.75390625 0.3896484375 0.75390625 0.3720703125 0.76171875 0.359375 0.7880859375 0.357421875 0.8447265625 0.345703125 0.9052734375 0.345703125 0.9306640625 0.3662109375 0.953125 0.42578125 0.9521484375 0.6259765625 0.94921875 0.6357421875 0.943359375 0.6484375 0.9287109375 0.6484375 0.9052734375
3 0.9326171875 0.90625 0.9423828125 0.908203125 0.9580078125 0.8984375 0.9794921875 0.896484375 0.986328125 0.8916015625 0.98828125 0.8701171875 0.984375 0.8662109375 0.982421875 0.8076171875 0.974609375 0.7587890625 0.9677734375 0.75 0.9384765625 0.736328125 0.7275390625 0.736328125 0.69140625 0.7548828125 0.6796875 0.8427734375 0.677734375 0.8916015625 0.6826171875 0.8984375 0.7060546875 0.900390625 0.7158203125 0.908203125 0.7314453125 0.912109375 0.7529296875 0.90234375 0.7666015625 0.90234375 0.7783203125 0.91015625 0.876953125 0.9111328125 0.8994140625 0.90234375 0.9091796875 0.90234375 0.9267578125 0.91015625 0.9326171875 0.90625