3 0.1473751953125 0 0.1372377625 0.060824592187500005 0.1372377625 0.102345571875 0.14379370625000001 0.1394959203125 0.15034965 0.15042249375 0.153627621875 0.19303613125000002 0.16455419531249998 0.1886655015625 0.1743881125 0.20505536093750001 0.190777971875 0.2170745921875 0.2017045453125 0.21925990624999997 0.21700174843750003 0.21488927812499997 0.241040209375 0.1886655015625 0.328452796875 0.153700465625 0.347027971875 0.1329399765625 0.359047203125 0.096882284375 0.360139859375 0.058639278125000006 0.35576923125 0.03678613125 0.347027971875 0.014932984375 0.33560863125 0 0.1473751953125 0
3 0.0519667828125 0 0.0454545453125 0.0542686484375 0.047639859374999996 0.1307546625 0.060751748437499996 0.1919434734375 0.06949300625 0.209425990625 0.10118007031250001 0.2476689984375 0.1186625875 0.24985431249999998 0.131774475 0.2454836828125 0.15034965 0.2269085078125 0.1700174828125 0.17446095625 0.177666084375 0.1078088578125 0.178758740625 0.043342075 0.17077467500000001 0 0.0519667828125 0
3 0.31315559375 0.6104312359375 0.33391608437500003 0.5896707453125 0.3426573421875 0.5765588578124999 0.35030594375 0.549242425 0.347027971875 0.5022581578125 0.327360140625 0.4585518640625 0.2891171328125 0.41593822812500003 0.243225525 0.3875291375 0.197333915625 0.37441725 0.1558129375 0.37660256406250003 0.12521853125 0.3897144515625 0.09353146875 0.42795745937499996 0.086975525 0.4738490671875 0.10664335625000002 0.5328525640625 0.12412587343749999 0.559076340625 0.14925699375 0.584207459375 0.19951923124999998 0.6148018640624999 0.243225525 0.6257284375000001 0.291302446875 0.621357809375 0.31315559375 0.6104312359375
3 0.23229895156249997 0.4705710953125 0.25087412656249997 0.45418123593750004 0.266171328125 0.41266025624999997 0.278190559375 0.41375291406250003 0.259615384375 0.397363053125 0.259615384375 0.3645833328125 0.253059440625 0.3449155015625 0.23666957968750002 0.3263403265625 0.16236888124999999 0.2957459203125 0.147071678125 0.2760780890625 0.13614510468750002 0.26952214375 0.1208479015625 0.26952214375 0.1022727265625 0.2859120046875 0.08041957968749999 0.347100815625 0.0760489515625 0.42140151562500006 0.091346153125 0.48696095625 0.0979020984375 0.5022581578125 0.11429195781249998 0.5164627046875 0.1295891609375 0.5164627046875 0.1558129375 0.4946095578125 0.23229895156249997 0.4705710953125
3 0.197333915625 0.9578962703125 0.2956730765625 0.916375290625 0.3208041953125 0.8759469703124999 0.3262674828125 0.8333333328125001 0.3229895109375 0.7929050109375 0.3120629375 0.7644959203125 0.29895104843750003 0.7448280890625 0.2607080421875 0.7240675984375 0.1929632859375 0.7000291375 0.1765734265625 0.67489801875 0.1558129375 0.6606934734375 0.1383304203125 0.6606934734375 0.1186625875 0.66943473125 0.08041957968749999 0.7229749421875 0.06949300625 0.76231060625 0.065122378125 0.803831584375 0.06949300625 0.8912441718749999 0.086975525 0.9458770390625 0.127403846875 0.9950466203125 0.16236888124999999 0.997231934375 0.1831293703125 0.980842075 0.197333915625 0.9578962703125
3 0.4327755578125 0 0.427884615625 0.017118298437500002 0.421328671875 0.06300990625 0.421328671875 0.1176427734375 0.43444055937500003 0.18101689999999998 0.44755244687499995 0.20724067656249998 0.46175699375 0.221445221875 0.5010926578125 0.23237179531250002 0.5131118875 0.2137966203125 0.5273164328125 0.2017773890625 0.65625 0.1821095578125 0.666083915625 0.17446095625 0.6791958046875 0.15042249375 0.6890297203125 0.09469697031249999 0.690122378125 0.0695658515625 0.68138111875 0.021488928125 0.6673021671875 0 0.4327755578125 0
3 0.6343968531249999 0.5732808859375 0.6540646859375 0.5667249421875 0.6770104890625 0.5328525640625 0.6890297203125 0.4858682984375 0.6879370625 0.4061043125 0.6770104890625 0.3689539625 0.6617132859375 0.3449155015625 0.6387674828125001 0.33071095625 0.560096153125 0.3197843828125 0.5426136359375 0.30011655 0.516389859375 0.2957459203125 0.51201923125 0.27389277343749996 0.49672202812500005 0.2760780890625 0.49344405625 0.3055798375 0.4759615390625 0.3383595578125 0.4672202796875 0.37113927812499997 0.4606643359375 0.44981060624999997 0.4672202796875 0.521925990625 0.478146853125 0.565632284375 0.491258740625 0.5918560609375 0.5131118875 0.6158945218749999 0.5185751749999999 0.621357809375 0.5273164328125 0.621357809375 0.5579108390624999 0.584207459375 0.6343968531249999 0.5732808859375
3 0.577578671875 0.9753787875000001 0.66280594375 0.946969696875 0.672639859375 0.9305798375000001 0.6737325171874999 0.8923368296874999 0.672639859375 0.7033071093750001 0.6606206296875 0.691287878125 0.5819493 0.665064103125 0.5732080421875 0.6519522140625 0.5557255249999999 0.6519522140625 0.5196678328125001 0.690195221875 0.515297203125 0.7098630531250001 0.515297203125 0.9393210953125 0.5480769234375 0.9852127046874999 0.5644667828125 0.990675990625 0.577578671875 0.9753787875000001
3 0.8161580265625 0 0.8125 0.0040064109375 0.7950174828125001 0.04989801875 0.7950174828125001 0.1241987171875 0.8168706296874999 0.18320221406249998 0.8441870625 0.21488927812499997 0.8638548953124999 0.2301864796875 0.8857080421875001 0.24329836875000002 0.9163024468750001 0.2520396265625 0.9490821671875 0.2520396265625 0.9753059437499999 0.24329836875000002 1 0.223094140625 1 0 0.8161580265625 0
3 1 0.3188134671875 0.9672431453125 0.284317746875 0.900520096875 0.278093175 0.851589859375 0.29321003437500004 0.8017699984375 0.3350037515625 0.7688532859375 0.39102518124999996 0.7599568796875 0.4426004671875 0.7644050828125 0.4772803296875 0.7741911171875 0.5181849 0.79554250625 0.5590894015625001 0.81155603125 0.5706493328125 0.832017759375 0.5857662609375 0.8364659624999999 0.5955477625000001 0.8489209453125 0.6008831203125 0.8791687406250001 0.6151107640625 0.8925133515624999 0.6168892625 0.927209315625 0.6168892625 0.9458917906250001 0.6231138359374999 0.963684603125 0.6195569078125 0.9930427375 0.6017723359375 1 0.5914611812499999 1 0.3188134671875
3 1 0.6820408375 0.9788084671874999 0.667575265625 0.916533621875 0.651569190625 0.8667137593750001 0.660461478125 0.8062182 0.7102582671875 0.7741911171875 0.76983655625 0.7733014890625001 0.8267472687499999 0.7875357265625 0.874765559375 0.8035492859375 0.9041101312500001 0.8302385046874999 0.9352331328125001 0.8418038265625001 0.947682278125 0.8640448421875 0.9619099906249999 0.9129750796874999 0.98147299375 0.979698128125 0.9699129937500001 1 0.9544520625 1 0.6820408375