3 0.1323285390625 1 0.1839740046875 0.9885232296875 0.2150857296875 0.9760785390625 0.23375276562499997 0.9802267703125 0.24827157031249997 0.9740044250000001 0.2534568578125 0.966745021875 0.24930862812500001 0.9501521015625001 0.1787887171875 0.8588910390625 0.25864214531249996 0.83711283125 0.274198009375 0.8215569687500001 0.27212389375 0.8174087390624999 0.25138274374999997 0.8049640484375 0.2451603984375 0.7759264375 0.2275304203125 0.762444690625 0.12486172499999999 0.732370021875 0.101009403125 0.7313329640624999 0.076120021875 0.737555309375 0.00145188125 0.7686670359375001 0 0.7703125 0 0.9330613937500001 0.052267698437499996 0.9957826328125 0.058734328125 1 0.1323285390625 1
3 0.5490182515625001 0.8702986718749999 0.5459070796875001 0.8671875 0.5479811953125 0.8505945796875001 0.4567201328125 0.7738523234375 0.4453125 0.7769634953125 0.317754425 0.8734098453125 0.40797842968750003 0.9325221234375001 0.43494192500000006 0.9325221234375001 0.44012721250000003 0.9377074109375 0.44012721250000003 0.9501521015625001 0.44946072968750006 0.9594856187499999 0.5116841812499999 0.9988938046875001 0.52205475625 0.9988938046875001 0.5407217921874999 0.9905973453125 0.6433904874999999 0.9377074109375 0.6319828546874999 0.9221515484375 0.5780558625000001 0.8744469031250001 0.5490182515625001 0.8702986718749999
3 0.894888459375 1 0.8974695796875001 0.9988938046875001 0.9109513281250001 0.9812638281250001 0.973174778125 0.83192754375 0.9690265484375 0.8215569687500001 0.9596930312499999 0.814297565625 0.9327295359375001 0.8039269906250001 0.911988384375 0.8039269906250001 0.9036919250000001 0.7997787609375 0.8985066375 0.788371128125 0.882950775 0.772815265625 0.8590984515625 0.7593335171875 0.84769081875 0.7582964609375 0.8331720125000001 0.7645188046875 0.6962804203124999 0.8723727875 0.6807245578125001 0.8920768812500001 0.676576328125 0.9065956859375 0.6796875 0.9117809734375 0.6983545359375001 0.920077434375 0.7107992249999999 0.91800331875 0.7626521015625001 0.951189159375 0.7750967921874999 0.953263275 0.7896155968749999 0.94911504375 0.8041344031250001 0.971930309375 0.83732024375 0.982300884375 0.849764934375 0.9947455749999999 0.86132466875 1 0.894888459375 1
3 0 0.5938061734375 0.00145188125 0.594441371875 0.020118915625 0.5965154874999999 0.06367533125 0.6214048671875 0.09478705781249999 0.629701328125 0.11552820781249999 0.6276272125 0.284568584375 0.4689574109375 0.27316095156250003 0.4451050890625 0.2327157078125 0.42125276562499997 0.198492809375 0.4222898234375 0 0.525353396875 0 0.5938061734375
3 0.6122787609375 0.47932798749999994 0.6247234515625 0.44406803124999994 0.6050193578124999 0.4326603984375 0.45464601718750003 0.4274751109375 0.3395326328125 0.42851216875000003 0.32605088437499996 0.4399198015625 0.3239767703125 0.45651272187499997 0.30738385 0.46480918125 0.320865596875 0.47829092968750003 0.381014934375 0.5176991156249999 0.4038301984375 0.5218473453125 0.5614629421874999 0.49073561874999994 0.60294524375 0.4865873890625 0.6122787609375 0.47932798749999994
3 0.8414684734375 0.4098451328125 0.8352461281249999 0.4098451328125 0.8207273234375 0.39740044218750004 0.732577434375 0.39636338437499996 0.7045768812500001 0.39740044218750004 0.6931692484374999 0.4046598453125 0.6890210171875 0.4129563046875 0.6869469031250001 0.6307383843750001 0.6962804203124999 0.6421460171875 0.8207273234375 0.6421460171875 0.8352461281249999 0.629701328125 0.8539131640625 0.6421460171875 0.9534706859375 0.6379977875 0.9711006640625 0.6265901546875 0.9752488937500001 0.6162195796875001 0.9752488937500001 0.41917865 0.9638412609375001 0.40569690312500006 0.8539131640625 0.39947455781249996 0.8414684734375 0.4098451328125
3 0 0.21538820625000002 0.045008296875 0.23976769843749998 0.0740459078125 0.25428650468749997 0.086490596875 0.25428650468749997 0.23790099531250003 0.1879148234375 0.28042035468750004 0.16198838437500002 0.2783462390625 0.151617809375 0.2534568578125 0.13295077500000002 0.24930862812500001 0.11843196874999999 0.23997511093749999 0.1090984515625 0.1746404875 0.0665790921875 0.1611587390625 0.06554203593749999 0.1404175890625 0.0738384953125 0.0180448015625 0.1422842921875 0.0024889375 0.1557660390625 0 0.161241703125 0 0.21538820625000002
3 0.5344994468750001 0.1381360625 0.5147953546874999 0.12050608437500002 0.509610065625 0.1070243359375 0.4463495578125 0.07487555312500001 0.43494192500000006 0.0738384953125 0.41834900468749997 0.0842090703125 0.31982853906250003 0.176507190625 0.31982853906250003 0.18272953593750002 0.40797842968750003 0.21902654843749997 0.42457135 0.216952434375 0.43494192500000006 0.227323009375 0.509610065625 0.24599004375 0.6309457968750001 0.1785813046875 0.6330199109375 0.1723589609375 0.6278346234375001 0.167173671875 0.59257466875 0.1505807515625 0.5490182515625001 0.136061946875 0.5344994468750001 0.1381360625
3 0.7512444687500001 0.1640625 0.7512444687500001 0.1018390484375 0.7398368359374999 0.0883573015625 0.7305033187500001 0.085246128125 0.7045768812500001 0.0842090703125 0.697317478125 0.0893943578125 0.676576328125 0.1557660390625 0.6703539828125 0.1682107296875 0.6599834078125 0.176507190625 0.6651686953125 0.1858407078125 0.7128733406250001 0.1962112828125 0.743985065625 0.1962112828125 0.7595409296875 0.18895188125 0.7512444687500001 0.1640625
3 0.8487278765624999 0.176507190625 0.8445796453125001 0.1018390484375 0.8393943578125 0.09250553125 0.827986725 0.08732024375 0.8041344031250001 0.08628318593749999 0.7906526546875 0.099764934375 0.774059734375 0.1785813046875 0.7678373890625 0.19724834062500002 0.76161504375 0.2034706859375 0.7688744468750001 0.212804203125 0.799986171875 0.21902654843749997 0.8570243359375 0.2159153765625 0.8487278765624999 0.176507190625
3 0.9897676984375 0.232508296875 0.9565818578125 0.1018390484375 0.9503595125000001 0.08732024375 0.9420630531249999 0.0831720125 0.916136615625 0.08213495625 0.8995436953124999 0.0883573015625 0.8902101765625 0.099764934375 0.8881360624999999 0.22628595156250003 0.88398783125 0.24287887187499999 0.8870990046875 0.25013827499999997 0.9742118359375 0.2522123890625 0.998064159375 0.2449529875 0.9897676984375 0.232508296875