3 0.3125 0.1396484375 0.2548828125 0.09765625 0.2294921875 0.0859375 0.1962890625 0.087890625 0.0322265625 0.134765625 0.0234375 0.1455078125 0.0234375 0.1572265625 0.0390625 0.1748046875 0.048828125 0.2099609375 0.1005859375 0.2578125 0.12109375 0.2607421875 0.2841796875 0.208984375 0.30078125 0.1650390625 0.314453125 0.1552734375 0.3125 0.1396484375
3 0.48369646718750003 0.013899403125000001 0.45455341093749996 0.02118854375 0.43581857968750004 0.0357668234375 0.4326961609375 0.0878320515625 0.4295736609375 0.0961624796875 0.42124713125 0.10136900156249999 0.42124713125 0.1128233359375 0.43790027187499997 0.12011247656249999 0.44830849375000004 0.1471864171875 0.47432905156249994 0.153434309375 0.496186303125 0.1575994640625 0.524288471875 0.159682040625 0.53990080625 0.15864083281250002 0.5627989437500001 0.15447551875 0.5763295859374999 0.1513516125 0.5929828046875001 0.1461450890625 0.6023501421875 0.1357320453125 0.6023501421875 0.11907118750000001 0.6158808640625 0.1086581421875 0.6137992515625 0.0982450953125 0.6106767515625 0.0357668234375 0.578411278125 0.0170233484375 0.5419824984375 0.0118168265625 0.48369646718750003 0.013899403125000001
3 0.607421875 0.2685546875 0.615234375 0.2177734375 0.630859375 0.2041015625 0.630859375 0.1884765625 0.6201171875 0.177734375 0.6083984375 0.173828125 0.5556640625 0.166015625 0.4755859375 0.16796875 0.4482421875 0.171875 0.4208984375 0.181640625 0.412109375 0.1923828125 0.412109375 0.2001953125 0.4140625 0.2060546875 0.4296875 0.2177734375 0.44140625 0.2802734375 0.44921875 0.2919921875 0.4677734375 0.306640625 0.4873046875 0.314453125 0.541015625 0.3154296875 0.5712890625 0.30859375 0.5869140625 0.30078125 0.599609375 0.2880859375 0.607421875 0.2685546875
3 0.958984375 0.1923828125 0.984375 0.1708984375 0.98828125 0.1611328125 0.990234375 0.1396484375 0.984375 0.1240234375 0.9599609375 0.1015625 0.9365234375 0.08984375 0.9189453125 0.083984375 0.8486328125 0.07421875 0.8076171875 0.07421875 0.7587890625 0.08203125 0.7158203125 0.1015625 0.701171875 0.1142578125 0.693359375 0.1279296875 0.69140625 0.1552734375 0.69921875 0.1708984375 0.720703125 0.1904296875 0.73828125 0.2548828125 0.7646484375 0.28125 0.7861328125 0.29296875 0.8154296875 0.30078125 0.84375 0.3017578125 0.8935546875 0.29296875 0.9169921875 0.279296875 0.9375 0.2587890625 0.958984375 0.1923828125
3 0.203125 0.5517578125 0.2099609375 0.546875 0.2236328125 0.54296875 0.2412109375 0.55078125 0.2568359375 0.55078125 0.2880859375 0.5390625 0.294921875 0.5283203125 0.30078125 0.5048828125 0.3212890625 0.494140625 0.326171875 0.4833984375 0.3037109375 0.46875 0.1904296875 0.4140625 0.1494140625 0.421875 0.0341796875 0.455078125 0.01171875 0.4677734375 0.013671875 0.4755859375 0.03515625 0.4970703125 0.044921875 0.5244140625 0.0556640625 0.533203125 0.0771484375 0.5390625 0.095703125 0.5576171875 0.10546875 0.5869140625 0.1162109375 0.59765625 0.1318359375 0.60546875 0.16015625 0.6044921875 0.1767578125 0.599609375 0.193359375 0.5869140625 0.201171875 0.5693359375 0.203125 0.5517578125
3 0.6494140625 0.462890625 0.658203125 0.4560546875 0.650390625 0.4228515625 0.6357421875 0.41796875 0.5888671875 0.4140625 0.4228515625 0.4140625 0.3759765625 0.419921875 0.37109375 0.4248046875 0.3671875 0.4560546875 0.39453125 0.4619140625 0.41796875 0.6201171875 0.4267578125 0.626953125 0.4736328125 0.634765625 0.55859375 0.6337890625 0.5927734375 0.62890625 0.60546875 0.6181640625 0.626953125 0.4677734375 0.6494140625 0.462890625
3 0.978515625 0.5361328125 0.9736328125 0.533203125 0.947265625 0.5283203125 0.92578125 0.3759765625 0.9072265625 0.365234375 0.8720703125 0.361328125 0.8017578125 0.361328125 0.7666015625 0.365234375 0.7431640625 0.373046875 0.73828125 0.3818359375 0.71875 0.5322265625 0.689453125 0.5400390625 0.6953125 0.5556640625 0.6953125 0.5712890625 0.7158203125 0.578125 0.7548828125 0.580078125 0.9140625 0.5791015625 0.9677734375 0.57421875 0.97265625 0.5693359375 0.978515625 0.5419921875 0.978515625 0.5361328125
3 0.3056640625 0.78515625 0.2880859375 0.78125 0.283203125 0.7666015625 0.2744140625 0.7578125 0.2158203125 0.736328125 0.1826171875 0.728515625 0.1650390625 0.73046875 0.1513671875 0.73828125 0.1337890625 0.7578125 0.1181640625 0.765625 0.0888671875 0.79296875 0.0595703125 0.8125 0.044921875 0.8310546875 0.04296875 0.8486328125 0.017578125 0.8681640625 0.0205078125 0.8828125 0.046875 0.8935546875 0.05078125 0.9150390625 0.0615234375 0.927734375 0.1279296875 0.95703125 0.16015625 0.9619140625 0.1767578125 0.95703125 0.185546875 0.9482421875 0.3125 0.7958984375 0.3056640625 0.78515625
3 0.611328125 0.9072265625 0.619140625 0.8740234375 0.65625 0.8447265625 0.6474609375 0.8359375 0.623046875 0.8291015625 0.62109375 0.7978515625 0.6005859375 0.7734375 0.5458984375 0.759765625 0.5205078125 0.7578125 0.4970703125 0.765625 0.4189453125 0.8046875 0.390625 0.8251953125 0.380859375 0.8759765625 0.3642578125 0.884765625 0.357421875 0.8955078125 0.380859375 0.9072265625 0.388671875 0.9404296875 0.3994140625 0.95703125 0.4423828125 0.978515625 0.478515625 0.9892578125 0.4912109375 0.984375 0.5185546875 0.984375 0.5537109375 0.958984375 0.611328125 0.9072265625
3 0.775390625 0.7900390625 0.779296875 0.7841796875 0.7607421875 0.779296875 0.6787109375 0.779296875 0.673828125 0.7841796875 0.677734375 0.7880859375 0.681640625 0.8212890625 0.689453125 0.9462890625 0.6962890625 0.951171875 0.755859375 0.9501953125 0.76171875 0.9482421875 0.763671875 0.9365234375 0.771484375 0.8212890625 0.775390625 0.7900390625
3 0.888671875 0.8173828125 0.8837890625 0.814453125 0.7880859375 0.814453125 0.794921875 0.8505859375 0.80078125 0.9482421875 0.8095703125 0.953125 0.859375 0.9521484375 0.8681640625 0.951171875 0.87109375 0.9462890625 0.880859375 0.8447265625 0.888671875 0.8173828125
3 0.994140625 0.8349609375 0.8935546875 0.833984375 0.90234375 0.8544921875 0.912109375 0.9501953125 0.9248046875 0.955078125 0.96484375 0.9541015625 0.974609375 0.9521484375 0.978515625 0.9384765625 0.984375 0.8642578125 0.994140625 0.8349609375