3 0.8455412921875001 1 0.86772930625 0.95644575 0.8593400453125 0.74671420625 0.8278803124999999 0.6837947421874999 0.820539709375 0.6764541390625001 0.8131991046874999 0.6816974265625 0.8090044750000001 0.708962528125 0.7974692390625 0.726789709375 0.8006152125 0.74671420625 0.798517896875 0.8725531312499999 0.8027125281249999 0.922888703125 0.8090044750000001 0.9375699109375001 0.8069071593749999 0.9627376953125 0.8257829984375 0.98790548125 0.82847066875 1 0.8455412921875001 1
3 0.7639121921875 0.315715884375 0.74713366875 0.3220078296875 0.73350111875 0.33773769531250003 0.7324524609374999 0.3450783 0.73769575 0.6229725953125 0.7460850109375 0.641848434375 0.7639121921875 0.655480984375 0.7785934 0.6575783000000001 0.92540548125 0.6449944078125001 0.9547678968750001 0.6345078296875 0.9663031312499999 0.6145833328125 0.9663031312499999 0.5873182328125 0.9558165546874999 0.526496084375 0.9516219234375001 0.35871084999999997 0.9432326625 0.3356403796875 0.9212108499999999 0.3199105140625 0.7639121921875 0.315715884375
3 0.9233081656250001 0.017897092187499998 0.7450363531249999 0.0451621921875 0.727209171875 0.0629893734375 0.7156739375 0.10178970937500001 0.7167225953125 0.1699524609375 0.7293064874999999 0.2014121921875 0.7429390375 0.2150447421875 0.78278803125 0.2234340046875 0.92540548125 0.240212528125 0.9442813203125 0.244407159375 0.9568652125 0.2548937359375 0.978887025 0.253845078125 0.9851789703125 0.22657997812500003 0.9872762859374999 0.13010346718750002 0.9830816562500001 0.04201621875 0.978887025 0.01475111875 0.9715464203125 0.003215884375 0.9484759515625001 0.0053131984375000005 0.9379893734375001 0.0137024609375 0.9233081656250001 0.017897092187499998
3 0.4157578296875 0.758249440625 0.38744407187499996 0.7907578296875 0.37695749375 0.8138283 0.373811521875 0.833752796875 0.3748601796875 0.8767477625 0.39163870312500004 0.914499440625 0.428341721875 0.9491051453124999 0.4744826625 0.9658836687499999 0.51433165625 0.9658836687499999 0.547888703125 0.9553970921875001 0.5688618562500001 0.9428131984375 0.6013702453125 0.9061101796875001 0.6160514546875 0.8578719234375001 0.6097595078125 0.811730984375 0.5866890375 0.7718819906250001 0.566764540625 0.754054809375 0.543694071875 0.7414709171875 0.503845078125 0.730984340625 0.46819071562500003 0.73308165625 0.43882830000000006 0.7435682328125 0.4157578296875 0.758249440625
3 0.4178551453125 0.443652125 0.3979306484375 0.46147930625000005 0.38744407187499996 0.4866470921875 0.3842980984375 0.508668903125 0.383249440625 0.5453719234375 0.38744407187499996 0.566345078125 0.3958333328125 0.5852209171875 0.40736856875000005 0.5967561515625001 0.566764540625 0.62611856875 0.5961269578125 0.6324105140625 0.606613534375 0.6387024609374999 0.6139541390625001 0.6355564874999999 0.6223434 0.606194071875 0.62653803125 0.566345078125 0.62653803125 0.49293903749999995 0.620246084375 0.436311521875 0.6108081656250001 0.41848434062499995 0.566764540625 0.42897091718749997 0.4178551453125 0.443652125
3 0.58144575 0.39331655468750004 0.4241470921875 0.3262024609375 0.40317393749999997 0.3220078296875 0.39478467500000003 0.338786353125 0.3937360171875 0.3461269578125 0.4115631984375 0.3597595078125 0.503845078125 0.3996085015625 0.575153803125 0.4226789703125 0.5898350109375 0.4226789703125 0.597175615625 0.40904642031250005 0.5940296421875 0.3996085015625 0.58144575 0.39331655468750004
3 0.4535095078125 0.0493568234375 0.4168064875 0.08605984375 0.40422259531250004 0.111227628125 0.39897930625 0.13744407187500002 0.4000279640625 0.182536353125 0.418903803125 0.22657997812500003 0.4577041390625 0.26328299843749997 0.5017477625 0.280061521875 0.5499860171875001 0.27796420624999996 0.5940296421875 0.2569910515625 0.628635346875 0.21819071562499998 0.6433165546875 0.178341721875 0.6433165546875 0.1322007828125 0.6223434 0.08186521249999999 0.5898350109375 0.0493568234375 0.547888703125 0.030480984375 0.4954558171875 0.030480984375 0.4535095078125 0.0493568234375
3 0.3833193515625 0 0.3759088359375 0.0074105140625 0.3822007828125 0.0325783 0.4157578296875 0.0409675609375 0.46819071562500003 0.0409675609375 0.5017477625 0.02838366875 0.5583752796875 0.0325783 0.5803970921875 0.021043065625 0.5803970921875 0 0.3833193515625 0
3 0.0497762859375 0.7194491046875 0.035095078125 0.7530061515625001 0.0267058171875 0.7949524609374999 0.025657159375 0.8274608499999999 0.028803131250000003 0.8977209171875 0.035095078125 0.9249860171875 0.045581656250000005 0.945959171875 0.0697007828125 0.959591721875 0.1095497765625 0.9658836687499999 0.114793065625 0.9795162187500001 0.1263283 0.9889541390625001 0.1473014546875 0.9847595078125 0.1567393734375 0.9711269578125 0.169323265625 0.9354725953124999 0.181907159375 0.8641638703125001 0.17980984375 0.769784675 0.1672259515625 0.713157159375 0.15883668906249998 0.6942813203125 0.14939877031249998 0.6848434 0.1326202453125 0.6806487703124999 0.11374440781249999 0.7016219234375 0.0655061515625 0.7079138703125001 0.0497762859375 0.7194491046875
3 0.05082494375 0.3282997765625 0.035095078125 0.3419323265625 0.028803131250000003 0.352418903125 0.025657159375 0.5673937359375001 0.0246085015625 0.6313618562500001 0.048727628125 0.65338366875 0.07599272968750001 0.65338366875 0.1410095078125 0.6407997765625 0.20183165625 0.6387024609374999 0.23014541406250003 0.6250699109375 0.238534675 0.606194071875 0.238534675 0.37339205781249996 0.23434004531250002 0.360808165625 0.22070749374999998 0.347175615625 0.195539709375 0.338786353125 0.07599272968750001 0.3282997765625 0.05082494375 0.3282997765625
3 0.0807553828125 0 0.07284675625 0.012653803124999998 0.07494407187499999 0.0231403796875 0.070749440625 0.0294323265625 0.079138703125 0.048308165624999996 0.079138703125 0.058794742187500006 0.0697007828125 0.0829138703125 0.070749440625 0.1888283 0.079138703125 0.2014121921875 0.079138703125 0.21609340000000002 0.068652125 0.2391638703125 0.07284675625 0.25594239375 0.0812360171875 0.2664289703125 0.08333333281250001 0.29159675625000003 0.0906739375 0.2968400453125 0.1431068234375 0.2947427296875 0.2374860171875 0.2821588359375 0.2574105140625 0.2433585015625 0.2574105140625 0.016848434375 0.2495479109375 0 0.0807553828125 0