3 0.79006944375 0.9773611109375 0.8296527781249999 0.9773611109375 0.8609027781249999 0.9648611109375 0.8911111109375 0.934652778125 0.9036111109375 0.903402778125 0.9036111109375 0.8659027781249999 0.8911111109375 0.8367361109375 0.8650694437500001 0.8106944437499999 0.8296527781249999 0.7961111109375001 0.795277778125 0.79506944375 0.77756944375 0.79819444375 0.7567361109374999 0.8086111109375 0.73069444375 0.8346527781249999 0.7181944437500001 0.86381944375 0.7181944437500001 0.9054861109375001 0.732777778125 0.9388194437499999 0.760902778125 0.9648611109375 0.79006944375 0.9773611109375
3 1 0.8396666671874999 0.979652778125 0.831527778125 0.9577777781249999 0.83256944375 0.9317361109375 0.8419444437499999 0.9077777781249999 0.8659027781249999 0.9077777781249999 0.8888194437499999 0.89944444375 0.9284027781249999 0.9098611109375 0.9492361109375 0.9254861109375 0.9648611109375 0.9504861109375 0.9773611109375 0.9754861109374999 0.97944444375 1 0.9719017093750001 1 0.8396666671874999
3 0.417152778125 0.91069444375 0.492152778125 0.919027778125 0.5754861109375 0.919027778125 0.648402778125 0.9086111109375 0.6556944437500001 0.8971527781249999 0.6411111109375 0.87006944375 0.6306944437500001 0.797152778125 0.6161111109374999 0.734652778125 0.59631944375 0.71694444375 0.57131944375 0.706527778125 0.53381944375 0.700277778125 0.507777778125 0.70131944375 0.45881944375000006 0.71069444375 0.44006944375 0.7211111109375 0.426527778125 0.7367361109375 0.401527778125 0.8617361109375 0.39319444375 0.884652778125 0.38486111093750003 0.89506944375 0.38694444375 0.8992361109375 0.417152778125 0.91069444375
3 0.6442361109375 0.9856944437499999 0.6661111109375 0.972152778125 0.6661111109375 0.953402778125 0.6317361109374999 0.9356944437499999 0.57131944375 0.925277778125 0.495277778125 0.9242361109375 0.43798611093749995 0.9294444437499999 0.392152778125 0.94194444375 0.38069444375 0.9554861109375 0.382777778125 0.9700694437499999 0.41506944375000004 0.9856944437499999 0.4942361109375 0.9961111109375 0.6004861109374999 0.994027778125 0.6442361109375 0.9856944437499999
3 0.01194444375 0.95756944375 0.035902778125 0.9711111109375 0.0692361109375 0.97944444375 0.148402778125 0.987777778125 0.2504861109375 0.9836111109375001 0.2942361109375 0.9752777781249999 0.317152778125 0.9648611109375 0.32444444375 0.9554861109375 0.32444444375 0.934652778125 0.30569444375 0.9138194437499999 0.2848611109375 0.784652778125 0.276527778125 0.759652778125 0.25881944375 0.74194444375 0.22131944374999998 0.7252777781249999 0.18381944374999998 0.719027778125 0.14736111093749998 0.72006944375 0.1192361109375 0.72319444375 0.09423611093749999 0.731527778125 0.0692361109375 0.7461111109375 0.057777778125 0.759652778125 0.03694444375 0.8492361109375001 0.0286111109375 0.909652778125 0.0098611109375 0.9304861109375 0.01194444375 0.95756944375
3 1 0.4688101859375 0.9890277781249999 0.43881944375000004 0.97131944375 0.42111111093750003 0.948402778125 0.4086111109375 0.9296527781249999 0.40444444375 0.8952777781249999 0.40548611093750003 0.8734027781249999 0.41069444375 0.8431944437500001 0.43048611093750005 0.8327777781249999 0.44506944375 0.8338194437500001 0.4711111109375 0.82444444375 0.459652778125 0.807777778125 0.528402778125 0.7973611109375 0.540902778125 0.7911111109375 0.5575694437500001 0.79319444375 0.59506944375 0.8004861109375 0.61069444375 0.8046527781249999 0.612777778125 0.80881944375 0.6044444437500001 0.81506944375 0.606527778125 0.8098611109375 0.61381944375 0.8275694437500001 0.62944444375 0.8817361109374999 0.650277778125 0.948402778125 0.6523611109375 0.9879861109375 0.64194444375 1 0.635475428125 1 0.4688101859375
3 0.792152778125 0.61694444375 0.8109027781249999 0.612777778125 0.82444444375 0.5992361109375001 0.8327777781249999 0.58256944375 0.8411111109375 0.5429861109375 0.839027778125 0.48256944375 0.82444444375 0.42631944375 0.807777778125 0.3929861109375 0.7879861109374999 0.369027778125 0.773402778125 0.36069444375000004 0.7598611109375 0.35965277812499996 0.7379861109375 0.36694444375 0.7223611109375 0.3867361109375 0.71194444375 0.43465277812499997 0.714027778125 0.4867361109375 0.7223611109375 0.5263194437500001 0.74319444375 0.578402778125 0.7650694437500001 0.606527778125 0.792152778125 0.61694444375
3 0.6879861109375 0.5586111109375 0.6931944437500001 0.547152778125 0.69006944375 0.53569444375 0.6692361109375 0.5273611109375 0.5911111109375 0.5221527781249999 0.5317361109375 0.5273611109375 0.510902778125 0.53569444375 0.5056944437500001 0.54506944375 0.5098611109375 0.5554861109375 0.5192361109375 0.562777778125 0.579652778125 0.5711111109375 0.6713194437500001 0.5648611109375 0.6879861109375 0.5586111109375
3 0.66506944375 0.46902777812499996 0.6869444437500001 0.459652778125 0.6869444437500001 0.4554861109375 0.67444444375 0.447152778125 0.6598611109375 0.3804861109375 0.654652778125 0.37319444375 0.6254861109375 0.36069444375000004 0.582777778125 0.35965277812499996 0.560902778125 0.362777778125 0.5369444437500001 0.37631944375000004 0.520277778125 0.44506944375 0.507777778125 0.4554861109375 0.5129861109375 0.462777778125 0.548402778125 0.4711111109375 0.62756944375 0.47319444375 0.66506944375 0.46902777812499996
3 0.41506944375000004 0.6315277781249999 0.44006944375 0.62944444375 0.46506944375000003 0.619027778125 0.4786111109375 0.6054861109375 0.48486111093749995 0.5888194437500001 0.48486111093749995 0.5742361109375 0.47444444375000006 0.5554861109375 0.464027778125 0.547152778125 0.457777778125 0.5263194437500001 0.448402778125 0.51694444375 0.4254861109375 0.5086111109375 0.414027778125 0.509652778125 0.392152778125 0.51694444375 0.382777778125 0.5263194437500001 0.376527778125 0.547152778125 0.35569444375 0.57006944375 0.35569444375 0.59506944375 0.36194444375 0.60756944375 0.385902778125 0.625277778125 0.41506944375000004 0.6315277781249999
3 0.254652778125 0.56694444375 0.279652778125 0.562777778125 0.317152778125 0.53569444375 0.32444444375 0.5242361109375 0.31194444374999997 0.509652778125 0.28694444375 0.3992361109375 0.27756944375 0.3898611109375 0.2692361109375 0.38777777812499997 0.2348611109375 0.38881944375 0.0692361109375 0.39194444375000004 0.048402778125000004 0.3961111109375 0.039027778125 0.41381944375 0.01194444375 0.509652778125 0.001527778125 0.5242361109375 0.0129861109375 0.5336111109375 0.085902778125 0.562777778125 0.254652778125 0.56694444375
3 0.332777778125 0.58256944375 0.31923611093750004 0.5773611109375001 0.020277778125 0.5742361109375 0.00569444375 0.5804861109375 0.00569444375 0.5888194437500001 0.0129861109375 0.59819444375 0.06506944375 0.62944444375 0.085902778125 0.6356944437500001 0.279652778125 0.6398611109375001 0.332777778125 0.597152778125 0.332777778125 0.58256944375
3 1 0.0868499234375 0.85256944375 0.0336111109375 0.8348611109374999 0.034652778125 0.7411111109374999 0.10131944374999999 0.720277778125 0.1929861109375 0.707777778125 0.2054861109375 0.7129861109375 0.2148611109375 0.8609027781249999 0.23152777812499997 0.9067361109375 0.23152777812499997 1 0.21753819375 1 0.0868499234375
3 0.5067361109374999 0.21277777812499998 0.5150694437500001 0.20652777812499998 0.529652778125 0.21277777812499998 0.623402778125 0.21277777812499998 0.6317361109374999 0.2086111109375 0.64944444375 0.18256944375 0.682777778125 0.11590277812500001 0.6848611109375 0.097152778125 0.66819444375 0.08465277812500001 0.63381944375 0.04194444375 0.495277778125 0.0367361109375 0.48694444375 0.0429861109375 0.476527778125 0.08881944375 0.470277778125 0.0929861109375 0.46611111093749996 0.1054861109375 0.464027778125 0.20131944375000002 0.4754861109375 0.21069444375000002 0.4942361109375 0.21277777812499998 0.5067361109374999 0.21277777812499998
3 0.55569444375 0.17631944375 0.557777778125 0.16381944375 0.54006944375 0.144027778125 0.404652778125 0.02944444375 0.38694444375 0.026319443749999998 0.376527778125 0.03881944375 0.35361111093750003 0.122152778125 0.3754861109375 0.1461111109375 0.4567361109375 0.21694444375000002 0.473402778125 0.22944444375 0.48381944375 0.23152777812499997 0.5442361109375 0.18777777812500002 0.55569444375 0.17631944375
3 0.30825826093750003 0.17523517500000002 0.28692852343749997 0.1432256078125 0.2584889640625 0.11121604062499998 0.2371589546875 0.1076594828125 0.2016093015625 0.105881203125 0.1802795640625 0.11477273437499999 0.1607274171875 0.127220825 0.1447299109375 0.1432256078125 0.117333375 0.2062222203125 0.1162903515625 0.21080130156250002 0.13050999531250002 0.24103245312500002 0.21227430625000002 0.26059386406249996 0.3153683546875 0.2517023328125 0.338475546875 0.2161361390625 0.32070085625 0.20013135625 0.30825826093750003 0.17523517500000002
3 0.13406517812500002 0.24458894375 0.16428232812500002 0.22680594843750002 0.1589498265625 0.18234829218749998 0.1376200890625 0.1218859859375 0.0951111515625 0.079555553125 0.043413454687500005 0.040083790625 0.013196303125 0.03652723125 0.004308890625000001 0.0738716359375 0.0007539781249999999 0.1076594828125 0.030971129687499998 0.1734567609375 0.08074069843750001 0.232140921875 0.13406517812500002 0.24458894375