3 0.1748046875 0.248046875 0.1943359375 0.248046875 0.2724609375 0.23046875 0.2841796875 0.220703125 0.3125 0.2080078125 0.3203125 0.1923828125 0.31640625 0.1728515625 0.302734375 0.1494140625 0.2490234375 0.1015625 0.2119140625 0.087890625 0.1357421875 0.09375 0.1123046875 0.10546875 0.0712890625 0.10546875 0.0380859375 0.12109375 0.01953125 0.1455078125 0.015625 0.1572265625 0.015625 0.1884765625 0.021484375 0.2353515625 0.0234375 0.2431640625 0.0322265625 0.25 0.0498046875 0.25 0.0595703125 0.2578125 0.107421875 0.2607421875 0.1240234375 0.25 0.1416015625 0.24609375 0.1669921875 0.244140625 0.1748046875 0.248046875
3 0.2783203125 0.546875 0.326171875 0.5263671875 0.3232421875 0.517578125 0.23046875 0.4619140625 0.2314453125 0.45703125 0.2861328125 0.44140625 0.3125 0.4287109375 0.2958984375 0.421875 0.2802734375 0.42578125 0.2685546875 0.421875 0.248046875 0.3857421875 0.2373046875 0.376953125 0.1494140625 0.38671875 0.0517578125 0.4140625 0.0322265625 0.421875 0.025390625 0.4287109375 0.021484375 0.4736328125 0.013671875 0.4853515625 0.013671875 0.4951171875 0.017578125 0.4990234375 0.015625 0.5146484375 0.0390625 0.5458984375 0.046875 0.5693359375 0.0654296875 0.591796875 0.0966796875 0.61328125 0.1181640625 0.623046875 0.15234375 0.6240234375 0.1748046875 0.62109375 0.2353515625 0.59765625 0.265625 0.5751953125 0.2783203125 0.546875
3 0.294921875 0.8564453125 0.318359375 0.8369140625 0.322265625 0.8271484375 0.3203125 0.8056640625 0.3056640625 0.787109375 0.2744140625 0.765625 0.2353515625 0.751953125 0.2021484375 0.748046875 0.1337890625 0.748046875 0.0693359375 0.763671875 0.0517578125 0.7734375 0.0234375 0.7978515625 0.013671875 0.8212890625 0.015625 0.8349609375 0.0244140625 0.84765625 0.04296875 0.8603515625 0.052734375 0.8857421875 0.0673828125 0.904296875 0.1005859375 0.92578125 0.1240234375 0.93359375 0.1455078125 0.9375 0.181640625 0.9365234375 0.2412109375 0.921875 0.275390625 0.8974609375 0.2890625 0.8759765625 0.294921875 0.8564453125
3 0.6484375 0.1591796875 0.6279296875 0.109375 0.6123046875 0.103515625 0.4462890625 0.099609375 0.3779296875 0.099609375 0.361328125 0.1083984375 0.345703125 0.1767578125 0.361328125 0.1884765625 0.36328125 0.2138671875 0.3740234375 0.224609375 0.3876953125 0.23046875 0.4169921875 0.23046875 0.4365234375 0.21875 0.4619140625 0.21875 0.4833984375 0.232421875 0.607421875 0.2333984375 0.62890625 0.2216796875 0.6337890625 0.197265625 0.654296875 0.1923828125 0.6484375 0.1591796875
3 0.626953125 0.3759765625 0.6142578125 0.365234375 0.5537109375 0.359375 0.3720703125 0.34765625 0.3583984375 0.3515625 0.3515625 0.3603515625 0.349609375 0.4267578125 0.361328125 0.4853515625 0.3759765625 0.49609375 0.470703125 0.4951171875 0.5966796875 0.490234375 0.6240234375 0.484375 0.630859375 0.4521484375 0.626953125 0.3759765625
3 0.6015625 0.6220703125 0.607421875 0.6083984375 0.61328125 0.5595703125 0.61328125 0.5302734375 0.609375 0.5224609375 0.5908203125 0.5078125 0.5498046875 0.501953125 0.4169921875 0.498046875 0.3818359375 0.5078125 0.36328125 0.5263671875 0.35546875 0.5849609375 0.35546875 0.6494140625 0.3642578125 0.658203125 0.375 0.6591796875 0.5400390625 0.646484375 0.5693359375 0.642578125 0.5888671875 0.634765625 0.6015625 0.6220703125
3 0.6162109375 0.865234375 0.634765625 0.8408203125 0.654296875 0.8251953125 0.654296875 0.8193359375 0.6357421875 0.79296875 0.5224609375 0.76171875 0.4970703125 0.755859375 0.4755859375 0.755859375 0.3720703125 0.80078125 0.3603515625 0.818359375 0.34375 0.8271484375 0.345703125 0.8330078125 0.3603515625 0.841796875 0.3896484375 0.873046875 0.4482421875 0.888671875 0.5029296875 0.91015625 0.525390625 0.9130859375 0.5341796875 0.912109375 0.5634765625 0.896484375 0.5888671875 0.869140625 0.6162109375 0.865234375
3 0.9453125 0.2451171875 0.951171875 0.2255859375 0.953125 0.1923828125 0.9736328125 0.1875 0.982421875 0.1767578125 0.98046875 0.1650390625 0.9580078125 0.14453125 0.9130859375 0.1328125 0.8818359375 0.1328125 0.7041015625 0.154296875 0.685546875 0.1787109375 0.6943359375 0.19140625 0.716796875 0.2021484375 0.71875 0.2255859375 0.728515625 0.2568359375 0.7373046875 0.265625 0.7607421875 0.275390625 0.814453125 0.2763671875 0.8818359375 0.26953125 0.9189453125 0.26171875 0.9365234375 0.25390625 0.9453125 0.2451171875
3 0.98828125 0.0947265625 0.9697265625 0.091796875 0.9599609375 0.083984375 0.8974609375 0.08203125 0.7509765625 0.099609375 0.7041015625 0.1171875 0.69140625 0.1279296875 0.68359375 0.1416015625 0.6865234375 0.150390625 0.716796875 0.1494140625 0.8271484375 0.140625 0.9189453125 0.126953125 0.9716796875 0.109375 0.98828125 0.0947265625
3 0.94921875 0.5595703125 0.958984375 0.5380859375 0.982421875 0.5166015625 0.9921875 0.5009765625 0.99609375 0.4638671875 0.990234375 0.4462890625 0.9765625 0.4267578125 0.9462890625 0.40234375 0.9072265625 0.38671875 0.8798828125 0.380859375 0.8154296875 0.37890625 0.7880859375 0.3828125 0.7470703125 0.39453125 0.7275390625 0.404296875 0.7119140625 0.4140625 0.681640625 0.4501953125 0.67578125 0.4677734375 0.67578125 0.4912109375 0.68359375 0.5107421875 0.6953125 0.5263671875 0.71484375 0.5419921875 0.728515625 0.5654296875 0.7490234375 0.583984375 0.7724609375 0.59765625 0.7958984375 0.60546875 0.84375 0.6083984375 0.8662109375 0.607421875 0.8935546875 0.599609375 0.9228515625 0.583984375 0.94921875 0.5595703125
3 0.962890625 0.8486328125 0.962890625 0.8388671875 0.9609375 0.8310546875 0.9443359375 0.8125 0.9150390625 0.791015625 0.8916015625 0.78125 0.8388671875 0.78125 0.8212890625 0.79296875 0.8115234375 0.79296875 0.8056640625 0.787109375 0.7880859375 0.78125 0.7509765625 0.8046875 0.705078125 0.8466796875 0.7236328125 0.857421875 0.7490234375 0.859375 0.755859375 0.8740234375 0.7646484375 0.880859375 0.7861328125 0.87890625 0.8193359375 0.86328125 0.82421875 0.8759765625 0.8388671875 0.884765625 0.8974609375 0.884765625 0.9013671875 0.880859375 0.912109375 0.8837890625 0.9306640625 0.87890625 0.9443359375 0.861328125 0.9560546875 0.857421875 0.962890625 0.8486328125