3 0.3046875 0.1865234375 0.3203125 0.1708984375 0.3203125 0.1474609375 0.310546875 0.1259765625 0.2431640625 0.064453125 0.2353515625 0.060546875 0.2119140625 0.060546875 0.1552734375 0.07421875 0.0322265625 0.109375 0.013671875 0.1259765625 0.009765625 0.1494140625 0.02734375 0.1806640625 0.033203125 0.2158203125 0.080078125 0.2841796875 0.0947265625 0.296875 0.107421875 0.2958984375 0.2392578125 0.255859375 0.2880859375 0.23828125 0.30078125 0.2294921875 0.3046875 0.1865234375
3 0.5078125 0.1044921875 0.4951171875 0.064453125 0.4677734375 0.05859375 0.3916015625 0.056640625 0.337890625 0.1064453125 0.337890625 0.1201171875 0.349609375 0.1279296875 0.3671875 0.1806640625 0.3720703125 0.185546875 0.4033203125 0.189453125 0.48046875 0.1884765625 0.490234375 0.1787109375 0.5 0.1337890625 0.509765625 0.1240234375 0.5078125 0.1044921875
3 0.65625 0.1337890625 0.6435546875 0.12109375 0.5849609375 0.076171875 0.5 0.0751953125 0.51171875 0.1201171875 0.501953125 0.1376953125 0.5078125 0.1474609375 0.51171875 0.1767578125 0.5166015625 0.185546875 0.5244140625 0.189453125 0.623046875 0.1884765625 0.630859375 0.1826171875 0.642578125 0.1552734375 0.65625 0.1474609375 0.65625 0.1337890625
3 0.982421875 0.1728515625 0.94921875 0.1416015625 0.9453125 0.1279296875 0.9384765625 0.12109375 0.9013671875 0.095703125 0.8798828125 0.09375 0.7158203125 0.125 0.705078125 0.1357421875 0.703125 0.1455078125 0.6923828125 0.1484375 0.6796875 0.1650390625 0.68359375 0.1748046875 0.703125 0.1962890625 0.70703125 0.2294921875 0.7412109375 0.265625 0.779296875 0.2685546875 0.9345703125 0.234375 0.94921875 0.2177734375 0.953125 0.1845703125 0.982421875 0.1728515625
3 0.296875 0.5439453125 0.30859375 0.5224609375 0.30859375 0.4814453125 0.29296875 0.4580078125 0.294921875 0.4462890625 0.2724609375 0.42578125 0.2548828125 0.416015625 0.1982421875 0.40234375 0.1201171875 0.404296875 0.0615234375 0.423828125 0.044921875 0.4384765625 0.041015625 0.4560546875 0.029296875 0.4677734375 0.021484375 0.4833984375 0.01953125 0.5205078125 0.02734375 0.5400390625 0.0576171875 0.56640625 0.0908203125 0.580078125 0.1279296875 0.587890625 0.17578125 0.5888671875 0.2080078125 0.5859375 0.2509765625 0.57421875 0.2685546875 0.56640625 0.296875 0.5439453125
3 0.4375 0.5439453125 0.455078125 0.5244140625 0.455078125 0.5068359375 0.447265625 0.4931640625 0.4287109375 0.48046875 0.3935546875 0.478515625 0.3720703125 0.486328125 0.349609375 0.5048828125 0.341796875 0.5205078125 0.33984375 0.5380859375 0.345703125 0.5537109375 0.3544921875 0.5625 0.3701171875 0.568359375 0.3818359375 0.568359375 0.3955078125 0.5625 0.3984375 0.5751953125 0.41015625 0.5791015625 0.4365234375 0.568359375 0.447265625 0.5595703125 0.447265625 0.5537109375 0.4375 0.5439453125
3 0.654296875 0.5302734375 0.654296875 0.5068359375 0.650390625 0.4970703125 0.634765625 0.4716796875 0.6044921875 0.451171875 0.5693359375 0.443359375 0.5361328125 0.4453125 0.5185546875 0.451171875 0.484375 0.4833984375 0.4765625 0.5009765625 0.4765625 0.5302734375 0.484375 0.5458984375 0.5107421875 0.568359375 0.5419921875 0.580078125 0.578125 0.5830078125 0.6162109375 0.576171875 0.640625 0.5595703125 0.650390625 0.5458984375 0.654296875 0.5302734375
3 0.779296875 0.5185546875 0.78125 0.4951171875 0.771484375 0.4716796875 0.7568359375 0.45703125 0.7392578125 0.44921875 0.7158203125 0.44921875 0.6962890625 0.458984375 0.685546875 0.4716796875 0.6796875 0.4853515625 0.6796875 0.5107421875 0.689453125 0.5322265625 0.7060546875 0.548828125 0.7275390625 0.556640625 0.732421875 0.5634765625 0.732421875 0.5751953125 0.7373046875 0.580078125 0.744140625 0.5791015625 0.7568359375 0.576171875 0.771484375 0.5654296875 0.763671875 0.5419921875 0.779296875 0.5185546875
3 0.978515625 0.5224609375 0.98046875 0.4833984375 0.97265625 0.4599609375 0.9482421875 0.4296875 0.9189453125 0.4140625 0.8896484375 0.41015625 0.8564453125 0.41796875 0.83203125 0.4345703125 0.810546875 0.4658203125 0.8046875 0.5009765625 0.80859375 0.5263671875 0.81640625 0.5439453125 0.8408203125 0.5703125 0.8662109375 0.583984375 0.896484375 0.5869140625 0.9248046875 0.58203125 0.9482421875 0.568359375 0.962890625 0.5537109375 0.978515625 0.5224609375
3 0.267578125 0.8134765625 0.2734375 0.7861328125 0.279296875 0.7783203125 0.2626953125 0.76953125 0.2158203125 0.763671875 0.1201171875 0.765625 0.0810546875 0.775390625 0.078125 0.7822265625 0.083984375 0.7880859375 0.087890625 0.8095703125 0.10546875 0.9443359375 0.1181640625 0.96484375 0.1435546875 0.978515625 0.1611328125 0.982421875 0.19921875 0.9814453125 0.2236328125 0.974609375 0.2353515625 0.966796875 0.251953125 0.9404296875 0.267578125 0.8134765625
3 0.2490234375 0.708984375 0.1865234375 0.701171875 0.1181640625 0.705078125 0.0888671875 0.712890625 0.076171875 0.7216796875 0.076171875 0.7373046875 0.0986328125 0.75 0.1611328125 0.759765625 0.20703125 0.7587890625 0.2607421875 0.75 0.27734375 0.7392578125 0.27734375 0.7236328125 0.2490234375 0.708984375
3 0.505859375 0.7900390625 0.515625 0.7587890625 0.513671875 0.7509765625 0.4970703125 0.734375 0.4599609375 0.72265625 0.4111328125 0.72265625 0.3935546875 0.7265625 0.3623046875 0.740234375 0.349609375 0.7568359375 0.349609375 0.7666015625 0.357421875 0.7783203125 0.36328125 0.7998046875 0.380859375 0.8974609375 0.4033203125 0.927734375 0.4248046875 0.935546875 0.451171875 0.9345703125 0.4736328125 0.92578125 0.48828125 0.9111328125 0.49609375 0.8955078125 0.505859375 0.7900390625
3 0.638671875 0.9130859375 0.6328125 0.9013671875 0.6103515625 0.880859375 0.5771484375 0.869140625 0.5439453125 0.869140625 0.5205078125 0.876953125 0.5048828125 0.888671875 0.49609375 0.9013671875 0.4921875 0.9189453125 0.49609375 0.9404296875 0.50390625 0.9521484375 0.5244140625 0.96875 0.5419921875 0.9765625 0.5576171875 0.98046875 0.58984375 0.9794921875 0.6123046875 0.97265625 0.634765625 0.9521484375 0.638671875 0.9443359375 0.638671875 0.9130859375
3 0.9814453125 0.837890625 0.9619140625 0.830078125 0.9013671875 0.8125 0.8720703125 0.814453125 0.875 0.7919921875 0.87109375 0.7802734375 0.8359375 0.7158203125 0.8193359375 0.703125 0.7939453125 0.703125 0.6826171875 0.728515625 0.673828125 0.7353515625 0.669921875 0.7451171875 0.671875 0.7626953125 0.71875 0.8447265625 0.7294921875 0.853515625 0.751953125 0.8603515625 0.74609375 0.8818359375 0.76953125 0.9013671875 0.78125 0.9443359375 0.8330078125 0.986328125 0.8408203125 0.990234375 0.861328125 0.9892578125 0.9609375 0.9150390625 0.97265625 0.8623046875 0.98828125 0.8447265625 0.9814453125 0.837890625