3 0.318359375 0.1630859375 0.318359375 0.1240234375 0.3046875 0.0927734375 0.2783203125 0.068359375 0.2509765625 0.056640625 0.2138671875 0.056640625 0.1845703125 0.068359375 0.15625 0.0966796875 0.14453125 0.1259765625 0.14453125 0.1611328125 0.15625 0.1884765625 0.1806640625 0.212890625 0.2138671875 0.2265625 0.24609375 0.2275390625 0.2626953125 0.224609375 0.2822265625 0.21484375 0.306640625 0.1904296875 0.318359375 0.1630859375
3 0.1484375 0.1025390625 0.138671875 0.0830078125 0.1240234375 0.068359375 0.1005859375 0.056640625 0.0771484375 0.0546875 0.0517578125 0.0625 0.029296875 0.0810546875 0.015625 0.1083984375 0.015625 0.1396484375 0.0234375 0.1591796875 0.0439453125 0.181640625 0.0732421875 0.193359375 0.09375 0.1923828125 0.1181640625 0.18359375 0.140625 0.1611328125 0.140625 0.1396484375 0.1484375 0.1025390625
3 0.615234375 0.1650390625 0.623046875 0.1435546875 0.630859375 0.1337890625 0.62890625 0.1298828125 0.6005859375 0.119140625 0.5302734375 0.111328125 0.4521484375 0.111328125 0.3837890625 0.12109375 0.376953125 0.1318359375 0.390625 0.1572265625 0.400390625 0.2255859375 0.4140625 0.2841796875 0.4326171875 0.30078125 0.4560546875 0.310546875 0.4912109375 0.31640625 0.515625 0.3154296875 0.5615234375 0.306640625 0.5791015625 0.296875 0.591796875 0.2822265625 0.615234375 0.1650390625
3 0.6328125 0.0634765625 0.6025390625 0.048828125 0.5283203125 0.0390625 0.4287109375 0.041015625 0.3876953125 0.048828125 0.3671875 0.0615234375 0.3671875 0.0791015625 0.3994140625 0.095703125 0.4560546875 0.10546875 0.52734375 0.1064453125 0.5810546875 0.1015625 0.6240234375 0.08984375 0.634765625 0.0771484375 0.6328125 0.0634765625
3 0.9375 0.2607421875 0.95703125 0.1767578125 0.96484375 0.1201171875 0.982421875 0.1005859375 0.98046875 0.0751953125 0.9580078125 0.0625 0.9267578125 0.0546875 0.8525390625 0.046875 0.7568359375 0.05078125 0.7158203125 0.05859375 0.6943359375 0.068359375 0.6875 0.0771484375 0.6875 0.0966796875 0.705078125 0.1162109375 0.724609375 0.2373046875 0.732421875 0.2607421875 0.7490234375 0.27734375 0.7841796875 0.29296875 0.8193359375 0.298828125 0.853515625 0.2978515625 0.8798828125 0.294921875 0.9033203125 0.287109375 0.9267578125 0.2734375 0.9375 0.2607421875
3 0.2099609375 0.53125 0.21875 0.5419921875 0.234375 0.4775390625 0.244140625 0.4658203125 0.25 0.4501953125 0.248046875 0.4150390625 0.2412109375 0.400390625 0.2373046875 0.3984375 0.2333984375 0.40625 0.2275390625 0.404296875 0.232421875 0.3974609375 0.2158203125 0.3828125 0.1650390625 0.36328125 0.1025390625 0.361328125 0.0654296875 0.37109375 0.0400390625 0.384765625 0.017578125 0.4091796875 0.01171875 0.4267578125 0.015625 0.4541015625 0.03515625 0.4814453125 0.064453125 0.5615234375 0.0810546875 0.578125 0.1025390625 0.58984375 0.1201171875 0.59375 0.15234375 0.5927734375 0.1728515625 0.587890625 0.201171875 0.5693359375 0.2109375 0.5556640625 0.2099609375 0.53125
3 0.322265625 0.5166015625 0.314453125 0.4794921875 0.294921875 0.4306640625 0.2744140625 0.404296875 0.2490234375 0.39453125 0.2314453125 0.3984375 0.21875 0.4111328125 0.2109375 0.4267578125 0.203125 0.4638671875 0.205078125 0.5205078125 0.21875 0.5732421875 0.234375 0.6044921875 0.2529296875 0.626953125 0.2666015625 0.634765625 0.279296875 0.6357421875 0.2998046875 0.62890625 0.314453125 0.6103515625 0.32421875 0.5654296875 0.322265625 0.5166015625
3 0.513671875 0.4521484375 0.5048828125 0.4453125 0.4482421875 0.4375 0.3623046875 0.443359375 0.3466796875 0.44921875 0.341796875 0.4599609375 0.3447265625 0.470703125 0.3642578125 0.478515625 0.4375 0.4833984375 0.4931640625 0.478515625 0.5126953125 0.470703125 0.517578125 0.4619140625 0.513671875 0.4521484375
3 0.515625 0.5458984375 0.5107421875 0.5390625 0.4775390625 0.53125 0.4033203125 0.529296875 0.3681640625 0.533203125 0.34765625 0.5419921875 0.34765625 0.5458984375 0.359375 0.5537109375 0.373046875 0.6162109375 0.3779296875 0.623046875 0.4052734375 0.634765625 0.4453125 0.6357421875 0.4658203125 0.6328125 0.48828125 0.6201171875 0.50390625 0.5556640625 0.515625 0.5458984375
3 0.658203125 0.4384765625 0.658203125 0.4150390625 0.65234375 0.4033203125 0.6298828125 0.38671875 0.6025390625 0.380859375 0.5791015625 0.3828125 0.5556640625 0.392578125 0.54296875 0.4052734375 0.537109375 0.4208984375 0.537109375 0.4345703125 0.546875 0.4521484375 0.556640625 0.4599609375 0.5625 0.4794921875 0.5712890625 0.48828125 0.5927734375 0.49609375 0.603515625 0.4951171875 0.6240234375 0.48828125 0.6328125 0.4794921875 0.638671875 0.4599609375 0.658203125 0.4384765625
3 0.98046875 0.4951171875 0.990234375 0.4814453125 0.9794921875 0.47265625 0.9111328125 0.4453125 0.7529296875 0.44140625 0.7294921875 0.4453125 0.6943359375 0.470703125 0.6875 0.4814453125 0.69921875 0.4951171875 0.72265625 0.5986328125 0.7314453125 0.607421875 0.7392578125 0.609375 0.771484375 0.6083984375 0.9267578125 0.60546875 0.9462890625 0.6015625 0.955078125 0.5849609375 0.98046875 0.4951171875
3 0.9306640625 0.3828125 0.9111328125 0.376953125 0.7294921875 0.373046875 0.6796875 0.4130859375 0.6796875 0.4267578125 0.6923828125 0.431640625 0.97265625 0.4345703125 0.986328125 0.4287109375 0.986328125 0.4208984375 0.9794921875 0.412109375 0.9306640625 0.3828125
3 0.3232421875 0.771484375 0.1845703125 0.755859375 0.1416015625 0.755859375 0.0244140625 0.7734375 0.017578125 0.7783203125 0.017578125 0.7861328125 0.02734375 0.7939453125 0.03125 0.8056640625 0.0517578125 0.890625 0.1923828125 0.94140625 0.208984375 0.9404296875 0.296875 0.8779296875 0.31640625 0.7919921875 0.328125 0.7802734375 0.3232421875 0.771484375
3 0.5546875 0.8740234375 0.556640625 0.7841796875 0.5458984375 0.775390625 0.5283203125 0.7734375 0.5166015625 0.7734375 0.5087890625 0.779296875 0.4951171875 0.7734375 0.4072265625 0.7734375 0.3994140625 0.77734375 0.3828125 0.8017578125 0.3515625 0.8642578125 0.349609375 0.8818359375 0.365234375 0.8935546875 0.3974609375 0.93359375 0.52734375 0.9384765625 0.53515625 0.9326171875 0.544921875 0.8896484375 0.55078125 0.8857421875 0.5546875 0.8740234375
3 0.5634765625 0.76953125 0.5478515625 0.7578125 0.5380859375 0.755859375 0.4814453125 0.796875 0.470703125 0.8076171875 0.46875 0.8193359375 0.4853515625 0.837890625 0.6123046875 0.9453125 0.62890625 0.9482421875 0.638671875 0.9365234375 0.66015625 0.8583984375 0.6396484375 0.8359375 0.5634765625 0.76953125
3 0.7926595046875 0.7286099203124999 0.6960088343749999 0.7369457296874999 0.6743458421875 0.7702890359375 0.6910096140624999 0.7852935203125 0.702674546875 0.8086336890625001 0.7226711765625 0.838642659375 0.7493332640625 0.8686516281250001 0.769330146875 0.8719859015625 0.802657946875 0.8736530390624999 0.8226545749999999 0.8653172281250001 0.8409847125000001 0.85364714375 0.855982375 0.838642659375 0.8816666281250001 0.7795833359375 0.8826444625000001 0.7752904468749999 0.8693135453125 0.7469487421875 0.7926595046875 0.7286099203124999
3 0.9876270828125 0.9036620078125001 0.9909598109375001 0.8719859015625 0.9626312328125 0.8103009531250001 0.9159722625000001 0.7552845515625 0.8659805625000001 0.74361453125 0.8376519828125 0.7602860890625001 0.8426512046875001 0.8019651421875 0.8626478328125 0.8586485546875 0.9024999609375 0.8983333359375001 0.950966553125 0.9353381140625 0.9792951328124999 0.9386723874999999 0.9876270828125 0.9036620078125001