3 0.1591796875 0.0703125 0.1162109375 0.060546875 0.0380859375 0.068359375 0.0185546875 0.091796875 0.00390625 0.0986328125 0.01953125 0.1103515625 0.0361328125 0.134765625 0.0615234375 0.150390625 0.080078125 0.1494140625 0.1494140625 0.12890625 0.185546875 0.0966796875 0.1708984375 0.08984375 0.1591796875 0.0703125
3 0.3056640625 0.240234375 0.3251953125 0.234375 0.328125 0.2275390625 0.2763671875 0.1640625 0.1416015625 0.1640625 0.1337890625 0.16796875 0.126953125 0.1826171875 0.11328125 0.1923828125 0.09375 0.2333984375 0.1044921875 0.2421875 0.1162109375 0.244140625 0.1298828125 0.26171875 0.1455078125 0.267578125 0.15625 0.2666015625 0.2314453125 0.265625 0.2412109375 0.26171875 0.2783203125 0.263671875 0.3056640625 0.240234375
3 0.619140625 0.1826171875 0.6123046875 0.171875 0.59765625 0.1630859375 0.59765625 0.1572265625 0.61328125 0.1357421875 0.609375 0.0322265625 0.60546875 0.0244140625 0.5947265625 0.017578125 0.5634765625 0.017578125 0.5556640625 0.009765625 0.5400390625 0.009765625 0.5322265625 0.017578125 0.5146484375 0.01953125 0.4755859375 0.017578125 0.4697265625 0.01171875 0.4521484375 0.01171875 0.4365234375 0.01953125 0.4111328125 0.01953125 0.3984375 0.0322265625 0.396484375 0.1376953125 0.400390625 0.1474609375 0.4140625 0.1611328125 0.3994140625 0.171875 0.390625 0.1845703125 0.390625 0.3056640625 0.3994140625 0.31640625 0.4130859375 0.322265625 0.5546875 0.3232421875 0.6083984375 0.318359375 0.619140625 0.3095703125 0.623046875 0.2998046875 0.619140625 0.1826171875
3 0.9765625 0.2119140625 0.98046875 0.2001953125 0.978515625 0.1748046875 0.9765625 0.1669921875 0.962890625 0.1513671875 0.962890625 0.1005859375 0.958984375 0.0849609375 0.9365234375 0.072265625 0.9130859375 0.06640625 0.8505859375 0.05859375 0.7529296875 0.064453125 0.7119140625 0.080078125 0.70703125 0.1396484375 0.6953125 0.1533203125 0.6875 0.1708984375 0.685546875 0.1982421875 0.69140625 0.2119140625 0.7177734375 0.234375 0.7568359375 0.25 0.8017578125 0.2578125 0.8671875 0.2568359375 0.8916015625 0.25390625 0.9384765625 0.240234375 0.9599609375 0.228515625 0.9765625 0.2119140625
3 0.294921875 0.5283203125 0.298828125 0.5009765625 0.296875 0.4638671875 0.28125 0.4169921875 0.267578125 0.3974609375 0.2490234375 0.380859375 0.2080078125 0.359375 0.1552734375 0.35546875 0.1142578125 0.369140625 0.0869140625 0.388671875 0.072265625 0.4052734375 0.044921875 0.4501953125 0.0390625 0.4716796875 0.037109375 0.5029296875 0.044921875 0.5361328125 0.05859375 0.5654296875 0.0888671875 0.59765625 0.1357421875 0.619140625 0.181640625 0.6220703125 0.2041015625 0.619140625 0.2392578125 0.603515625 0.2734375 0.5732421875 0.294921875 0.5283203125
3 0.4853515625 0.544921875 0.5009765625 0.544921875 0.513671875 0.5263671875 0.515625 0.5146484375 0.505859375 0.4833984375 0.505859375 0.4541015625 0.513671875 0.4287109375 0.5234375 0.4208984375 0.525390625 0.3876953125 0.52734375 0.3798828125 0.533203125 0.3759765625 0.5283203125 0.369140625 0.5068359375 0.365234375 0.4462890625 0.365234375 0.3779296875 0.37109375 0.365234375 0.3779296875 0.375 0.3857421875 0.37890625 0.3955078125 0.40234375 0.5185546875 0.41015625 0.5419921875 0.4248046875 0.55859375 0.455078125 0.5634765625 0.4736328125 0.560546875 0.482421875 0.5537109375 0.48046875 0.5498046875 0.4853515625 0.544921875
3 0.6171875 0.5791015625 0.6328125 0.5673828125 0.646484375 0.5419921875 0.6484375 0.5068359375 0.6328125 0.4658203125 0.6005859375 0.4296875 0.5654296875 0.4140625 0.5439453125 0.4140625 0.5166015625 0.427734375 0.4931640625 0.43359375 0.46484375 0.4580078125 0.453125 0.4833984375 0.453125 0.5224609375 0.466796875 0.5595703125 0.4951171875 0.59375 0.5263671875 0.61328125 0.5498046875 0.619140625 0.5625 0.6181640625 0.5732421875 0.6171875 0.5927734375 0.607421875 0.609375 0.5927734375 0.6171875 0.5791015625
3 0.9765625 0.5166015625 0.974609375 0.4755859375 0.96875 0.4580078125 0.9453125 0.4248046875 0.9267578125 0.408203125 0.8798828125 0.388671875 0.8486328125 0.384765625 0.8115234375 0.38671875 0.7607421875 0.40234375 0.724609375 0.4326171875 0.703125 0.4658203125 0.6953125 0.4970703125 0.6953125 0.5263671875 0.69921875 0.5380859375 0.7216796875 0.56640625 0.7626953125 0.58984375 0.8193359375 0.6015625 0.869140625 0.6005859375 0.8974609375 0.595703125 0.9287109375 0.58203125 0.962890625 0.5517578125 0.9765625 0.5166015625
3 0.2421875 0.8154296875 0.24609375 0.8037109375 0.265625 0.7822265625 0.267578125 0.7490234375 0.25 0.7216796875 0.2294921875 0.705078125 0.1904296875 0.693359375 0.1455078125 0.693359375 0.1083984375 0.703125 0.083984375 0.7197265625 0.06640625 0.7451171875 0.0625 0.7802734375 0.08984375 0.8134765625 0.103515625 0.9150390625 0.115234375 0.9580078125 0.1318359375 0.97265625 0.1650390625 0.982421875 0.173828125 0.9814453125 0.2060546875 0.970703125 0.220703125 0.9521484375 0.23828125 0.8623046875 0.2421875 0.8154296875
3 0.6640625 0.9208984375 0.66796875 0.8583984375 0.6640625 0.8232421875 0.666015625 0.7373046875 0.6552734375 0.72265625 0.6279296875 0.703125 0.5751953125 0.68359375 0.5087890625 0.6796875 0.4658203125 0.6875 0.4052734375 0.716796875 0.369140625 0.7529296875 0.353515625 0.7802734375 0.34765625 0.7998046875 0.34765625 0.8642578125 0.369140625 0.9052734375 0.4130859375 0.943359375 0.4462890625 0.958984375 0.4833984375 0.96875 0.546875 0.9697265625 0.5673828125 0.96875 0.6083984375 0.95703125 0.6357421875 0.943359375 0.6640625 0.9208984375
3 0.998046875 0.8955078125 1 0.7841796875 0.984375 0.7568359375 0.9599609375 0.732421875 0.9306640625 0.712890625 0.9033203125 0.701171875 0.8486328125 0.693359375 0.7802734375 0.703125 0.7275390625 0.73046875 0.6953125 0.7646484375 0.673828125 0.8173828125 0.673828125 0.8681640625 0.6796875 0.8857421875 0.697265625 0.9130859375 0.7177734375 0.93359375 0.7470703125 0.953125 0.8037109375 0.970703125 0.8671875 0.9716796875 0.9072265625 0.96484375 0.9482421875 0.9453125 0.9716796875 0.927734375 0.998046875 0.8955078125