3 0.8352335171874999 0.9252747250000001 0.8506868125 0.909821428125 0.85686813125 0.8953983515624999 0.85686813125 0.8665521984375 0.8651098906250001 0.8480082421875 0.8548076921875 0.8315247250000001 0.8506868125 0.8047390109375 0.8393543953125 0.8078296703125 0.8208104390625 0.7892857140625 0.7919642859375 0.7769230765625 0.7373626375 0.7758928578125001 0.7177884609375 0.78104395625 0.691002746875 0.797527471875 0.671428571875 0.821222528125 0.6631868125 0.8480082421875 0.6631868125 0.8665521984375 0.67554945 0.89951923125 0.7116071421875 0.9335164828125 0.7486950546875 0.9458791203124999 0.7960851640625 0.94381868125 0.8352335171874999 0.9252747250000001
3 0.9320741765625 0.9252747250000001 0.9619505500000001 0.8912774718750001 0.9743131875 0.8603708796875 0.9763736265625 0.8418269234375 0.972252746875 0.8191620875 0.95061813125 0.791346153125 0.921771978125 0.7789835171874999 0.8918956046875 0.7800137359375 0.8640796703125 0.7892857140625 0.8414148359375 0.80576923125 0.8197802203125001 0.8315247250000001 0.8074175828125 0.8603708796875 0.8074175828125 0.8953983515624999 0.8177197796875 0.9180631874999999 0.8352335171874999 0.9355769234375 0.866140109375 0.9458791203124999 0.8949862640624999 0.94381868125 0.9320741765625 0.9252747250000001
3 0.6302197796875 0.90570055 0.6116758234375 0.880975275 0.591071428125 0.8232829671875 0.546771978125 0.78104395625 0.51174450625 0.7542582421875 0.49732142812499996 0.7480769234375 0.48804945 0.7491071421875 0.4272664828125 0.7769230765625 0.3644230765625 0.8171016484375 0.33969780156249996 0.88715659375 0.3273351640625 0.8974587906249999 0.33042582343750004 0.914972528125 0.4540521984375 0.9479395609375001 0.509684065625 0.94381868125 0.6147664828125 0.9232142859374999 0.628159340625 0.916002746875 0.6302197796875 0.90570055
3 0.259340659375 0.796497253125 0.22534340625 0.75631868125 0.2171016484375 0.7501373625000001 0.2078296703125 0.7511675828125 0.1707417578125 0.7861950546875 0.084203296875 0.8912774718750001 0.0759615390625 0.9139423078125001 0.0852335171875 0.9252747250000001 0.1202609890625 0.9417582421875 0.1635302203125 0.95618131875 0.177953296875 0.95618131875 0.27582417656249997 0.8480082421875 0.27994505468750003 0.8294642859374999 0.259340659375 0.796497253125
3 0 0.931238415625 0.048145604687499996 0.95618131875 0.0708104390625 0.95618131875 0.12232142812499999 0.94381868125 0.1388049453125 0.9458791203124999 0.1738324171875 0.9376373625 0.18104395625 0.92424450625 0.1728021984375 0.9077609890625 0.1604395609375 0.8603708796875 0.14395604374999998 0.8397664828125 0.140865384375 0.828434065625 0.134684065625 0.83049450625 0.11407967031249999 0.80576923125 0.096565934375 0.802678571875 0 0.8355309 0 0.931238415625
3 0.9825549453125 0.547184065625 0.9743131875 0.47506868124999996 0.9681318687499999 0.46476648281250005 0.9588598906250001 0.459615384375 0.9207417578125 0.46064560468750004 0.8352335171874999 0.46785714218749996 0.8197802203125001 0.4771291203125 0.8177197796875 0.5327609890625 0.8218406593750001 0.5863324171875 0.8239010984374999 0.6048763734375 0.8331730765625001 0.6203296703125 0.9444368125 0.6203296703125 0.9732829671875001 0.616208790625 0.98049450625 0.608997253125 0.9825549453125 0.547184065625
3 0.8290521984374999 0.4987637359375 0.8424450546875001 0.48125 0.8311126375000001 0.4802197796875 0.828021978125 0.46270604375 0.7919642859375 0.43076923125000005 0.7528159343749999 0.40192307656250004 0.7373626375 0.40089285781250006 0.7188186812499999 0.4173763734375 0.671428571875 0.4771291203125 0.665247253125 0.48743131875 0.665247253125 0.49979395625 0.7054258234375 0.5379120875 0.7486950546875 0.5708791203125 0.7631181312499999 0.5729395609375 0.815659340625 0.516277471875 0.8177197796875 0.49567307656250004 0.8290521984374999 0.4987637359375
3 0.6322802203125 0.52451923125 0.6322802203125 0.5183379125 0.61270604375 0.5049450546875 0.5941620875 0.48228022031249995 0.5241071421875 0.44313186875 0.48701923125 0.4245879125 0.446840659375 0.42355769218750006 0.41284340625000004 0.428708790625 0.3613324171875 0.459615384375 0.3386675828125 0.490521978125 0.314972528125 0.5039148359375 0.314972528125 0.5142170328125 0.3386675828125 0.52554945 0.49320054999999996 0.550274725 0.5364697796875 0.5482142859375 0.6106456046875001 0.533791209375 0.6322802203125 0.52451923125
3 0 0.61268458125 0.023420329687499998 0.6141483515624999 0.24594780156249998 0.6141483515624999 0.26243131875 0.6079670328125 0.27582417656249997 0.5945741765625 0.28200549375 0.5636675828125 0.2861263734375 0.44416208749999997 0.28200549375 0.43179945000000003 0.2706730765625 0.41840659375 0.2480082421875 0.41016483593749997 0.028571428125 0.4070741765625 0 0.40777103906249995 0 0.61268458125
3 0.9866758234375 0.203090659375 0.9866758234375 0.18660714218750002 0.9228021984374999 0.1165521984375 0.8393543953125 0.0392857140625 0.7981456046875001 0.0063186812499999995 0.766208790625 0.0052884609375 0.7414835171874999 0.025892857812499996 0.671428571875 0.11243131875000001 0.6673076921875001 0.1227335171875 0.671428571875 0.147458790625 0.7198489015625 0.1896978015625 0.8558379125 0.2885989015625 0.866140109375 0.29271977968749996 0.8888049453125 0.290659340625 0.98049450625 0.21545329687499998 0.9866758234375 0.203090659375
3 0.6219780218750001 0.190728021875 0.609615384375 0.130975275 0.597252746875 0.10418956093750001 0.5797390109375 0.07637362656249999 0.55604395625 0.07534340625 0.353090659375 0.10315934062500001 0.34381868125000004 0.1165521984375 0.3232142859375 0.196909340625 0.3108516484375 0.203090659375 0.3108516484375 0.2133928578125 0.32424450625 0.2226648359375 0.402541209375 0.247390109375 0.6333104390625001 0.22884615312499998 0.6384615390625 0.21545329687499998 0.6219780218750001 0.190728021875
3 0 0.2618131875 0.039903846874999996 0.2618131875 0.0646291203125 0.25563186875 0.0759615390625 0.2484203296875 0.078021978125 0.23811813124999998 0.0615384609375 0.2236950546875 0.0574175828125 0.203090659375 0.05020604375 0.19381868124999999 0.02548076875 0.1835164828125 0 0.1845357140625 0 0.2618131875
3 0.08479395625 0 0.0728708796875 0.0042582421875 0.0635989015625 0.017651098437500002 0.0491758234375 0.06504120937499999 0.030631868750000003 0.0835851640625 0.0584478015625 0.09285714218749999 0.12438186874999999 0.096978021875 0.2356456046875 0.0949175828125 0.2665521984375 0.090796703125 0.28200549375 0.0835851640625 0.2634615390625 0.0691620875 0.2449175828125 0.013530220312499999 0.2356456046875 0.0042582421875 0.222161171875 0 0.08479395625 0
3 0.29230769218749997 0.147458790625 0.285096153125 0.1423076921875 0.24594780156249998 0.134065934375 0.18825549375 0.1299450546875 0.1109890109375 0.130975275 0.033722528125 0.1381868125 0.023420329687499998 0.1423076921875 0.01826923125 0.14951923125 0.02548076875 0.158791209375 0.048145604687499996 0.16497252812500002 0.116140109375 0.1732142859375 0.23770604374999998 0.171153846875 0.2706730765625 0.16497252812500002 0.29230769218749997 0.153640109375 0.29230769218749997 0.147458790625