3 0.3125 0.2236328125 0.32421875 0.1962890625 0.326171875 0.1748046875 0.31640625 0.1357421875 0.2998046875 0.115234375 0.2666015625 0.09765625 0.2236328125 0.0859375 0.1494140625 0.08203125 0.1025390625 0.08984375 0.0673828125 0.1015625 0.0419921875 0.115234375 0.029296875 0.1279296875 0.015625 0.1591796875 0.015625 0.2001953125 0.0234375 0.2197265625 0.0419921875 0.240234375 0.0712890625 0.25390625 0.1103515625 0.265625 0.1455078125 0.26953125 0.197265625 0.2685546875 0.2275390625 0.265625 0.2763671875 0.25 0.3037109375 0.234375 0.3125 0.2236328125
3 0.5927734375 0.21875 0.64453125 0.1767578125 0.6484375 0.1591796875 0.640625 0.1396484375 0.6181640625 0.1171875 0.6044921875 0.109375 0.5380859375 0.103515625 0.4775390625 0.111328125 0.4150390625 0.1328125 0.3818359375 0.150390625 0.3671875 0.1630859375 0.353515625 0.1865234375 0.3515625 0.2021484375 0.35546875 0.2138671875 0.3740234375 0.234375 0.3994140625 0.25390625 0.4189453125 0.259765625 0.439453125 0.2587890625 0.4677734375 0.2578125 0.5205078125 0.248046875 0.5615234375 0.234375 0.5927734375 0.21875
3 0.986328125 0.1650390625 0.9267578125 0.115234375 0.8779296875 0.083984375 0.8525390625 0.083984375 0.8408203125 0.087890625 0.7099609375 0.142578125 0.6796875 0.1611328125 0.67578125 0.1708984375 0.6796875 0.1826171875 0.7294921875 0.234375 0.7861328125 0.27734375 0.8046875 0.2783203125 0.8623046875 0.25390625 0.9462890625 0.2109375 0.98828125 0.1787109375 0.986328125 0.1650390625
3 0.314453125 0.4541015625 0.3125 0.4365234375 0.3046875 0.4208984375 0.2822265625 0.408203125 0.2509765625 0.40625 0.1123046875 0.40625 0.0771484375 0.408203125 0.0634765625 0.4140625 0.05078125 0.4306640625 0.046875 0.4501953125 0.046875 0.5849609375 0.048828125 0.6064453125 0.0546875 0.6201171875 0.0712890625 0.6328125 0.0966796875 0.63671875 0.24609375 0.6357421875 0.2939453125 0.630859375 0.306640625 0.6220703125 0.314453125 0.6064453125 0.314453125 0.4541015625
3 0.650390625 0.4931640625 0.650390625 0.4755859375 0.5810546875 0.41796875 0.5380859375 0.392578125 0.5107421875 0.39453125 0.4267578125 0.427734375 0.3447265625 0.466796875 0.337890625 0.4873046875 0.361328125 0.5166015625 0.4228515625 0.57421875 0.4462890625 0.587890625 0.458984375 0.5888671875 0.4736328125 0.5859375 0.5302734375 0.560546875 0.6220703125 0.513671875 0.650390625 0.4931640625
3 0.990234375 0.4912109375 0.986328125 0.4755859375 0.9091796875 0.4140625 0.8740234375 0.392578125 0.8388671875 0.396484375 0.6826171875 0.466796875 0.671875 0.4794921875 0.671875 0.4951171875 0.67578125 0.5009765625 0.7626953125 0.58203125 0.7783203125 0.591796875 0.794921875 0.5947265625 0.8173828125 0.58984375 0.8798828125 0.560546875 0.9775390625 0.505859375 0.990234375 0.4912109375
3 0.259765625 0.8583984375 0.251953125 0.8447265625 0.251953125 0.8349609375 0.259765625 0.8232421875 0.26171875 0.8076171875 0.26171875 0.7275390625 0.2568359375 0.71875 0.2353515625 0.716796875 0.23046875 0.7080078125 0.2216796875 0.703125 0.1552734375 0.703125 0.1474609375 0.71484375 0.1259765625 0.71484375 0.119140625 0.7216796875 0.119140625 0.8212890625 0.126953125 0.8330078125 0.126953125 0.8447265625 0.119140625 0.8564453125 0.1171875 0.9541015625 0.1240234375 0.962890625 0.1455078125 0.96484375 0.1513671875 0.9765625 0.2265625 0.9755859375 0.2353515625 0.962890625 0.2529296875 0.962890625 0.259765625 0.9560546875 0.259765625 0.8583984375
3 0.515625 0.7919921875 0.5068359375 0.78515625 0.4482421875 0.77734375 0.3642578125 0.783203125 0.3525390625 0.787109375 0.34375 0.8017578125 0.3447265625 0.80859375 0.3681640625 0.818359375 0.43359375 0.8232421875 0.4931640625 0.818359375 0.5146484375 0.810546875 0.51953125 0.8037109375 0.515625 0.7919921875
3 0.517578125 0.8857421875 0.5126953125 0.87890625 0.4677734375 0.869140625 0.3955078125 0.869140625 0.3603515625 0.875 0.349609375 0.8818359375 0.349609375 0.8857421875 0.361328125 0.8935546875 0.375 0.9541015625 0.3837890625 0.96484375 0.4111328125 0.974609375 0.455078125 0.9736328125 0.4755859375 0.96875 0.490234375 0.9580078125 0.50390625 0.8974609375 0.517578125 0.8857421875
3 0.66015625 0.7744140625 0.658203125 0.7529296875 0.6435546875 0.734375 0.6162109375 0.72265625 0.5810546875 0.72265625 0.5693359375 0.7265625 0.5517578125 0.736328125 0.54296875 0.7470703125 0.5390625 0.7587890625 0.541015625 0.7822265625 0.556640625 0.7978515625 0.5625 0.8173828125 0.5732421875 0.828125 0.5849609375 0.833984375 0.61328125 0.8330078125 0.634765625 0.8173828125 0.638671875 0.8017578125 0.65625 0.7841796875 0.66015625 0.7744140625
3 0.98046875 0.8388671875 0.984375 0.8310546875 0.98046875 0.8076171875 0.9677734375 0.79296875 0.9423828125 0.77734375 0.9208984375 0.771484375 0.8740234375 0.771484375 0.8193359375 0.779296875 0.7568359375 0.796875 0.7099609375 0.818359375 0.68359375 0.8388671875 0.67578125 0.8564453125 0.677734375 0.8720703125 0.685546875 0.8857421875 0.7177734375 0.916015625 0.7392578125 0.92578125 0.791015625 0.9248046875 0.8603515625 0.912109375 0.9052734375 0.89453125 0.9365234375 0.876953125 0.98046875 0.8388671875