3 0.8037109375 0.9296875 0.8505859375 0.9140625 0.9404296875 0.87109375 0.982421875 0.8388671875 0.984375 0.8251953125 0.8955078125 0.751953125 0.8759765625 0.744140625 0.849609375 0.7451171875 0.8193359375 0.755859375 0.7900390625 0.7734375 0.7705078125 0.79296875 0.7275390625 0.810546875 0.68359375 0.8486328125 0.67578125 0.8623046875 0.677734375 0.8701171875 0.6923828125 0.8828125 0.7763671875 0.9296875 0.8037109375 0.9296875
3 0.642578125 0.8837890625 0.6484375 0.8701171875 0.65625 0.8642578125 0.65625 0.8583984375 0.6484375 0.8486328125 0.640625 0.7958984375 0.634765625 0.7080078125 0.6220703125 0.69921875 0.5859375 0.7001953125 0.5712890625 0.705078125 0.568359375 0.7099609375 0.564453125 0.8310546875 0.5546875 0.8662109375 0.560546875 0.8701171875 0.5703125 0.8896484375 0.5810546875 0.8984375 0.6123046875 0.90625 0.6279296875 0.8984375 0.642578125 0.8837890625
3 0.54296875 0.8505859375 0.55078125 0.8427734375 0.55078125 0.8349609375 0.541015625 0.8291015625 0.5390625 0.8212890625 0.537109375 0.7919921875 0.53125 0.7783203125 0.533203125 0.7548828125 0.52734375 0.7060546875 0.5146484375 0.697265625 0.482421875 0.6982421875 0.46875 0.7060546875 0.45703125 0.8291015625 0.447265625 0.8369140625 0.447265625 0.8447265625 0.4697265625 0.875 0.4833984375 0.8828125 0.5068359375 0.884765625 0.5244140625 0.876953125 0.5390625 0.8623046875 0.54296875 0.8505859375
3 0.443359375 0.8037109375 0.43359375 0.7939453125 0.423828125 0.7041015625 0.4052734375 0.6953125 0.375 0.6962890625 0.3642578125 0.69921875 0.361328125 0.7041015625 0.349609375 0.7919921875 0.33984375 0.7998046875 0.33984375 0.8115234375 0.3720703125 0.845703125 0.4013671875 0.849609375 0.427734375 0.8330078125 0.44140625 0.8134765625 0.443359375 0.8037109375
3 0.0654296875 0.921875 0.0888671875 0.931640625 0.1298828125 0.939453125 0.1845703125 0.94140625 0.2314453125 0.935546875 0.2666015625 0.923828125 0.279296875 0.9130859375 0.2890625 0.8798828125 0.3037109375 0.87109375 0.314453125 0.8564453125 0.314453125 0.8408203125 0.30859375 0.8310546875 0.314453125 0.8193359375 0.3056640625 0.8125 0.2744140625 0.810546875 0.26953125 0.8056640625 0.259765625 0.7744140625 0.2392578125 0.755859375 0.2060546875 0.744140625 0.158203125 0.7412109375 0.1201171875 0.74609375 0.0888671875 0.759765625 0.076171875 0.7724609375 0.0625 0.8095703125 0.0361328125 0.822265625 0.021484375 0.8369140625 0.021484375 0.8603515625 0.046875 0.8818359375 0.0546875 0.9111328125 0.0654296875 0.921875
3 0.6904296875 0.533203125 0.681640625 0.5419921875 0.68359375 0.5537109375 0.7021484375 0.568359375 0.7314453125 0.580078125 0.7685546875 0.58984375 0.8115234375 0.587890625 0.8232421875 0.5859375 0.837890625 0.5771484375 0.83984375 0.5634765625 0.8291015625 0.55859375 0.9072265625 0.560546875 0.9287109375 0.556640625 0.9560546875 0.544921875 0.9921875 0.5205078125 0.982421875 0.5126953125 0.9765625 0.4931640625 0.9521484375 0.4765625 0.9365234375 0.453125 0.9033203125 0.4375 0.8671875 0.4365234375 0.8505859375 0.439453125 0.8310546875 0.44921875 0.8115234375 0.474609375 0.78515625 0.4931640625 0.7783203125 0.513671875 0.7626953125 0.5078125 0.7275390625 0.5078125 0.7158203125 0.51171875 0.6982421875 0.53125 0.6904296875 0.533203125
3 0.3515625 0.5791015625 0.3837890625 0.6015625 0.4013671875 0.60546875 0.4248046875 0.59375 0.5048828125 0.58203125 0.53125 0.5654296875 0.5380859375 0.546875 0.5595703125 0.546875 0.5771484375 0.5390625 0.625 0.4716796875 0.6416015625 0.462890625 0.6484375 0.4560546875 0.6484375 0.4501953125 0.6318359375 0.43359375 0.6103515625 0.419921875 0.5927734375 0.400390625 0.576171875 0.3974609375 0.5263671875 0.40234375 0.4599609375 0.41796875 0.423828125 0.4443359375 0.4189453125 0.462890625 0.3779296875 0.474609375 0.361328125 0.4990234375 0.3515625 0.5283203125 0.34765625 0.5498046875 0.34765625 0.5712890625 0.3515625 0.5791015625
3 0.169921875 0.6064453125 0.189453125 0.5888671875 0.228515625 0.5224609375 0.259765625 0.4580078125 0.263671875 0.4443359375 0.26171875 0.4306640625 0.24609375 0.4169921875 0.2353515625 0.3828125 0.1689453125 0.37890625 0.0966796875 0.36328125 0.060546875 0.3623046875 0.03515625 0.3994140625 0.03125 0.4326171875 0.044921875 0.5009765625 0.064453125 0.5634765625 0.083984375 0.6083984375 0.0947265625 0.619140625 0.1083984375 0.625 0.1533203125 0.625 0.1611328125 0.62109375 0.169921875 0.6064453125
3 0.9248046875 0.212890625 0.931640625 0.2080078125 0.947265625 0.1708984375 0.9541015625 0.169921875 0.9638671875 0.15625 0.982421875 0.1533203125 0.9794921875 0.146484375 0.9609375 0.1416015625 0.955078125 0.1005859375 0.9287109375 0.0859375 0.765625 0.0830078125 0.7294921875 0.083984375 0.720703125 0.0908203125 0.7099609375 0.115234375 0.6865234375 0.11328125 0.68359375 0.1162109375 0.70703125 0.1376953125 0.708984375 0.1826171875 0.71484375 0.1962890625 0.7255859375 0.203125 0.9248046875 0.212890625
3 0.6025390625 0.201171875 0.6328125 0.1962890625 0.6298828125 0.189453125 0.611328125 0.1845703125 0.59765625 0.1337890625 0.591796875 0.1279296875 0.58984375 0.1181640625 0.5791015625 0.109375 0.5263671875 0.103515625 0.447265625 0.1044921875 0.3994140625 0.111328125 0.3828125 0.1357421875 0.37109375 0.1826171875 0.3525390625 0.1875 0.349609375 0.1962890625 0.3759765625 0.19921875 0.3837890625 0.205078125 0.4443359375 0.20703125 0.5966796875 0.20703125 0.6025390625 0.201171875
3 0.1728515625 0.25 0.2763671875 0.19921875 0.314453125 0.1689453125 0.318359375 0.1611328125 0.31640625 0.1494140625 0.2412109375 0.080078125 0.2158203125 0.064453125 0.193359375 0.0654296875 0.1630859375 0.07421875 0.1279296875 0.095703125 0.1142578125 0.109375 0.0400390625 0.150390625 0.015625 0.1748046875 0.013671875 0.1943359375 0.1005859375 0.2578125 0.1142578125 0.263671875 0.1318359375 0.263671875 0.1728515625 0.25