3 0.1277105921875 1 0.4388111890625 0.8243007 0.31818181874999996 0.59353146875 0 0.7777419953125 0 0.8420667171874999 0.017482517187499998 0.85576923125 0.09965035 0.83129370625 0.12412587343749999 0.8977272734374999 0.052447553125000004 0.9466783218750001 0.0907297828125 1 0.1277105921875 1
3 0.43633646718749997 1 0.41783216718749994 0.7893356640625 0.008741259375000001 0.8540209796875 0.02563139375 1 0.43633646718749997 1
3 0.1734375 0.62265625 0.346875 0.253125
3 0.07167832187499999 0.378277971875 0.0891608390625 0.41105769218750005 0.09353146875 0.42635489531250004 0.10336538437500001 0.4361888109375 0.1230332171875 0.44055944062499997 0.1558129375 0.46241258749999997 0.177666084375 0.47115384687499995 0.2191870625 0.47333916093750006 0.23229895156249997 0.47770979062499996 0.23666957968750002 0.484265734375 0.2454108390625 0.48863636406250005 0.2672639859375 0.49300699375 0.2825611890625 0.490821678125 0.28693181874999996 0.49519230781249995 0.30659965 0.49519230781249995 0.308784965625 0.490821678125 0.3175262234375 0.490821678125 0.34375 0.497377621875 0.37215909062499997 0.4995629375 0.38090035 0.5039335671875 0.47049825156249997 0.5039335671875 0.47049825156249997 0.3050699296875 0.43334790156249997 0.309440559375 0.396197553125 0.3203671328125 0.3677884609375 0.3203671328125 0.31534090937500003 0.315996503125 0.2541520984375 0.2985139859375 0.1208479015625 0.3006993 0.07167832187499999 0.36298076875 0.07167832187499999 0.378277971875
3 0.090253496875 0.14554195781249998 0.06840035 0.1542832171875 0.060751748437499996 0.17504370625000001 0.060751748437499996 0.1859702796875 0.065122378125 0.2012674828125 0.086975525 0.2231206296875 0.10445804218750002 0.25590035 0.11429195781249998 0.26354895156249997 0.190777971875 0.26354895156249997 0.2148164328125 0.2701048953125 0.241040209375 0.2701048953125 0.2672639859375 0.28103146875 0.2956730765625 0.3006993 0.31534090937500003 0.302884615625 0.359047203125 0.315996503125 0.396197553125 0.31818181874999996 0.43553321718750004 0.30725524531250004 0.466127621875 0.302884615625 0.471590909375 0.297421328125 0.47049825156249997 0.1171328671875 0.4552010484375 0.114947553125 0.44208916093750006 0.11931818125 0.35467657343750003 0.13024475468750002 0.2454108390625 0.09746503437500001 0.22574300625000002 0.08653846093749999 0.177666084375 0.1127622375 0.10118007031250001 0.1368007 0.090253496875 0.14554195781249998
3 0 0 0 0.0050024703125 0.0924388109375 0.047202796875 0.1055507 0.051573426562500004 0.1383304203125 0.053758740625 0.1667395109375 0.06905594375 0.2082604890625 0.0821678328125 0.2301136359375 0.08435314687499999 0.2607080421875 0.09965035 0.35030594375 0.12805944062500002 0.3765297203125 0.12805944062500002 0.38745629375 0.12368881093749999 0.46175699375 0.114947553125 0.471590909375 0.109484265625 0.470856115625 0 0 0
3 1 0.5083041953125 0.69340035 0.5083041953125 0.6879370625 0.5137674828125001 0.6879370625 0.5334353140625 0.6835664328125 0.546547203125 0.65625 0.5738636359375 0.6278409093749999 0.5957167828125 0.6081730765625 0.60664335625 0.5316870625 0.6306818187500001 0.5240384609375 0.6361451046875 0.50655594375 0.671110140625 0.491258740625 0.6885926578125 0.4890734265625 0.7060751749999999 0.4759615390625 0.72574300625 0.4759615390625 0.741040209375 0.48142482500000006 0.7508741265625 0.49016608437500003 0.7508741265625 0.51201923125 0.739947553125 0.5207604890625 0.739947553125 0.540428321875 0.7574300703125 0.5950611890624999 0.7574300703125 0.6365821671874999 0.7508741265625 0.6606206296875 0.7421328671875 0.6824737765625 0.7421328671875 0.7261800703125 0.7290209796875 0.7436625875 0.7290209796875 0.752403846875 0.7421328671875 0.772071678125 0.7421328671875 0.80048076875 0.73120629375 0.8179632859374999 0.73120629375 0.8485576921875 0.7355769234375 0.8835227265625001 0.7508741265625 0.9141171328125001 0.753059440625 0.9425262234374999 0.7443181812499999 0.9862325171874999 0.7421328671875 1 0.7384615390625 1 0.5083041953125
3 1 0.7406545671875 0.9949737765625001 0.7421328671875 0.9403409093749999 0.7465034968750001 0.91193181875 0.7552447546875001 0.8944493 0.7552447546875001 0.8485576921875 0.7377622374999999 0.822333915625 0.7333916078125 0.7982954546875 0.7333916078125 0.7698863640625 0.7443181812499999 0.75021853125 0.7443181812499999 0.7414772734375 0.7355769234375 0.7381993 0.7432255249999999 0.746940559375 0.76289335625 0.7447552453124999 0.8197115390624999 0.728365384375 0.8361013984375001 0.6955856640625 0.853583915625 0.6671765734374999 0.8623251749999999 0.6343968531249999 0.8645104890624999 0.6333041953125 0.852491259375 0.6387674828125001 0.8513986015624999 0.646416084375 0.8415646859375 0.639860140625 0.8328234265625 0.646416084375 0.8306381125 0.6486013984375 0.8065996500000001 0.6573426578125 0.8022290203125 0.6551573421875 0.791302446875 0.666083915625 0.7847465031249999 0.666083915625 0.771634615625 0.672639859375 0.7694493 0.6781031468750001 0.7574300703125 0.68138111875 0.7585227265625 0.68138111875 0.74978146875 0.6759178328125001 0.7443181812499999 0.6540646859375 0.7465034968750001 0.61254370625 0.796765734375 0.590690559375 0.8033216781249999 0.57539335625 0.8120629375 0.5458916078125 0.8371940562500001 0.534965034375 0.8634178328125 0.53715035 0.909309440625 0.553540209375 0.9300699296875001 0.5710227265625 0.9409965031249999 0.621284965625 0.9606643359374999 0.6606206296875 0.9803321671875 0.69995629375 0.984702796875 0.7322503874999999 1 1 1 1 0.7406545671875
3 0.7625 0.365625 0.409375 0.253125
3 1 0.23181531562500002 0.916083915625 0.032342657812499995 0.5384615390625 0.18444055937499998 0.5541958046875 0.25611888125000004 0.6800699296875 0.2106643359375 0.7115384609375 0.303321678125 0.5979020984375001 0.34178321718750004 0.6328671328125 0.42569929999999995 1 0.2939924421875 1 0.23181531562500002
3 0.7703125 0.075 0.45 0.15