3 0.15 0.1875 0.10625 0.1234375 0.0453125 0.1671875 0.215625 0.46875 0.421875 0.3609375 0.2328125 0.034375 0.1875 0.0921875 0.209375 0.165625 0.15 0.1875
3 0.1890625 0.084375 0 0.10625 0.015625 0.4703125 0.246875 0.45 0.1890625 0.084375
3 0.39609375 0.1984375 0.2265625 0.375
3 0.669921875 0.3583984375 0.685546875 0.3037109375 0.68359375 0.1845703125 0.6279296875 0.140625 0.6142578125 0.140625 0.5849609375 0.15625 0.5712890625 0.16015625 0.5625 0.1689453125 0.55859375 0.1865234375 0.5390625 0.2158203125 0.53125 0.2353515625 0.529296875 0.2724609375 0.525390625 0.2841796875 0.51953125 0.2880859375 0.515625 0.2958984375 0.51171875 0.3154296875 0.513671875 0.3291015625 0.509765625 0.3330078125 0.509765625 0.3505859375 0.513671875 0.3525390625 0.513671875 0.3603515625 0.5078125 0.3837890625 0.505859375 0.4091796875 0.501953125 0.4169921875 0.501953125 0.4970703125 0.6796875 0.4970703125 0.67578125 0.4638671875 0.666015625 0.4306640625 0.666015625 0.4052734375 0.669921875 0.3583984375
3 0.865234375 0.2958984375 0.875 0.2783203125 0.8515625 0.2353515625 0.830078125 0.1669921875 0.822265625 0.1572265625 0.814453125 0.1376953125 0.7958984375 0.130859375 0.7861328125 0.130859375 0.7724609375 0.134765625 0.7529296875 0.154296875 0.7236328125 0.169921875 0.716796875 0.1787109375 0.716796875 0.2470703125 0.7109375 0.2685546875 0.7109375 0.2919921875 0.701171875 0.3154296875 0.68359375 0.3408203125 0.681640625 0.3583984375 0.669921875 0.3974609375 0.66796875 0.4306640625 0.677734375 0.4658203125 0.681640625 0.4931640625 0.6865234375 0.498046875 0.84765625 0.4970703125 0.849609375 0.4833984375 0.845703125 0.4716796875 0.8359375 0.3935546875 0.865234375 0.2958984375
3 1 0.0498046875 0.9775390625 0.048828125 0.9677734375 0.052734375 0.951171875 0.0693359375 0.91015625 0.1591796875 0.90625 0.1708984375 0.904296875 0.2001953125 0.890625 0.2255859375 0.87890625 0.2626953125 0.876953125 0.2822265625 0.86328125 0.3095703125 0.837890625 0.3896484375 0.837890625 0.4130859375 0.841796875 0.4228515625 0.849609375 0.4892578125 0.8544921875 0.498046875 1 0.4970703125 1 0.0498046875
3 0.4638671875 0.6875 0.439453125 0.6630859375 0.419921875 0.6376953125 0.41015625 0.6201171875 0.388671875 0.5517578125 0.3837890625 0.544921875 0.3525390625 0.529296875 0.3369140625 0.515625 0.3212890625 0.513671875 0.3037109375 0.501953125 0.2900390625 0.501953125 0.28125 0.5068359375 0.28125 0.5146484375 0.291015625 0.5341796875 0.291015625 0.5419921875 0.275390625 0.5595703125 0.275390625 0.6083984375 0.28125 0.6455078125 0.2890625 0.6669921875 0.2890625 0.6865234375 0.30078125 0.7255859375 0.30078125 0.7412109375 0.2890625 0.7490234375 0.2890625 0.7666015625 0.298828125 0.7919921875 0.298828125 0.8076171875 0.294921875 0.8349609375 0.28125 0.8662109375 0.279296875 0.8935546875 0.287109375 0.9189453125 0.2890625 0.9580078125 0.296875 0.9873046875 0.3037109375 1 0.498046875 0.9990234375 0.498046875 0.6962890625 0.4931640625 0.69140625 0.4755859375 0.69140625 0.4638671875 0.6875
3 0.27734375 0.8759765625 0.29296875 0.8349609375 0.296875 0.8115234375 0.296875 0.7900390625 0.287109375 0.7646484375 0.287109375 0.7470703125 0.294921875 0.7392578125 0.2880859375 0.736328125 0.2705078125 0.744140625 0.2197265625 0.7421875 0.205078125 0.7275390625 0.189453125 0.6982421875 0.181640625 0.6728515625 0.1796875 0.6435546875 0.1904296875 0.642578125 0.19140625 0.6474609375 0.2001953125 0.654296875 0.2080078125 0.6484375 0.2099609375 0.654296875 0.2314453125 0.65625 0.2353515625 0.6640625 0.2451171875 0.662109375 0.2509765625 0.671875 0.2626953125 0.671875 0.2646484375 0.677734375 0.275390625 0.6826171875 0.2744140625 0.685546875 0.2822265625 0.685546875 0.287109375 0.6806640625 0.28515625 0.6611328125 0.240234375 0.6240234375 0.234375 0.6044921875 0.2265625 0.5908203125 0.2041015625 0.564453125 0.1806640625 0.5546875 0.1396484375 0.556640625 0.12109375 0.5712890625 0.111328125 0.5869140625 0.09375 0.6318359375 0.076171875 0.6669921875 0.072265625 0.7021484375 0.0546875 0.7392578125 0.046875 0.7646484375 0.044921875 0.7841796875 0.03125 0.8134765625 0.005859375 0.8916015625 0.00390625 0.9052734375 0.017578125 0.9990234375 0.298828125 0.9990234375 0.2890625 0.9658203125 0.28515625 0.9169921875 0.27734375 0.8916015625 0.27734375 0.8759765625
3 0.62578125 0.7578125 0.2265625 0.365625
3 0.7640625 0.684375 0.68125 0.7125 0.646875 0.6109375 0.571875 0.6421875 0.696875 0.990625 0.9234375 0.8953125 0.7875 0.5578125 0.7234375 0.571875 0.7640625 0.684375
3 0.909375 0.76484375 0.18125 0.4015625