3 0.5802047781249999 0.6109215015625 0.7866894203125 0.9675767921875 0.8361774750000001 0.9044368593750001 0.8122866890625 0.8242320812499999 0.87713310625 0.800341296875 0.9249146749999999 0.8703071671875 0.9914675765625001 0.822525596875 0.8054607515625 0.4931740609375 0.5802047781249999 0.6109215015625
3 1 0.493566090625 0.7713310578125 0.5136518765625 0.8344709890625 0.9129692828125 1 0.893817165625 1 0.493566090625
3 0.60859375 0.78828125 0.2484375 0.409375
3 0.37009385625 0.8515358359375 0.40209044374999997 0.8344709890625 0.41702218437500005 0.8302047781249999 0.4266211609375 0.8206058015625001 0.43088737187500004 0.80140785 0.45221842968750003 0.7694112625 0.46075085312499997 0.7480802046874999 0.46288395937500004 0.7075511953125 0.4671501703125 0.694752559375 0.4735494875 0.6904863484375 0.4778157 0.681953925 0.48208191093749997 0.6606228671875 0.4799488046875 0.6456911265625 0.4842150171875 0.6414249140625 0.4842150171875 0.6222269625 0.4799488046875 0.62009385625 0.4799488046875 0.6115614328125 0.48634812343749995 0.5859641640625 0.48848122812500006 0.5582337890625 0.492747440625 0.549701365625 0.492747440625 0.4622440265625 0.2986348125 0.4622440265625 0.30290102343749997 0.4985068265625 0.313566553125 0.534769625 0.313566553125 0.5625 0.309300340625 0.6136945390624999 0.29223549531250004 0.6734215015625 0.2943686 0.80354095625 0.355162115625 0.8515358359375 0.37009385625 0.8515358359375
3 0.1429180890625 0.8334044374999999 0.1514505125 0.8547354953124999 0.17171501718749999 0.8622013656249999 0.1823805453125 0.8622013656249999 0.1973122859375 0.8579351531249999 0.2186433453125 0.8366040953124999 0.25063993125 0.8195392484375 0.2581058015625 0.8099402734375 0.2581058015625 0.7352815703125 0.26450511875 0.71181740625 0.26450511875 0.6862201359375 0.2751706484375 0.6606228671875 0.2943686 0.6328924921875 0.29650170625 0.6136945390624999 0.309300340625 0.5710324234375 0.311433446875 0.534769625 0.30076791875 0.49637372031250004 0.29650170625 0.4665102390625 0.2911689421875 0.46117747500000006 0.11518771406249999 0.4622440265625 0.11305460781250001 0.4771757671875 0.11732081875 0.489974403125 0.1279863484375 0.575298634375 0.0959897609375 0.681953925 0.0853242328125 0.7011518765625 0.1109215015625 0.7480802046874999 0.134385665625 0.8227389078125 0.1429180890625 0.8334044374999999
3 0 0.931527303125 0.00213310625 0.9293941984374999 0.046928328125 0.83127133125 0.0511945390625 0.818472696875 0.053327645312500005 0.786476109375 0.0682593859375 0.7587457343749999 0.0810580203125 0.7182167234375 0.0831911265625 0.696885665625 0.09812286718749999 0.667022184375 0.1258532421875 0.579564846875 0.1258532421875 0.5539675765625 0.12158703125 0.5433020484375 0.11305460781250001 0.47077644999999996 0.10772184375 0.46117747500000006 0 0.4619004390625 0 0.931527303125
3 0.4970136515625 0 0.4970136515625 0.2446672359375 0.502346415625 0.25 0.52154436875 0.25 0.5343430031249999 0.2542662109375 0.5610068265625 0.28093003437499997 0.582337884375 0.308660409375 0.5930034125 0.3278583625 0.6164675765625 0.402517065625 0.621800340625 0.409982934375 0.6559300343750001 0.42704778125000004 0.67299488125 0.441979521875 0.6900597265624999 0.44411262812499996 0.7092576796875 0.45691126249999997 0.7241894203125 0.45691126249999997 0.7337883953125 0.45157849843750003 0.7337883953125 0.443046075 0.7231228671875 0.4217150171875 0.7231228671875 0.41318259375000005 0.7401877140625001 0.3939846421875 0.7401877140625001 0.340656996875 0.7337883953125 0.3001279859375 0.7252559734374999 0.276663821875 0.7252559734374999 0.2553327640625 0.7124573375 0.2126706484375 0.7124573375 0.19560580156250001 0.7252559734374999 0.187073378125 0.7252559734374999 0.1678754265625 0.7145904437499999 0.14014505156249998 0.7145904437499999 0.1230802046875 0.7188566546875 0.09321672343750001 0.7337883953125 0.05908703125 0.7359215015625 0.029223549999999997 0.7273890781250001 0.0014931734375 0.7273144203124999 0 0.4970136515625 0
3 0.7292320812499999 0 0.729522184375 0.0036262796875 0.7380546078125 0.0313566546875 0.7380546078125 0.048421501562500004 0.7209897609375 0.09321672343750001 0.71672355 0.11881399374999999 0.71672355 0.14227815625 0.7273890781250001 0.1700085328125 0.7273890781250001 0.189206484375 0.7188566546875 0.1977389078125 0.7263225249999999 0.2009385671875 0.745520478125 0.19240614375 0.8009812281249999 0.19453924843749998 0.816979521875 0.21053754218749998 0.8340443687500001 0.24253412968750002 0.8425767921875 0.27026450468749996 0.844709896875 0.3022610921875 0.8329778156250001 0.3033276453125 0.8319112625 0.29799488125 0.8223122859374999 0.2905290109375 0.8137798640625 0.29692832812500003 0.8116467578125001 0.2905290109375 0.78818259375 0.2883959046875 0.7839163828125 0.27986348125 0.773250853125 0.2819965875 0.7668515359375 0.2713310578125 0.7540529015625 0.2713310578125 0.7519197953125001 0.26493174062499997 0.7401877140625001 0.25959897656250003 0.7412542656250001 0.2563993171875 0.73272184375 0.2563993171875 0.7273890781250001 0.26173208125 0.729522184375 0.28306314062500004 0.7785836171875 0.32359214999999997 0.784982934375 0.3449232078125 0.7935153578125 0.3598549484375 0.818046075 0.3886518765625 0.8436433453125 0.39931740625 0.8884385671875 0.3971843 0.908703071875 0.38118600625 0.9193686 0.3641211609375 0.938566553125 0.31505972656250003 0.9577645046875001 0.276663821875 0.9620307171875 0.23826791875 0.98122866875 0.1977389078125 0.9897610921875 0.1700085328125 0.9918941984374999 0.148677475 1 0.1313078984375 1 0 0.7292320812499999 0
3 0.35859375 0.1890625 0.2484375 0.378125
3 0.097325575 0 0.0324232078125 0.027303754687499997 0.18088737187499998 0.3959044375 0.2508532421875 0.380546075 0.2064846421875 0.25767918125 0.29692832812500003 0.22696245781250002 0.3344709890625 0.337883959375 0.416382253125 0.30375426562499996 0.3074121125 0 0.097325575 0
3 0.0734375 0.19453125 0.146875 0.3890625