3 0.2370215625 1 0.42449664374999996 0.69211409375 0.2046979859375 0.5478187921875 0.0067114093750000004 0.9001677859375 0.04865771875 0.9102349000000001 0.088926175 0.8984899328125 0.11073825468750001 0.8666107375 0.149328859375 0.8716442953125 0.1862416109375 0.89681208125 0.181208053125 0.9421140937500001 0.1526845640625 0.9991610734374999 0.1544065703125 1 0.2370215625 1
3 0 0.895134228125 0.0100671140625 0.8481543625000001 0.088926175 0.854865771875 0.0922818796875 0.9588926171875001 0.149328859375 0.96895973125 0.2181208046875 0.5947986578125 0 0.5557322453125 0 0.895134228125
3 0.38515625 0.81953125 0.2453125 0.3609375
3 1 0.8720113250000001 0.988464765625 0.8691275171875 0.9423238250000001 0.8670302015625 0.9234479859375 0.8607382546875 0.8961828859375001 0.8586409390625 0.8563338921874999 0.8733221468749999 0.8185822140625 0.8796140937500001 0.7640520140625 0.8670302015625 0.7535654359375 0.8796140937500001 0.74098154375 0.881711409375 0.70532718125 0.8712248328125 0.67386745 0.8712248328125 0.640310403125 0.8607382546875 0.609899328125 0.85759228125 0.56270973125 0.8565436234374999 0.5564177859375 0.8586409390625 0.5438338921875 0.8712248328125 0.533347315625 0.8712248328125 0.5060822140625 0.8607382546875 0.4987416109375 0.8701761749999999 0.4987416109375 0.8848573828124999 0.5113255031249999 0.899538590625 0.5113255031249999 0.9100251671875 0.51761745 0.9205117453125 0.5281040265625 0.930998321875 0.5364932890625 0.9477768453125 0.5501258390625 0.9614093953125 0.629823825 0.9844798656249999 0.6486996640625 0.9949664421875 0.6537332218749999 1 1 1 1 0.8720113250000001
3 1 0.6138003359375 0.928691275 0.6038171140624999 0.912961409375 0.604865771875 0.8668204703125 0.6174496640625 0.8206795296875 0.632130871875 0.8039010062499999 0.640520134375 0.7577600671875 0.6489093953125 0.7179110734374999 0.66568791875 0.67806208125 0.66988255 0.63401845625 0.6887583890625 0.5941694625 0.70134228125 0.569001678125 0.716023490625 0.555369128125 0.733850671875 0.5574664421875 0.7757969796874999 0.5637583890625 0.788380871875 0.5752936234375 0.7999161078125 0.608850671875 0.818791946875 0.627726509375 0.8229865765625 0.66967281875 0.8670302015625 0.69693791875 0.8670302015625 0.738884228125 0.877516778125 0.7441275171874999 0.8743708046875 0.7420302015625 0.872273490625 0.745176175 0.8691275171875 0.747273490625 0.8754194625 0.7535654359375 0.8754194625 0.7619546984375 0.8670302015625 0.77663590625 0.8670302015625 0.8080956374999999 0.877516778125 0.8248741609374999 0.877516778125 0.8521392625 0.8733221468749999 0.8940855703125001 0.8586409390625 0.915058725 0.8586409390625 0.9381291953125 0.8649328859375001 0.9926593953125 0.8691275171875 1 0.871445603125 1 0.6138003359375
3 1 0.5313099234374999 0.9748322140625 0.5304110734374999 0.8164849000000001 0.529362415625 0.7997063765625 0.533557046875 0.663380871875 0.529362415625 0.6434563765625 0.54509228125 0.6413590609375001 0.5660654359375 0.64765100625 0.58074664375 0.6528942953125 0.5838926171875001 0.7095218125 0.6069630874999999 0.7493708046875 0.6153523484375001 0.7934144296875 0.63842281875 0.8039010062499999 0.63842281875 0.8248741609374999 0.6279362421875 0.9234479859375 0.600671140625 1 0.6109762203125 1 0.5313099234374999
3 0 0.5279574 0.07822986562499999 0.5272650999999999 0.0929110734375 0.5188758390625 0.1054949671875 0.5209731546875 0.1621224828125 0.5167785234375 0.180998321875 0.5125838921875 0.1998741609375 0.502097315625 0.248112415625 0.49790268437499996 0.292156040625 0.4748322140625 0.3110318796875 0.47063758437500003 0.3225671140625 0.45910234843750003 0.3288590609375 0.442323825 0.3393456375 0.4276426171875 0.341442953125 0.412961409375 0.296350671875 0.359479865625 0.26384228125 0.3584312078125 0.1684144296875 0.35738254999999997 0.11178691249999999 0.3720637578125 0.07822986562499999 0.3720637578125 0.050964765625 0.37625838906250003 0 0.3679618 0 0.5279574
3 0 0.366938628125 0.0341862421875 0.3741610734375 0.050964765625 0.3741610734375 0.1285654359375 0.359479865625 0.176803690625 0.33431208125 0.20406879218750001 0.33431208125 0.23552852343750003 0.328020134375 0.290058725 0.33011745000000003 0.30683724843750004 0.32592281875 0.3288590609375 0.2934144296875 0.34773489999999996 0.27663590625 0.3498322140625 0.2514681203125 0.34563758437500003 0.24098154374999997 0.3089345640625 0.2231543625 0.2439177859375 0.20637583906249998 0.20092281875 0.1843540265625 0.189387584375 0.18330536875 0.1663171140625 0.193791946875 0.07403523437500001 0.21895973125 0 0.21073359374999998 0 0.366938628125
3 0 0 0 0.20898250312500002 0.0698406046875 0.21895973125 0.16002516718749998 0.193791946875 0.189387584375 0.181208053125 0.23552852343750003 0.17281879218750001 0.27537751718750003 0.15604026875000002 0.317323825 0.1518456375 0.41799496718749996 0.11199664375 0.43372483281249996 0.09836409375 0.4379194625 0.0899748328125 0.4379194625 0.052223154687499995 0.4316275171875 0.037541946874999996 0.4117030203125 0.019714765625 0.39282718125 0.0092281875 0.36346476562499996 0.0008389265625 0.3626258390625 0 0 0
3 0.9429530203125 0.09983221406250001 0.7046979859375 0.0008389265625 0.595637584375 0.381711409375 0.64765100625 0.39681208125 0.6879194625 0.2978187921875 0.770134228125 0.319630871875 0.7466442953125 0.4404362421875 0.791946309375 0.46057047031250004 0.9429530203125 0.09983221406250001
3 0.91875 0.24296875 0.1625 0.434375
3 0.62578125 0.2421875 0.228125 0.403125