3 0.20625 0.115625 0.2109375 0.1578125 0.1765625 0.18125 0.140625 0.1859375 0.1203125 0.15625 0.0828125 0.1453125 0.04375 0.1546875 0.228125 0.4828125 0.4328125 0.3484375 0.240625 0.0328125 0.1796875 0.0625 0.20625 0.115625
3 0 0.1984375 0.03125 0.4765625 0.240625 0.4390625 0.1765625 0.090625 0.1234375 0.1 0.1203125 0.196875 0.046875 0.203125 0.028125 0.115625 0 0.1078125 0 0.1984375
3 0.396875 0.20390625 0.228125 0.3890625
3 1 0.0009765625 0.6904296875 0 0.6875 0.0068359375 0.6875 0.0283203125 0.6630859375 0.052734375 0.6494140625 0.05859375 0.6416015625 0.06640625 0.6240234375 0.076171875 0.5498046875 0.09765625 0.537109375 0.1103515625 0.529296875 0.1259765625 0.51953125 0.1357421875 0.513671875 0.1455078125 0.513671875 0.1552734375 0.501953125 0.1689453125 0.501953125 0.1826171875 0.5087890625 0.19140625 0.5341796875 0.181640625 0.5439453125 0.181640625 0.5556640625 0.193359375 0.5615234375 0.1953125 0.60546875 0.1943359375 0.6337890625 0.19140625 0.6650390625 0.181640625 0.6943359375 0.181640625 0.7275390625 0.171875 0.7392578125 0.173828125 0.7490234375 0.185546875 0.7998046875 0.173828125 0.8349609375 0.1796875 0.8720703125 0.193359375 0.8974609375 0.19140625 0.9150390625 0.185546875 0.9580078125 0.18359375 0.9892578125 0.17578125 1 0.1689453125 1 0.0009765625
3 0.9111328125 0.1875 0.8896484375 0.193359375 0.8701171875 0.193359375 0.8310546875 0.1796875 0.8056640625 0.17578125 0.7900390625 0.17578125 0.7607421875 0.185546875 0.7470703125 0.185546875 0.7392578125 0.177734375 0.7333984375 0.177734375 0.7314453125 0.18359375 0.728515625 0.1806640625 0.73046875 0.1787109375 0.7255859375 0.17578125 0.6865234375 0.185546875 0.6611328125 0.185546875 0.6220703125 0.2265625 0.6044921875 0.23046875 0.5732421875 0.248046875 0.5625 0.2587890625 0.556640625 0.2705078125 0.5546875 0.3095703125 0.5673828125 0.326171875 0.5908203125 0.33984375 0.6279296875 0.3515625 0.6689453125 0.369140625 0.7060546875 0.373046875 0.7431640625 0.388671875 0.7861328125 0.396484375 0.8017578125 0.404296875 0.8447265625 0.41796875 0.8876953125 0.4296875 0.90234375 0.4306640625 1 0.4169921875 0.9990234375 0.171875 0.9619140625 0.18359375 0.9111328125 0.1875
3 0.8056640625 0.408203125 0.7861328125 0.3984375 0.7763671875 0.3984375 0.7353515625 0.419921875 0.6982421875 0.427734375 0.6455078125 0.44921875 0.640625 0.4521484375 0.634765625 0.4658203125 0.63671875 0.4853515625 0.6552734375 0.5 0.7822265625 0.49609375 0.7978515625 0.5 0.9453125 0.4990234375 1 0.4970703125 0.9990234375 0.419921875 0.8974609375 0.43359375 0.8056640625 0.408203125
3 0.34375 0.5810546875 0.337890625 0.5654296875 0.3271484375 0.5546875 0.3095703125 0.55078125 0.2685546875 0.529296875 0.2236328125 0.525390625 0.2060546875 0.515625 0.1884765625 0.51171875 0.1357421875 0.5078125 0.1240234375 0.509765625 0.1103515625 0.501953125 0 0.5009765625 0.0009765625 0.65625 0.0849609375 0.642578125 0.1103515625 0.646484375 0.1416015625 0.646484375 0.1943359375 0.66015625 0.283203125 0.6591796875 0.3134765625 0.658203125 0.35546875 0.6083984375 0.353515625 0.5947265625 0.34375 0.5810546875
3 0.36328125 0.7587890625 0.361328125 0.7353515625 0.34375 0.7197265625 0.3232421875 0.689453125 0.3076171875 0.685546875 0.2568359375 0.6875 0.2275390625 0.681640625 0.2021484375 0.681640625 0.1572265625 0.658203125 0.0849609375 0.64453125 0.0693359375 0.64453125 0 0.6591796875 0.0009765625 0.80078125 0.1064453125 0.7890625 0.1923828125 0.8125 0.2138671875 0.822265625 0.224609375 0.8212890625 0.2646484375 0.80078125 0.3251953125 0.78515625 0.359375 0.7685546875 0.36328125 0.7587890625
3 0.439453125 0.9580078125 0.4453125 0.9443359375 0.4453125 0.9091796875 0.44140625 0.9013671875 0.4267578125 0.888671875 0.3330078125 0.8515625 0.2939453125 0.84765625 0.2568359375 0.83203125 0.2138671875 0.82421875 0.1865234375 0.8125 0.1025390625 0.7890625 0 0.8037109375 0.0009765625 1 0.369140625 0.9990234375 0.3759765625 0.9921875 0.4033203125 0.984375 0.4208984375 0.974609375 0.439453125 0.9580078125
3 0.775 0.5640625 0.7328125 0.5828125 0.7546875 0.6953125 0.678125 0.715625 0.640625 0.6234375 0.5921875 0.6375 0.69375 0.9921875 0.915625 0.9 0.775 0.5640625
3 0.90859375 0.76640625 0.1828125 0.4046875
3 0.6203125 0.7671875 0.2125 0.375