3 0.8777256046874999 0 0.876079446875 0.013169257812499998 0.876079446875 0.026122625 0.88255613125 0.036917098437500004 0.8803972359375001 0.1016839375 0.891191709375 0.1211139890625 0.8933506046874999 0.13622625156249998 0.9019861828125 0.14702072500000002 0.9419257343749999 0.14810017343749998 0.957037996875 0.145941278125 0.9786269437499999 0.1373057 1 0.13819624375 1 0 0.8777256046874999 0
3 0.6590180109375 0 0.6558721937499999 0.011010362499999999 0.6601899828125 0.017487046875000002 0.662348878125 0.036917098437500004 0.6688255609375 0.05418825625 0.6688255609375 0.1103195171875 0.6731433499999999 0.1189550953125 0.6979706390625 0.1437823828125 0.7087651125 0.1416234890625 0.732512953125 0.145941278125 0.7800086359375 0.1437823828125 0.8091537140625 0.14702072500000002 0.815630396875 0.14486183125000002 0.8113126078124999 0.0887305703125 0.830742659375 0.064982728125 0.8350604484374999 0.049870465625 0.8350604484374999 0.019645940625 0.832037996875 0 0.6590180109375 0
3 0.5308721937499999 0 0.5241796203125 0.0066925734375 0.5263385140625 0.1664507765625 0.5468480140625 0.167530225 0.5662780656249999 0.16321243593749998 0.5835492234374999 0.15457685625 0.588946459375 0.1427029359375 0.5824697750000001 0.108160621875 0.5911053546875 0.08441278125 0.5954231437499999 0.05634715 0.58031088125 0.008851468749999999 0.579425734375 0 0.5308721937499999 0
3 0.4356649390625 0 0.4356649390625 0.0023747843750000002 0.43134715 0.008851468749999999 0.43782383437499994 0.019645940625 0.43998272812500006 0.0433937828125 0.4464594125 0.0585060453125 0.44430051875 0.0973661484375 0.4486183078125 0.11679619999999999 0.45725388593750005 0.12327288437499999 0.462651121875 0.1351468046875 0.475604490625 0.1437823828125 0.4928756484375 0.1416234890625 0.5155440421875 0.14486183125000002 0.5241796203125 0.1427029359375 0.5241796203125 0.008851468749999999 0.530502096875 0 0.4356649390625 0
3 0.2363989640625 0 0.23488773749999997 0.0023747843750000002 0.228411053125 0.026122625 0.2219343703125 0.0606649390625 0.22409326406250002 0.153497409375 0.2316493953125 0.16321243593749998 0.251079446875 0.161053540625 0.288860103125 0.1642918828125 0.33095854999999996 0.16537132968749998 0.3590241796875 0.15457685625 0.36442141562499997 0.14702072500000002 0.3601036265625 0.1060017265625 0.3708981 0.0714594125 0.3708981 0.047711571875 0.3557858375 0.0023747843750000002 0.3556374140625 0 0.2363989640625 0
3 0 0 0 0.14023562812499998 0.0049654578125 0.1437823828125 0.01575993125 0.13946459375 0.0654145078125 0.1373057 0.08916234843750001 0.145941278125 0.1247841109375 0.14702072500000002 0.13665803125 0.14810017343749998 0.1420552671875 0.14486183125000002 0.159326425 0.1060017265625 0.159326425 0.036917098437500004 0.16364421406250002 0.028281520312500003 0.16364421406250002 0.008851468749999999 0.1612301765625 0 0 0
3 1 0.232512953125 0.9980569953125 0.2344559578125 0.9807858375 0.2322970640625 0.9678324703125 0.24956822031249998 0.964594128125 0.2484887734375 0.957037996875 0.2236614859375 0.9311312609375 0.2193436953125 0.9257340234375 0.2247409328125 0.906303971875 0.3218911921875 0.8868739203124999 0.3607512953125 0.8803972359375001 0.3909758203125 0.8847150265625 0.41472366093749996 0.8944300515625001 0.4222797921875 0.9289723656250001 0.430915371875 0.9484024171875 0.4417098453125 0.964594128125 0.4449481859375 0.9980569953125 0.44602763437500004 1 0.44505613125 1 0.232512953125
3 0.67098445625 0.40177029375 0.67098445625 0.41688255625000004 0.677461140625 0.4276770296875 0.677461140625 0.438471503125 0.7130829015625 0.43739205468750003 0.7368307421875 0.430915371875 0.7864853187499999 0.4352331609375 0.79404145 0.4298359234375 0.8113126078124999 0.3996113984375 0.8134715031249999 0.3370034546875 0.8415371328125 0.272236615625 0.8393782390625001 0.25064766875 0.8339810015625 0.236614853125 0.823186528125 0.23013816875 0.7972797921875 0.2322970640625 0.7821675296875 0.2430915375 0.7692141625 0.2582038 0.7497841109375 0.2646804828125 0.7497841109375 0.2733160625 0.7454663218750001 0.2733160625 0.7368307421875 0.2646804828125 0.730354059375 0.2646804828125 0.6914939546875 0.23013816875 0.6828583765625 0.22797927499999998 0.6699050093750001 0.2322970640625 0.662348878125 0.2398531953125 0.6450777203125 0.2916666671875 0.6450777203125 0.3132556125 0.6515544046875 0.3585924 0.662348878125 0.388816925 0.67098445625 0.40177029375
3 0.551165803125 0.21718480156250003 0.5295768562500001 0.22150259062500002 0.5241796203125 0.23553540625 0.5263385140625 0.44063039687499994 0.5317357515625 0.4417098453125 0.5533246984375 0.430915371875 0.5857081171875 0.4244386875 0.5943436953125001 0.42012089843749995 0.604058721875 0.40824697812500005 0.604058721875 0.378022453125 0.5975820374999999 0.3542746109375 0.58031088125 0.3218911921875 0.56519861875 0.244170984375 0.5608808296875 0.23769429999999997 0.5587219343750001 0.2225820375 0.551165803125 0.21718480156250003
3 0.4486183078125 0.4039291875 0.4486183078125 0.41904145000000004 0.455094990625 0.4276770296875 0.455094990625 0.43631260781250003 0.49503454218750004 0.4352331609375 0.5241796203125 0.425518134375 0.5241796203125 0.2787132984375 0.47344559531249997 0.2322970640625 0.4648100171875 0.22797927499999998 0.44969775468749995 0.23013816875 0.43782383437499994 0.2398531953125 0.422711571875 0.2851899828125 0.424870465625 0.34563903281249997 0.43782383437499994 0.38449913593749996 0.4486183078125 0.4039291875
3 0.2370466328125 0.41472366093749996 0.241364421875 0.425518134375 0.2532383421875 0.43739205468750003 0.26511226250000003 0.4427892921875 0.3050518140625 0.4417098453125 0.33095854999999996 0.42875647656250004 0.356865284375 0.4244386875 0.371977546875 0.417962003125 0.379533678125 0.410405871875 0.38169257343749996 0.3823402421875 0.3730569953125 0.349956821875 0.3557858375 0.319732296875 0.34283247031249997 0.2614421421875 0.34283247031249997 0.24632987968750003 0.334196890625 0.22042314375 0.33095854999999996 0.21718480156250003 0.3201640765625 0.21718480156250003 0.3050518140625 0.22150259062500002 0.296416234375 0.24956822031249998 0.2834628671875 0.2322970640625 0.26619170937500003 0.2344559578125 0.25755613125 0.24525043124999998 0.2543177890625 0.23553540625 0.2607944734375 0.213946459375 0.251079446875 0.206390328125 0.233808290625 0.20423143281249997 0.23056994843749998 0.207469775 0.22625215937499998 0.2312176171875 0.219775475 0.380181346875 0.22409326406250002 0.3996113984375 0.2370466328125 0.41472366093749996
3 0 0.4078151984375 0.0038860109375 0.42335924062499997 0.0114421421875 0.4352331609375 0.0492227984375 0.43631260781250003 0.11722797968750001 0.43739205468750003 0.135578584375 0.43415371406250003 0.13341968906249999 0.410405871875 0.1398963734375 0.395293609375 0.1420552671875 0.365069084375 0.14853195156250001 0.34563903281249997 0.152849740625 0.289507771875 0.152849740625 0.2700777203125 0.1420552671875 0.23553540625 0.14421416250000002 0.20962867031250002 0.13665803125 0.20423143281249997 0.128022453125 0.20423143281249997 0.12262521562499999 0.20962867031250002 0.11614853124999999 0.23553540625 0.11398963749999999 0.2636010359375 0.11075129531250001 0.26683937812499997 0.08484455937499999 0.2646804828125 0.069732296875 0.2689982734375 0.0416666671875 0.2689982734375 0.038428325 0.26575993124999997 0.038428325 0.2528065625 0.031951640625 0.2312176171875 0.018998273437499998 0.20962867031250002 0.01575993125 0.206390328125 0.007124351562500001 0.206390328125 0 0.21351468125 0 0.222150259375 0.0017271156249999999 0.2549654578125 0 0.2578439828125 0 0.4078151984375
3 1 0.55569948125 0.9969775468750001 0.5420984453125001 0.981865284375 0.5161917093749999 0.9753886015625 0.49244386875 0.9635146812500001 0.48704663281249994 0.9559585500000001 0.4902849734375 0.9473229703125 0.5097150265625 0.94300518125 0.5399395515625 0.9397668390625 0.5431778921875 0.898747840625 0.5431778921875 0.8793177890624999 0.5474956828125 0.868523315625 0.5474956828125 0.851252159375 0.5345423140625 0.8415371328125 0.5205094984375 0.83721934375 0.5032383421875 0.823186528125 0.49784110468750004 0.8177892921875 0.5032383421875 0.8177892921875 0.5161917093749999 0.8264248703125 0.5420984453125001 0.8264248703125 0.5550518140625 0.8221070812500001 0.5615284968750001 0.8285837656249999 0.5723229703125 0.830742659375 0.5960708125 0.83721934375 0.611183075 0.8350604484374999 0.652202071875 0.8393782390625001 0.667314334375 0.8501727109375 0.6781088078125 0.8501727109375 0.682426596875 0.866364421875 0.69430051875 0.8793177890624999 0.6921416234375 0.9160189984375 0.6964594125 0.9311312609375 0.6921416234375 0.9484024171875 0.6964594125 0.9753886015625 0.697538859375 0.981865284375 0.697538859375 0.9840241796875 0.68890328125 0.9797063906249999 0.67379101875 0.9775474953125001 0.6414076 0.9969775468750001 0.6176597578125 1 0.6085924 1 0.55569948125
3 0.6170120890625 0.7083333328125 0.6224093265625 0.7137305703125 0.6763816921875 0.7137305703125 0.6968911921875 0.7169689124999999 0.7130829015625 0.718048359375 0.732512953125 0.7137305703125 0.7476252156250001 0.7072538859375 0.7551813468749999 0.697538859375 0.7508635578125 0.6565198624999999 0.7594991359375001 0.634930915625 0.76165803125 0.6003886015625 0.74654576875 0.55289291875 0.74654576875 0.5356217609375 0.7346718484375 0.4719343703125 0.715241796875 0.4740932640625 0.707685665625 0.48164939531249995 0.7184801375000001 0.5248272890625 0.7184801375000001 0.53778065625 0.715241796875 0.5410189984375 0.6893350609375 0.538860103125 0.6763816921875 0.5453367874999999 0.6731433499999999 0.544257340625 0.6731433499999999 0.531303971875 0.679620034375 0.49460276406250003 0.6839378234375 0.4902849734375 0.6839378234375 0.4794905015625 0.66558721875 0.4719343703125 0.6580310875000001 0.4751727109375 0.642918825 0.514032815625 0.6407599312500001 0.531303971875 0.6234887734375001 0.5615284968750001 0.6126943 0.6155008640624999 0.6126943 0.67379101875 0.6170120890625 0.7083333328125
3 0 0.565813071875 0.0125215890625 0.5744818656249999 0.16688255624999998 0.5755613125 0.26619170937500003 0.566925734375 0.39356649374999997 0.566925734375 0.4108376515625 0.5626079453124999 0.4648100171875 0.56044905 0.468048359375 0.55289291875 0.45941278125 0.52266839375 0.455094990625 0.4881260796875 0.4464594125 0.470854921875 0.4464594125 0.4643782390625 0.43890328125 0.4589810015625 0.248920553125 0.4589810015625 0.25647668437500004 0.46221934375 0.175518134375 0.478411053125 0.1409758203125 0.4805699484375 0.10427461093749998 0.48920552656250005 0.09132124375 0.48920552656250005 0 0.507469775 0 0.565813071875
3 0 0.509904746875 0.067573403125 0.49352331562499996 0.203583765625 0.4719343703125 0.220854921875 0.4719343703125 0.2294905015625 0.4676165796875 0.280224525 0.46006044843750005 0.2769861828125 0.4568221078125 0.05030224531250001 0.4568221078125 0 0.477781375 0 0.509904746875
3 0.3967766765625 1 0.40544041406250003 0.9846718484375 0.422711571875 0.967400690625 0.45293609687499997 0.9263816921875 0.45941278125 0.9112694296875 0.44537996562500004 0.897236615625 0.421632125 0.884283246875 0.4108376515625 0.8713298796875 0.3914076 0.8626943 0.37845423125 0.8626943 0.369818653125 0.854058721875 0.3460708125 0.8497409328125001 0.3050518140625 0.83031088125 0.2597150265625 0.81519861875 0.251079446875 0.8087219343750001 0.19494818593750002 0.7871329874999999 0.18199481875 0.778497409375 0.1409758203125 0.7633851468749999 0.112910190625 0.7482728843750001 0 0.7031088078125001 0 0.748371015625 0.009283246875 0.7525906734375 0.029792746874999998 0.770941278125 0.0211571671875 0.8119602765625 0 0.8408109593749999 0 1 0.3967766765625 1
3 0 0.7023108578125 0.1409758203125 0.7590673578125 0.1647236609375 0.7655440421875 0.2079015546875 0.7871329874999999 0.2532383421875 0.8000863562499999 0.2618739203125 0.8065630390624999 0.30721070781250004 0.8238341968749999 0.33095854999999996 0.8367875640625 0.369818653125 0.8497409328125001 0.3806131265625 0.8626943 0.40004317812499995 0.8626943 0.4108376515625 0.8670120890625 0.42810880781250005 0.8864421421875001 0.455094990625 0.9004749562500001 0.4583333328125 0.9015544046875 0.46157167499999996 0.8961571671874999 0.4637305703125 0.8594559578125001 0.48316062187500003 0.8357081171875 0.4961139890625 0.80980138125 0.4961139890625 0.8011658031250001 0.4928756484375 0.7979274609375 0.44537996562500004 0.778497409375 0.3223229703125 0.7417962 0.248920553125 0.7158894640625 0.1409758203125 0.6878238343749999 0.078367875 0.6662348875 0.04598445625 0.6619170984375 0.0287132984375 0.6554404140625001 0.01575993125 0.642487046875 0.009283246875 0.6403281515625 0 0.640062915625 0 0.7023108578125
3 0.097797928125 0.6705526765625 0.130181346875 0.6835060453125 0.2597150265625 0.718048359375 0.468048359375 0.786053540625 0.4799222796875 0.7871329874999999 0.4874784109375 0.7817357515625 0.48963730625 0.755829015625 0.4961139890625 0.740716753125 0.4939550953125 0.70401554375 0.48963730625 0.697538859375 0.4874784109375 0.680267703125 0.47776338437500004 0.6727115718750001 0.40867875624999994 0.66407599375 0.311528496875 0.659758203125 0.233808290625 0.651122625 0.20142487031249998 0.651122625 0.0740500859375 0.6403281515625 0.024395509375 0.6403281515625 0.014680482812500001 0.6435664937500001 0.0200777203125 0.651122625 0.037348878125 0.659758203125 0.0740500859375 0.66407599375 0.097797928125 0.6705526765625
3 0 0.6301525625 0.009283246875 0.6295336781249999 0.069732296875 0.6403281515625 0.24676165781249998 0.651122625 0.2985751296875 0.657599309375 0.371977546875 0.659758203125 0.462651121875 0.6683937828125 0.48100172656250006 0.67379101875 0.4874784109375 0.671632125 0.48963730625 0.6629965453125 0.48963730625 0.6262953375 0.4853195171875 0.5939119171875 0.4874784109375 0.56800518125 0.482081175 0.56044905 0.447538859375 0.56044905 0.3978842828125 0.566925734375 0.2294905015625 0.5690846281249999 0.1798359234375 0.5755613125 0.0028065625 0.5755613125 0 0.576238759375 0 0.6301525625
3 0.6170120890625 0.952288428125 0.6278065625 0.9630829015625 0.6364421421875 0.980354059375 0.6537132984375 0.99114853125 0.6893350609375 0.9922279796875 0.7066062171875 0.987910190625 0.7195595859374999 0.9792746109375001 0.7648963734375 0.9663212437500001 0.7724525046874999 0.950129534375 0.7724525046874999 0.9306994812499999 0.7659758203125 0.904792746875 0.74654576875 0.8680915375 0.7335924 0.80980138125 0.7335924 0.7968480140625 0.724956821875 0.7795768562500001 0.724956821875 0.770941278125 0.7217184796875 0.7677029359375 0.700129534375 0.76986183125 0.692573403125 0.7774179625000001 0.6882556125 0.7968480140625 0.685017271875 0.7979274609375 0.6763816921875 0.7828151984375 0.654792746875 0.7828151984375 0.6515544046875 0.7795768562500001 0.6515544046875 0.76446459375 0.6483160625 0.7612262515625 0.641839378125 0.7569084625 0.6267271156249999 0.75474956875 0.6213298796875 0.7601468046875001 0.6170120890625 0.7817357515625 0.61053540625 0.9306994812499999 0.6170120890625 0.952288428125
3 1 0.7887401656249999 0.9958981 0.7828151984375 0.9613557859374999 0.7828151984375 0.9376079453124999 0.8065630390624999 0.9117012093750001 0.81519861875 0.8965889468749999 0.8130397234375 0.8577288421875 0.778497409375 0.8404576859375 0.7806563046874999 0.830742659375 0.7882124359375 0.8134715031249999 0.8378670125 0.8134715031249999 0.876727115625 0.8199481859375 0.9112694296875 0.8393782390625001 0.950129534375 0.8393782390625001 0.967400690625 0.8458549218750001 0.9781951640625 0.8458549218750001 0.9846718484375 0.8501727109375 0.9868307421875 0.8901122625 0.9835924 0.9117012093750001 0.9771157171875 0.926813471875 0.9814335062499999 0.957037996875 0.9814335062499999 0.9624352328124999 0.97603626875 0.9775474953125001 0.950129534375 0.981865284375 0.8832038000000001 1 0.8408894640625 1 0.7887401656249999