3 0.07262435625 0 0.0660377359375 0.027444253125 0.07804459687500001 0.06861063437500001 0.1106346484375 0.090909090625 0.10548885 0.13036020625 0.0797598625 0.1680960546875 0.033447684374999995 0.1629502578125 0 0.146226415625 0 0.2356749828125 0.2890222984375 0.4116638078125 0.43653516249999996 0.1869639796875 0.10380265625 0 0.07262435625 0
3 0.12848071249999998 0 0.122641509375 0.06861063437500001 0.016295024999999998 0.072041165625 0.00600343125 0.13036020625 0.38850771875 0.20068610625 0.42445149843749996 0 0.12848071249999998 0
3 0.171875 0.371875 0.34375 0.25
3 0.1051136359375 1 0.10806175 0.9882075468749999 0.11020583125000001 0.9410377359375 0.116638078125 0.9217409953125 0.1187821609375 0.893867925 0.10377358437499999 0.8531303609374999 0.0973413375 0.814536878125 0.11020583125000001 0.7587907375 0.0973413375 0.7480703265625 0.09519725625 0.7352058312499999 0.1059176671875 0.6987564328125 0.1059176671875 0.666595196875 0.116638078125 0.6322898796875001 0.11985420312499999 0.6012006859375 0.12092624375000001 0.552958834375 0.1187821609375 0.5465265859375 0.1059176671875 0.5336620921875 0.1059176671875 0.5229416812500001 0.116638078125 0.4950686109375 0.10698970781249999 0.487564321875 0.0919811328125 0.487564321875 0.07697255625 0.5004288171875 0.06625214375 0.5004288171875 0.0555317328125 0.5068610640625 0.0448113203125 0.517581475 0.027658662499999997 0.5261578046875 0.0137221265625 0.5400943390624999 0 0.58749805 0 1 0.1051136359375 1
3 0.3690823328125 1 0.3792881640625 0.9271012000000001 0.3782161234375 0.9110205828125 0.3653516296875 0.863850771875 0.35034305312499997 0.8166809609374999 0.34176672343750003 0.7995283015625 0.33319039375 0.752358490625 0.3160377359375 0.7116209265625 0.31174957187499996 0.6708833624999999 0.2924528296875 0.6258576328125 0.2795883359375 0.58512006875 0.264579759375 0.55939108125 0.246355059375 0.5454545453125 0.2034734140625 0.547598628125 0.19060891875 0.554030875 0.1788164671875 0.565823328125 0.159519725 0.6001286453125 0.15523156093749998 0.6194253859375001 0.11020583125000001 0.6623070328125 0.11020583125000001 0.690180103125 0.09948542031249999 0.73306175 0.10270154375 0.7384219546875 0.1048456265625 0.7362778734375001 0.10806175 0.7394939968750001 0.101629503125 0.741638078125 0.101629503125 0.7480703265625 0.11020583125000001 0.7566466546874999 0.11020583125000001 0.77165523125 0.09948542031249999 0.8038164671875 0.09948542031249999 0.8209691250000001 0.10377358437499999 0.8488421953125 0.1187821609375 0.8917238421875 0.1187821609375 0.913164665625 0.11234991406249999 0.936749571875 0.10806175 0.9924957125 0.10569197500000001 1 0.3690823328125 1
3 0.45341215312500005 1 0.454331046875 0.9742710125 0.45540308749999997 0.8123927953125 0.4511149234375 0.7952401375 0.45540308749999997 0.6558747859375 0.4393224703125 0.6355060031249999 0.417881646875 0.633361921875 0.4028730703125 0.6397941687500001 0.39965694687500003 0.6451543734375 0.376072040625 0.703044596875 0.3674957125 0.7437821609374999 0.34391080625 0.788807890625 0.34391080625 0.7995283015625 0.3546312171875 0.8209691250000001 0.3825042875 0.9217409953125 0.371969421875 1 0.45341215312500005 1
3 0.45703676406250004 0 0.45754717031250003 0.0576758140625 0.46612349843749995 0.072684390625 0.46397941718749997 0.085548884375 0.46826758125 0.1434391078125 0.472555746875 0.1627358484375 0.4832761578125 0.182032590625 0.487564321875 0.231346484375 0.5111492281250001 0.2763722125 0.5154373921875 0.29566895312499997 0.5272298453125 0.30746140624999996 0.5443825046875 0.313893653125 0.55939108125 0.324614065625 0.57439965625 0.326758146875 0.6290737562500001 0.280660378125 0.630145796875 0.24742710156249997 0.6312178390625001 0.14987135468749999 0.6162092625 0.0919811328125 0.6162092625 0.0576758140625 0.6119210984375 0.02980274375 0.6167727078125 0 0.45703676406250004 0
3 0.6167377328125 0 0.6140651796875 0.0126500859375 0.6140651796875 0.02980274375 0.6290737562500001 0.10913379062499999 0.65480274375 0.158447684375 0.65480274375 0.1863207546875 0.6612349921875 0.2184819890625 0.6590909093749999 0.2742281296875 0.6633790734375 0.2913807890625 0.69661235 0.313893653125 0.7137650078125 0.33319039375 0.7394939968750001 0.33533447656250004 0.7502144078125 0.3310463125 0.7684391078125 0.293524871875 0.7855917671875 0.22705831875000002 0.80810463125 0.18310463125 0.809176671875 0.171312178125 0.7984562609375 0.1477272734375 0.7727272734375 0.053387649999999995 0.778659234375 0 0.6167377328125 0
3 0.779741484375 0 0.7727272734375 0.0490994859375 0.7984562609375 0.141295025 0.8113207546875 0.171312178125 0.8198970843750001 0.2184819890625 0.8370497421875 0.2592195546875 0.8413379078125001 0.30210119999999996 0.8820754718750001 0.40501715312500003 0.89601200625 0.42109777031249995 0.9045883359375001 0.42538593437500005 0.94318181875 0.42538593437500005 0.95819039375 0.4189536875 0.97641509375 0.39858490625 0.9871355062499999 0.3792881640625 0.9957118359375 0.3492710125 1 0.34498284687499997 1 0 0.779741484375 0
3 0.8945111499999999 0.9416809609374999 0.9957118359375 0.6981132078125001 0.606346484375 0.5866209265625 0.5909090906250001 0.6397941687500001 0.6921097765625001 0.6809605484375 0.6698113203125 0.7650085765625 0.546312178125 0.7409948546875 0.5257289875 0.7873070328125 0.8945111499999999 0.9416809609374999
3 0.746875 0.91640625 0.44375 0.1671875
3 0.7484375 0.6171875 0.4125 0.234375